atom,serial,name,resname,resid,x,y,z,charges,radius,sasa
ATOM,1.0,N,GLY,-2,7.018,72.119,52.826,-0.3,1.85,10.01
ATOM,2.0,CA,GLY,-2,6.729,71.453,54.08,0.13,2.175,10.51
ATOM,3.0,C,GLY,-2,7.456,72.145,55.206,0.51,2.0,0.63
ATOM,4.0,O,GLY,-2,7.865,73.303,55.063,-0.51,1.7,7.54
ATOM,5.0,H,GLY,-2,8.003,72.091,52.636,0.33,0.2245,1.28
ATOM,6.0,HA2,GLY,-2,5.74,71.476,54.253,0.09,1.32,11.9
ATOM,7.0,HA3,GLY,-2,7.024,70.494,54.028,0.09,1.32,0.0
ATOM,8.0,H2,GLY,-2,6.533,71.667,52.072,0.33,0.2245,13.7
ATOM,9.0,H3,GLY,-2,6.726,73.079,52.866,0.33,0.2245,15.37
ATOM,10.0,N,ASN,-1,7.676,71.402,56.297,-0.47,1.85,1.61
ATOM,11.0,CA,ASN,-1,8.335,72.013,57.422,0.07,2.275,0.9
ATOM,12.0,C,ASN,-1,9.537,71.383,58.066,0.51,2.0,0.87
ATOM,13.0,O,ASN,-1,10.172,72.031,58.875,-0.51,1.7,9.63
ATOM,14.0,CB,ASN,-1,7.452,72.786,58.39,-0.18,2.175,20.72
ATOM,15.0,CG,ASN,-1,7.925,74.232,58.471,0.55,2.0,2.48
ATOM,16.0,H,ASN,-1,7.353,70.437,56.249,0.31,0.2245,6.84
ATOM,17.0,HA,ASN,-1,8.635,72.971,57.104,0.09,1.32,0.0
ATOM,18.0,HB2,ASN,-1,6.527,72.778,58.055,0.09,1.32,8.33
ATOM,19.0,HB3,ASN,-1,7.528,72.382,59.284,0.09,1.32,9.47
ATOM,20.0,OD1,ASN,-1,7.186,75.204,58.143,-0.55,1.7,32.65
ATOM,21.0,ND2,ASN,-1,9.198,74.385,58.867,-0.62,1.85,11.69
ATOM,22.0,HD22,ASN,-1,9.763,73.597,59.077,0.3,0.2245,1.12
ATOM,23.0,HD21,ASN,-1,9.578,75.311,58.949,0.32,0.2245,0.56
ATOM,24.0,N,THR,0,9.884,70.165,57.694,-0.47,1.85,2.26
ATOM,25.0,CA,THR,0,11.074,69.557,58.257,0.07,2.275,0.59
ATOM,26.0,C,THR,0,12.338,70.239,57.737,0.51,2.0,0.0
ATOM,27.0,O,THR,0,12.377,70.9,56.691,-0.51,1.7,0.0
ATOM,28.0,CB,THR,0,11.224,68.072,57.878,0.14,2.275,0.0
ATOM,29.0,OG1,THR,0,10.643,67.911,56.611,-0.66,1.77,0.0
ATOM,30.0,CG2,THR,0,10.585,67.105,58.865,-0.27,2.06,32.42
ATOM,31.0,H,THR,0,9.269,69.712,57.008,0.31,0.2245,0.32
ATOM,32.0,HA,THR,0,11.05,69.664,59.259,0.09,1.32,4.46
ATOM,33.0,HB,THR,0,12.212,67.854,57.821,0.09,1.32,0.0
ATOM,34.0,HG21,THR,0,10.701,67.448,59.8,0.09,1.32,8.79
ATOM,35.0,HG22,THR,0,9.606,67.015,58.667,0.09,1.32,7.28
ATOM,36.0,HG23,THR,0,11.02,66.205,58.788,0.09,1.32,4.6
ATOM,37.0,HG1,THR,0,10.156,68.749,56.324,0.43,0.2245,0.0
ATOM,38.0,N,THR,1,13.348,70.049,58.566,-0.47,1.85,0.09
ATOM,39.0,CA,THR,1,14.727,70.371,58.362,0.07,2.275,0.0
ATOM,40.0,C,THR,1,15.379,69.199,59.049,0.51,2.0,0.0
ATOM,41.0,O,THR,1,14.886,68.748,60.091,-0.51,1.7,15.85
ATOM,42.0,CB,THR,1,15.192,71.649,59.04,0.14,2.275,5.02
ATOM,43.0,OG1,THR,1,15.262,72.67,58.085,-0.66,1.77,2.28
ATOM,44.0,CG2,THR,1,16.564,71.39,59.63,-0.27,2.06,17.13
ATOM,45.0,H,THR,1,13.014,69.588,59.495,0.31,0.2245,3.98
ATOM,46.0,HA,THR,1,14.935,70.33,57.413,0.09,1.32,0.0
ATOM,47.0,HB,THR,1,14.507,71.912,59.754,0.09,1.32,9.45
ATOM,48.0,HG21,THR,1,16.942,72.241,60.005,0.09,1.32,9.9
ATOM,49.0,HG22,THR,1,16.498,70.71,60.366,0.09,1.32,4.12
ATOM,50.0,HG23,THR,1,17.183,71.043,58.92,0.09,1.32,0.0
ATOM,51.0,HG1,THR,1,16.15,73.152,58.128,0.43,0.2245,5.95
ATOM,52.0,N,SER,2,16.401,68.637,58.471,-0.47,1.85,0.0
ATOM,53.0,CA,SER,2,16.951,67.506,59.134,0.07,2.275,0.27
ATOM,54.0,C,SER,2,18.423,67.534,58.88,0.51,2.0,0.0
ATOM,55.0,O,SER,2,18.861,68.205,57.967,-0.51,1.7,0.0
ATOM,56.0,CB,SER,2,16.192,66.237,58.743,0.05,2.175,1.68
ATOM,57.0,OG,SER,2,17.015,65.289,58.107,-0.66,1.77,0.0
ATOM,58.0,H,SER,2,16.727,69.039,57.602,0.31,0.2245,0.0
ATOM,59.0,HA,SER,2,16.802,67.603,60.116,0.09,1.32,4.93
ATOM,60.0,HB2,SER,2,15.803,65.83,59.573,0.09,1.32,6.11
ATOM,61.0,HB3,SER,2,15.445,66.491,58.123,0.09,1.32,0.0
ATOM,62.0,HG,SER,2,16.994,64.427,58.616,0.43,0.2245,0.0
ATOM,63.0,N,SER,3,19.207,66.974,59.771,-0.47,1.85,0.37
ATOM,64.0,CA,SER,3,20.609,67.057,59.516,0.07,2.275,0.0
ATOM,65.0,C,SER,3,21.279,65.725,59.689,0.51,2.0,0.0
ATOM,66.0,O,SER,3,20.742,64.829,60.334,-0.51,1.7,10.28
ATOM,67.0,CB,SER,3,21.24,68.126,60.357,0.05,2.175,2.76
ATOM,68.0,OG,SER,3,20.986,67.797,61.685,-0.66,1.77,19.05
ATOM,69.0,H,SER,3,18.767,66.53,60.563,0.31,0.2245,6.74
ATOM,70.0,HA,SER,3,20.744,67.352,58.555,0.09,1.32,0.0
ATOM,71.0,HB2,SER,3,22.212,68.136,60.199,0.09,1.32,0.0
ATOM,72.0,HB3,SER,3,20.825,68.994,60.147,0.09,1.32,0.65
ATOM,73.0,HG,SER,3,21.817,67.439,62.118,0.43,0.2245,4.11
ATOM,74.0,N,VAL,4,22.422,65.579,59.049,-0.47,1.85,0.0
ATOM,75.0,CA,VAL,4,23.18,64.374,59.186,0.07,2.275,0.0
ATOM,76.0,C,VAL,4,24.505,64.773,59.791,0.51,2.0,0.0
ATOM,77.0,O,VAL,4,25.059,65.779,59.361,-0.51,1.7,0.0
ATOM,78.0,CB,VAL,4,23.36,63.742,57.834,-0.09,2.275,0.0
ATOM,79.0,CG1,VAL,4,24.064,62.407,58.024,-0.27,2.06,3.82
ATOM,80.0,CG2,VAL,4,21.99,63.569,57.229,-0.27,2.06,0.0
ATOM,81.0,H,VAL,4,22.704,66.386,58.464,0.31,0.2245,0.0
ATOM,82.0,HA,VAL,4,22.718,63.772,59.828,0.09,1.32,2.02
ATOM,83.0,HB,VAL,4,23.969,64.308,57.297,0.09,1.32,0.0
ATOM,84.0,HG11,VAL,4,23.394,61.666,57.977,0.09,1.32,0.18
ATOM,85.0,HG12,VAL,4,24.747,62.283,57.304,0.09,1.32,0.0
ATOM,86.0,HG13,VAL,4,24.516,62.391,58.916,0.09,1.32,0.0
ATOM,87.0,HG21,VAL,4,22.019,63.805,56.255,0.09,1.32,0.0
ATOM,88.0,HG22,VAL,4,21.695,62.617,57.33,0.09,1.32,0.0
ATOM,89.0,HG23,VAL,4,21.337,64.169,57.696,0.09,1.32,0.0
ATOM,90.0,N,ILE,5,24.966,64.121,60.853,-0.47,1.85,0.0
ATOM,91.0,CA,ILE,5,26.248,64.51,61.407,0.07,2.275,0.0
ATOM,92.0,C,ILE,5,27.298,63.641,60.744,0.51,2.0,0.12
ATOM,93.0,O,ILE,5,27.034,62.474,60.551,-0.51,1.7,8.42
ATOM,94.0,CB,ILE,5,26.327,64.353,62.911,-0.09,2.275,2.96
ATOM,95.0,CG1,ILE,5,25.097,65.018,63.543,-0.18,2.175,15.87
ATOM,96.0,CG2,ILE,5,27.597,65.025,63.418,-0.27,2.06,11.39
ATOM,97.0,CD1,ILE,5,25.239,66.534,63.654,-0.27,2.06,13.95
ATOM,98.0,H,ILE,5,24.373,63.374,61.215,0.31,0.2245,8.02
ATOM,99.0,HA,ILE,5,26.416,65.441,61.106,0.09,1.32,0.0
ATOM,100.0,HB,ILE,5,26.294,63.389,63.133,0.09,1.32,8.74
ATOM,101.0,HG12,ILE,5,24.303,64.811,62.986,0.09,1.32,1.31
ATOM,102.0,HG13,ILE,5,24.973,64.645,64.455,0.09,1.32,11.47
ATOM,103.0,HG21,ILE,5,27.647,64.935,64.411,0.09,1.32,7.66
ATOM,104.0,HG22,ILE,5,28.393,64.588,63.003,0.09,1.32,0.0
ATOM,105.0,HG23,ILE,5,27.583,65.992,63.172,0.09,1.32,0.0
ATOM,106.0,HD11,ILE,5,25.363,66.916,62.742,0.09,1.32,0.0
ATOM,107.0,HD12,ILE,5,24.414,66.908,64.07,0.09,1.32,8.08
ATOM,108.0,HD13,ILE,5,26.031,66.745,64.221,0.09,1.32,0.0
ATOM,109.0,N,LEU,6,28.422,64.216,60.335,-0.47,1.85,0.0
ATOM,110.0,CA,LEU,6,29.473,63.481,59.621,0.07,2.275,0.0
ATOM,111.0,C,LEU,6,30.677,63.237,60.502,0.51,2.0,0.06
ATOM,112.0,O,LEU,6,30.92,64.01,61.435,-0.51,1.7,2.18
ATOM,113.0,CB,LEU,6,29.971,64.27,58.374,-0.18,2.175,0.0
ATOM,114.0,CG,LEU,6,28.896,64.992,57.57,-0.09,2.275,0.0
ATOM,115.0,CD1,LEU,6,29.594,65.734,56.48,-0.27,2.06,0.46
ATOM,116.0,CD2,LEU,6,28.021,63.959,56.892,-0.27,2.06,0.07
ATOM,117.0,H,LEU,6,28.498,65.232,60.562,0.31,0.2245,0.0
ATOM,118.0,HA,LEU,6,29.094,62.591,59.334,0.09,1.32,0.0
ATOM,119.0,HB2,LEU,6,30.619,64.949,58.698,0.09,1.32,0.0
ATOM,120.0,HB3,LEU,6,30.417,63.617,57.774,0.09,1.32,0.0
ATOM,121.0,HG,LEU,6,28.421,65.622,58.165,0.09,1.32,0.0
ATOM,122.0,HD11,LEU,6,30.101,65.095,55.891,0.09,1.32,0.13
ATOM,123.0,HD12,LEU,6,28.928,66.232,55.915,0.09,1.32,0.0
ATOM,124.0,HD13,LEU,6,30.243,66.396,56.868,0.09,1.32,0.0
ATOM,125.0,HD21,LEU,6,27.591,63.374,57.583,0.09,1.32,0.0
ATOM,126.0,HD22,LEU,6,27.308,64.417,56.358,0.09,1.32,0.0
ATOM,127.0,HD23,LEU,6,28.577,63.393,56.281,0.09,1.32,0.05
ATOM,128.0,N,THR,7,31.448,62.202,60.205,-0.47,1.85,0.0
ATOM,129.0,CA,THR,7,32.691,61.924,60.921,0.07,2.275,0.19
ATOM,130.0,C,THR,7,33.77,62.392,59.977,0.51,2.0,0.0
ATOM,131.0,O,THR,7,33.562,62.31,58.767,-0.51,1.7,0.0
ATOM,132.0,CB,THR,7,32.85,60.426,61.224,0.14,2.275,0.0
ATOM,133.0,OG1,THR,7,31.862,60.047,62.117,-0.66,1.77,22.12
ATOM,134.0,CG2,THR,7,34.175,60.039,61.837,-0.27,2.06,23.84
ATOM,135.0,H,THR,7,31.097,61.607,59.424,0.31,0.2245,0.0
ATOM,136.0,HA,THR,7,32.715,62.475,61.734,0.09,1.32,2.64
ATOM,137.0,HB,THR,7,32.734,59.91,60.349,0.09,1.32,0.0
ATOM,138.0,HG21,THR,7,34.446,59.124,61.525,0.09,1.32,0.0
ATOM,139.0,HG22,THR,7,34.885,60.696,61.568,0.09,1.32,0.0
ATOM,140.0,HG23,THR,7,34.103,60.031,62.839,0.09,1.32,11.09
ATOM,141.0,HG1,THR,7,31.041,60.637,62.038,0.43,0.2245,11.54
ATOM,142.0,N,ASN,8,34.802,63.029,60.509,-0.47,1.85,0.0
ATOM,143.0,CA,ASN,8,35.891,63.517,59.72,0.07,2.275,0.0
ATOM,144.0,C,ASN,8,37.055,62.609,59.959,0.51,2.0,0.0
ATOM,145.0,O,ASN,8,37.577,62.618,61.069,-0.51,1.7,10.28
ATOM,146.0,CB,ASN,8,36.37,64.914,60.131,-0.18,2.175,0.09
ATOM,147.0,CG,ASN,8,37.506,65.488,59.284,0.55,2.0,0.0
ATOM,148.0,OD1,ASN,8,38.067,64.86,58.409,-0.55,1.7,0.0
ATOM,149.0,ND2,ASN,8,37.78,66.734,59.376,-0.62,1.85,0.0
ATOM,150.0,H,ASN,8,34.743,63.139,61.551,0.31,0.2245,5.02
ATOM,151.0,HA,ASN,8,35.634,63.426,58.759,0.09,1.32,0.0
ATOM,152.0,HB2,ASN,8,35.589,65.545,60.076,0.09,1.32,0.0
ATOM,153.0,HB3,ASN,8,36.682,64.872,61.086,0.09,1.32,3.73
ATOM,154.0,HD22,ASN,8,37.241,67.321,60.015,0.3,0.2245,0.0
ATOM,155.0,HD21,ASN,8,38.51,67.161,58.84,0.32,0.2245,0.0
ATOM,156.0,N,TYR,9,37.477,61.896,58.909,-0.47,1.85,0.0
ATOM,157.0,CA,TYR,9,38.654,61.051,58.994,0.07,2.275,0.32
ATOM,158.0,C,TYR,9,39.817,61.77,58.345,0.51,2.0,0.0
ATOM,159.0,O,TYR,9,39.849,61.868,57.108,-0.51,1.7,0.0
ATOM,160.0,CB,TYR,9,38.478,59.682,58.288,-0.18,2.175,0.0
ATOM,161.0,CG,TYR,9,39.719,58.831,58.436,0.0,1.9924,0.0
ATOM,162.0,CD1,TYR,9,40.205,58.403,59.677,-0.115,1.9924,3.8
ATOM,163.0,CD2,TYR,9,40.46,58.471,57.312,-0.115,1.9924,0.0
ATOM,164.0,CE1,TYR,9,41.368,57.645,59.778,-0.115,1.9924,7.64
ATOM,165.0,CE2,TYR,9,41.62,57.703,57.383,-0.115,1.9924,0.37
ATOM,166.0,CZ,TYR,9,42.078,57.279,58.628,0.11,1.9924,0.0
ATOM,167.0,OH,TYR,9,43.222,56.527,58.689,-0.54,1.77,22.37
ATOM,168.0,H,TYR,9,36.9,62.002,58.055,0.31,0.2245,0.0
ATOM,169.0,HA,TYR,9,38.872,60.906,59.96,0.09,1.32,1.26
ATOM,170.0,HB2,TYR,9,37.722,59.218,58.711,0.09,1.32,0.0
ATOM,171.0,HB3,TYR,9,38.323,59.852,57.332,0.09,1.32,0.0
ATOM,172.0,HD1,TYR,9,39.706,58.648,60.51,0.115,1.3582,12.24
ATOM,173.0,HD2,TYR,9,40.142,58.78,56.404,0.115,1.3582,0.0
ATOM,174.0,HE1,TYR,9,41.703,57.355,60.679,0.115,1.3582,16.96
ATOM,175.0,HE2,TYR,9,42.116,57.46,56.556,0.115,1.3582,5.24
ATOM,176.0,HH,TYR,9,43.16,55.777,58.032,0.43,0.2245,18.22
ATOM,177.0,N,MET,10,40.746,62.289,59.158,-0.47,1.85,0.0
ATOM,178.0,CA,MET,10,41.928,62.959,58.646,0.07,2.275,3.61
ATOM,179.0,C,MET,10,41.696,64.013,57.575,0.51,2.0,0.71
ATOM,180.0,O,MET,10,42.446,64.055,56.61,-0.51,1.7,3.95
ATOM,181.0,CB,MET,10,42.724,61.9,57.892,-0.18,2.175,1.51
ATOM,182.0,CG,MET,10,43.486,60.993,58.819,-0.14,2.175,15.45
ATOM,183.0,SD,MET,10,44.257,59.699,57.815,-0.09,2.0,21.25
ATOM,184.0,CE,MET,10,43.969,60.209,56.065,-0.22,2.06,22.94
ATOM,185.0,H,MET,10,40.543,62.168,60.171,0.31,0.2245,4.68
ATOM,186.0,HA,MET,10,42.396,63.42,59.439,0.09,1.32,3.85
ATOM,187.0,HB2,MET,10,42.092,61.347,57.343,0.09,1.32,0.0
ATOM,188.0,HB3,MET,10,43.373,62.357,57.278,0.09,1.32,1.55
ATOM,189.0,HG2,MET,10,44.186,61.52,59.308,0.09,1.32,11.36
ATOM,190.0,HG3,MET,10,42.858,60.588,59.49,0.09,1.32,1.62
ATOM,191.0,HE1,MET,10,44.187,61.174,55.985,0.09,1.32,2.96
ATOM,192.0,HE2,MET,10,44.561,59.665,55.483,0.09,1.32,11.58
ATOM,193.0,HE3,MET,10,43.015,60.045,55.849,0.09,1.32,0.0
ATOM,194.0,N,ASP,11,40.605,64.746,57.585,-0.47,1.85,0.0
ATOM,195.0,CA,ASP,11,40.392,65.731,56.523,0.07,2.275,0.0
ATOM,196.0,C,ASP,11,40.124,65.216,55.118,0.51,2.0,0.0
ATOM,197.0,O,ASP,11,39.964,66.05,54.222,-0.51,1.7,0.16
ATOM,198.0,CB,ASP,11,41.516,66.792,56.467,-0.28,2.175,1.24
ATOM,199.0,CG,ASP,11,41.34,67.844,57.503,0.62,2.0,2.98
ATOM,200.0,OD1,ASP,11,40.573,67.723,58.427,-0.76,1.7,0.0
ATOM,201.0,OD2,ASP,11,41.92,68.969,57.213,-0.76,1.7,15.05
ATOM,202.0,H,ASP,11,39.95,64.582,58.354,0.31,0.2245,0.0
ATOM,203.0,HA,ASP,11,39.565,66.287,56.8,0.09,1.32,0.0
ATOM,204.0,HB2,ASP,11,42.374,66.316,56.612,0.09,1.32,0.98
ATOM,205.0,HB3,ASP,11,41.488,67.2,55.564,0.09,1.32,0.0
ATOM,206.0,N,THR,12,40.062,63.898,54.897,-0.47,1.85,0.0
ATOM,207.0,CA,THR,12,39.918,63.391,53.537,0.07,2.275,0.0
ATOM,208.0,C,THR,12,38.646,62.607,53.304,0.51,2.0,0.0
ATOM,209.0,O,THR,12,38.117,62.557,52.183,-0.51,1.7,7.45
ATOM,210.0,CB,THR,12,41.114,62.5,53.234,0.14,2.275,4.28
ATOM,211.0,OG1,THR,12,41.2,61.615,54.334,-0.66,1.77,0.33
ATOM,212.0,CG2,THR,12,42.391,63.33,53.147,-0.27,2.06,9.18
ATOM,213.0,H,THR,12,40.122,63.307,55.734,0.31,0.2245,0.0
ATOM,214.0,HA,THR,12,39.926,64.188,52.9,0.09,1.32,0.0
ATOM,215.0,HB,THR,12,40.924,61.965,52.402,0.09,1.32,4.04
ATOM,216.0,HG21,THR,12,43.189,62.734,53.253,0.09,1.32,5.46
ATOM,217.0,HG22,THR,12,42.437,63.788,52.257,0.09,1.32,0.0
ATOM,218.0,HG23,THR,12,42.396,64.02,53.873,0.09,1.32,0.0
ATOM,219.0,HG1,THR,12,40.657,61.956,55.112,0.43,0.2245,0.0
ATOM,220.0,N,GLN,13,38.146,61.968,54.359,-0.47,1.85,0.0
ATOM,221.0,CA,GLN,13,36.882,61.256,54.258,0.07,2.275,0.0
ATOM,222.0,C,GLN,13,35.877,61.814,55.268,0.51,2.0,0.0
ATOM,223.0,O,GLN,13,36.15,61.841,56.452,-0.51,1.7,0.0
ATOM,224.0,CB,GLN,13,37.005,59.732,54.409,-0.18,2.175,0.17
ATOM,225.0,CG,GLN,13,38.293,59.167,53.82,-0.18,2.175,1.87
ATOM,226.0,CD,GLN,13,38.335,57.677,53.936,0.55,2.0,0.06
ATOM,227.0,H,GLN,13,38.713,62.022,55.217,0.31,0.2245,0.0
ATOM,228.0,HA,GLN,13,36.507,61.41,53.34,0.09,1.32,2.56
ATOM,229.0,HB2,GLN,13,36.981,59.504,55.38,0.09,1.32,0.0
ATOM,230.0,HB3,GLN,13,36.234,59.301,53.942,0.09,1.32,0.0
ATOM,231.0,HG2,GLN,13,38.337,59.424,52.859,0.09,1.32,6.28
ATOM,232.0,HG3,GLN,13,39.063,59.559,54.316,0.09,1.32,0.0
ATOM,233.0,OE1,GLN,13,37.326,57.031,54.223,-0.55,1.7,0.0
ATOM,234.0,NE2,GLN,13,39.517,57.114,53.81,-0.62,1.85,6.35
ATOM,235.0,HE21,GLN,13,39.636,56.096,53.89,0.32,0.2245,0.0
ATOM,236.0,HE22,GLN,13,40.334,57.7,53.628,0.3,0.2245,10.03
ATOM,237.0,N,TYR,14,34.681,62.198,54.792,-0.47,1.85,0.0
ATOM,238.0,CA,TYR,14,33.577,62.718,55.624,0.07,2.275,0.0
ATOM,239.0,C,TYR,14,32.352,61.862,55.373,0.51,2.0,0.0
ATOM,240.0,O,TYR,14,31.798,61.836,54.234,-0.51,1.7,0.24
ATOM,241.0,CB,TYR,14,33.264,64.141,55.174,-0.18,2.175,0.0
ATOM,242.0,CG,TYR,14,34.29,65.152,55.597,0.0,1.9924,0.0
ATOM,243.0,CD1,TYR,14,34.234,65.83,56.814,-0.115,1.9924,0.0
ATOM,244.0,CD2,TYR,14,35.243,65.555,54.673,-0.115,1.9924,0.0
ATOM,245.0,CE1,TYR,14,35.178,66.806,57.143,-0.115,1.9924,0.0
ATOM,246.0,CE2,TYR,14,36.186,66.533,54.985,-0.115,1.9924,0.0
ATOM,247.0,CZ,TYR,14,36.133,67.186,56.209,0.11,1.9924,0.0
ATOM,248.0,OH,TYR,14,37.09,68.114,56.518,-0.54,1.77,0.0
ATOM,249.0,H,TYR,14,34.593,62.095,53.747,0.31,0.2245,3.03
ATOM,250.0,HA,TYR,14,33.843,62.624,56.579,0.09,1.32,0.0
ATOM,251.0,HB2,TYR,14,33.206,64.147,54.177,0.09,1.32,1.29
ATOM,252.0,HB3,TYR,14,32.383,64.405,55.564,0.09,1.32,0.0
ATOM,253.0,HD1,TYR,14,33.506,65.618,57.467,0.115,1.3582,0.0
ATOM,254.0,HD2,TYR,14,35.258,65.138,53.765,0.115,1.3582,2.07
ATOM,255.0,HE1,TYR,14,35.165,67.228,58.05,0.115,1.3582,0.0
ATOM,256.0,HE2,TYR,14,36.902,66.765,54.325,0.115,1.3582,0.0
ATOM,257.0,HH,TYR,14,36.883,68.52,57.407,0.43,0.2245,0.0
ATOM,258.0,N,TYR,15,31.983,61.094,56.389,-0.47,1.85,0.0
ATOM,259.0,CA,TYR,15,30.905,60.167,56.17,0.07,2.275,0.0
ATOM,260.0,C,TYR,15,29.885,60.279,57.24,0.51,2.0,0.0
ATOM,261.0,O,TYR,15,30.256,60.694,58.318,-0.51,1.7,0.34
ATOM,262.0,CB,TYR,15,31.382,58.721,55.97,-0.18,2.175,0.0
ATOM,263.0,CG,TYR,15,32.383,58.29,56.974,0.0,1.9924,0.0
ATOM,264.0,CD1,TYR,15,33.744,58.571,56.842,-0.115,1.9924,0.0
ATOM,265.0,CD2,TYR,15,31.92,57.691,58.138,-0.115,1.9924,0.58
ATOM,266.0,CE1,TYR,15,34.635,58.22,57.853,-0.115,1.9924,0.0
ATOM,267.0,CE2,TYR,15,32.8,57.321,59.152,-0.115,1.9924,0.24
ATOM,268.0,CZ,TYR,15,34.149,57.637,59.029,0.11,1.9924,0.0
ATOM,269.0,OH,TYR,15,34.964,57.304,60.096,-0.54,1.77,12.04
ATOM,270.0,H,TYR,15,32.493,61.217,57.258,0.31,0.2245,0.0
ATOM,271.0,HA,TYR,15,30.472,60.39,55.281,0.09,1.32,0.0
ATOM,272.0,HB2,TYR,15,30.582,58.128,56.029,0.09,1.32,0.0
ATOM,273.0,HB3,TYR,15,31.785,58.659,55.06,0.09,1.32,0.0
ATOM,274.0,HD1,TYR,15,34.081,59.023,56.023,0.115,1.3582,0.0
ATOM,275.0,HD2,TYR,15,30.944,57.523,58.253,0.115,1.3582,0.39
ATOM,276.0,HE1,TYR,15,35.613,58.382,57.745,0.115,1.3582,0.0
ATOM,277.0,HE2,TYR,15,32.469,56.836,59.955,0.115,1.3582,2.39
ATOM,278.0,HH,TYR,15,35.673,56.678,59.779,0.43,0.2245,2.43
ATOM,279.0,N,GLY,16,28.612,59.967,56.912,-0.47,1.85,0.0
ATOM,280.0,CA,GLY,16,27.501,60.0,57.855,-0.02,2.175,0.47
ATOM,281.0,C,GLY,16,26.884,58.626,57.857,0.51,2.0,0.0
ATOM,282.0,O,GLY,16,27.422,57.766,57.197,-0.51,1.7,0.0
ATOM,283.0,H,GLY,16,28.499,59.696,55.903,0.31,0.2245,0.0
ATOM,284.0,HA2,GLY,16,27.84,60.221,58.761,0.09,1.32,2.28
ATOM,285.0,HA3,GLY,16,26.833,60.672,57.559,0.09,1.32,0.0
ATOM,286.0,N,GLU,17,25.822,58.382,58.623,-0.47,1.85,0.33
ATOM,287.0,CA,GLU,17,25.217,57.069,58.581,0.07,2.275,0.0
ATOM,288.0,C,GLU,17,23.816,57.096,57.984,0.51,2.0,0.33
ATOM,289.0,O,GLU,17,23.132,58.123,58.005,-0.51,1.7,8.13
ATOM,290.0,CB,GLU,17,25.248,56.282,59.905,-0.18,2.175,5.25
ATOM,291.0,CG,GLU,17,26.662,55.964,60.43,-0.28,2.175,3.7
ATOM,292.0,CD,GLU,17,26.648,55.553,61.882,0.62,2.0,3.69
ATOM,293.0,OE1,GLU,17,25.705,55.788,62.629,-0.76,1.7,33.98
ATOM,294.0,OE2,GLU,17,27.708,54.852,62.248,-0.76,1.7,28.57
ATOM,295.0,H,GLU,17,25.501,59.16,59.201,0.31,0.2245,5.12
ATOM,296.0,HA,GLU,17,25.798,56.44,58.037,0.09,1.32,0.0
ATOM,297.0,HB2,GLU,17,24.799,56.828,60.589,0.09,1.32,6.59
ATOM,298.0,HB3,GLU,17,24.793,55.424,59.755,0.09,1.32,0.0
ATOM,299.0,HG2,GLU,17,27.013,55.217,59.904,0.09,1.32,0.0
ATOM,300.0,HG3,GLU,17,27.2,56.777,60.348,0.09,1.32,3.4
ATOM,301.0,N,ILE,18,23.429,55.955,57.409,-0.47,1.85,0.0
ATOM,302.0,CA,ILE,18,22.083,55.734,56.947,0.07,2.275,1.68
ATOM,303.0,C,ILE,18,21.65,54.329,57.386,0.51,2.0,1.3
ATOM,304.0,O,ILE,18,22.485,53.476,57.636,-0.51,1.7,0.0
ATOM,305.0,CB,ILE,18,21.877,55.906,55.441,-0.09,2.275,0.0
ATOM,306.0,CG1,ILE,18,22.628,54.783,54.716,-0.18,2.175,0.0
ATOM,307.0,CG2,ILE,18,22.353,57.29,55.007,-0.27,2.06,0.0
ATOM,308.0,CD1,ILE,18,22.174,54.57,53.285,-0.27,2.06,0.0
ATOM,309.0,H,ILE,18,24.194,55.243,57.328,0.31,0.2245,0.0
ATOM,310.0,HA,ILE,18,21.497,56.37,57.44,0.09,1.32,1.75
ATOM,311.0,HB,ILE,18,20.915,55.804,55.245,0.09,1.32,0.0
ATOM,312.0,HG12,ILE,18,23.601,55.002,54.718,0.09,1.32,0.0
ATOM,313.0,HG13,ILE,18,22.489,53.936,55.226,0.09,1.32,0.0
ATOM,314.0,HG21,ILE,18,22.204,57.399,54.026,0.09,1.32,0.0
ATOM,315.0,HG22,ILE,18,21.839,57.987,55.502,0.09,1.32,0.0
ATOM,316.0,HG23,ILE,18,23.325,57.385,55.21,0.09,1.32,0.0
ATOM,317.0,HD11,ILE,18,22.318,55.41,52.765,0.09,1.32,0.0
ATOM,318.0,HD12,ILE,18,22.704,53.828,52.878,0.09,1.32,0.0
ATOM,319.0,HD13,ILE,18,21.204,54.333,53.279,0.09,1.32,0.0
ATOM,320.0,N,GLY,19,20.348,54.085,57.412,-0.47,1.85,3.14
ATOM,321.0,CA,GLY,19,19.826,52.789,57.709,-0.02,2.175,2.65
ATOM,322.0,C,GLY,19,19.045,52.274,56.512,0.51,2.0,0.21
ATOM,323.0,O,GLY,19,18.26,53.019,55.917,-0.51,1.7,0.41
ATOM,324.0,H,GLY,19,19.753,54.919,57.198,0.31,0.2245,0.0
ATOM,325.0,HA2,GLY,19,20.573,52.149,57.912,0.09,1.32,0.0
ATOM,326.0,HA3,GLY,19,19.215,52.832,58.504,0.09,1.32,2.26
ATOM,327.0,N,ILE,20,19.261,51.012,56.165,-0.47,1.85,0.0
ATOM,328.0,CA,ILE,20,18.511,50.404,55.088,0.07,2.275,0.11
ATOM,329.0,C,ILE,20,17.763,49.162,55.553,0.51,2.0,0.0
ATOM,330.0,O,ILE,20,18.367,48.347,56.202,-0.51,1.7,0.0
ATOM,331.0,CB,ILE,20,19.447,49.947,53.971,-0.09,2.275,0.0
ATOM,332.0,CG1,ILE,20,20.365,51.069,53.567,-0.18,2.175,0.0
ATOM,333.0,CG2,ILE,20,18.637,49.453,52.784,-0.27,2.06,0.0
ATOM,334.0,CD1,ILE,20,21.175,50.668,52.366,-0.27,2.06,0.0
ATOM,335.0,H,ILE,20,19.987,50.523,56.715,0.31,0.2245,0.0
ATOM,336.0,HA,ILE,20,17.809,51.074,54.813,0.09,1.32,0.0
ATOM,337.0,HB,ILE,20,20.001,49.196,54.323,0.09,1.32,0.0
ATOM,338.0,HG12,ILE,20,19.826,51.865,53.343,0.09,1.32,0.0
ATOM,339.0,HG13,ILE,20,20.98,51.266,54.315,0.09,1.32,0.0
ATOM,340.0,HG21,ILE,20,19.254,49.12,52.073,0.09,1.32,0.0
ATOM,341.0,HG22,ILE,20,18.036,48.71,53.075,0.09,1.32,0.0
ATOM,342.0,HG23,ILE,20,18.085,50.202,52.42,0.09,1.32,0.0
ATOM,343.0,HD11,ILE,20,20.563,50.456,51.603,0.09,1.32,0.0
ATOM,344.0,HD12,ILE,20,21.782,51.419,52.104,0.09,1.32,0.0
ATOM,345.0,HD13,ILE,20,21.723,49.86,52.585,0.09,1.32,0.0
ATOM,346.0,N,GLY,21,16.503,48.976,55.17,-0.47,1.85,0.0
ATOM,347.0,CA,GLY,21,15.787,47.755,55.52,-0.02,2.175,0.0
ATOM,348.0,C,GLY,21,15.009,47.838,56.815,0.51,2.0,0.0
ATOM,349.0,O,GLY,21,14.994,48.824,57.48,-0.51,1.7,3.82
ATOM,350.0,H,GLY,21,16.091,49.748,54.621,0.31,0.2245,0.0
ATOM,351.0,HA2,GLY,21,15.148,47.515,54.759,0.09,1.32,0.0
ATOM,352.0,HA3,GLY,21,16.456,46.984,55.578,0.09,1.32,0.0
ATOM,353.0,N,THR,22,14.323,46.769,57.149,-0.47,1.85,0.0
ATOM,354.0,CA,THR,22,13.531,46.639,58.34,0.07,2.275,0.29
ATOM,355.0,C,THR,22,13.826,45.247,58.899,0.51,2.0,0.0
ATOM,356.0,O,THR,22,13.393,44.248,58.297,-0.51,1.7,0.61
ATOM,357.0,CB,THR,22,12.036,46.608,58.005,0.14,2.275,0.19
ATOM,358.0,OG1,THR,22,11.607,47.721,57.273,-0.66,1.77,9.93
ATOM,359.0,CG2,THR,22,11.272,46.584,59.29,-0.27,2.06,32.59
ATOM,360.0,H,THR,22,14.407,45.979,56.436,0.31,0.2245,0.0
ATOM,361.0,HA,THR,22,13.826,47.308,59.009,0.09,1.32,0.0
ATOM,362.0,HB,THR,22,11.846,45.752,57.445,0.09,1.32,0.0
ATOM,363.0,HG21,THR,22,11.885,46.376,60.062,0.09,1.32,1.13
ATOM,364.0,HG22,THR,22,10.839,47.477,59.46,0.09,1.32,10.52
ATOM,365.0,HG23,THR,22,10.55,45.882,59.259,0.09,1.32,5.05
ATOM,366.0,HG1,THR,22,11.732,47.576,56.28,0.43,0.2245,0.0
ATOM,367.0,N,PRO,23,14.505,45.14,60.032,-0.29,1.85,0.0
ATOM,368.0,CA,PRO,23,15.051,46.246,60.791,0.02,2.275,1.21
ATOM,369.0,C,PRO,23,16.171,46.865,59.994,0.51,2.0,0.0
ATOM,370.0,O,PRO,23,16.721,46.213,59.113,-0.51,1.7,0.77
ATOM,371.0,CB,PRO,23,15.659,45.614,62.024,-0.18,2.175,12.94
ATOM,372.0,CG,PRO,23,15.474,44.128,61.883,-0.18,2.175,19.12
ATOM,373.0,CD,PRO,23,14.709,43.828,60.623,0.0,2.175,11.98
ATOM,374.0,HA,PRO,23,14.345,46.92,61.007,0.09,1.32,1.44
ATOM,375.0,HB2,PRO,23,16.644,45.839,62.101,0.09,1.32,3.95
ATOM,376.0,HB3,PRO,23,15.205,45.946,62.866,0.09,1.32,11.02
ATOM,377.0,HG2,PRO,23,16.385,43.664,61.871,0.09,1.32,12.25
ATOM,378.0,HG3,PRO,23,14.981,43.761,62.7,0.09,1.32,12.41
ATOM,379.0,HD2,PRO,23,15.238,43.235,60.011,0.09,1.32,0.0
ATOM,380.0,HD3,PRO,23,13.832,43.384,60.828,0.09,1.32,10.53
ATOM,381.0,N,PRO,24,16.544,48.085,60.331,-0.29,1.85,0.0
ATOM,382.0,CA,PRO,24,17.591,48.775,59.605,0.02,2.275,0.0
ATOM,383.0,C,PRO,24,18.945,48.125,59.688,0.51,2.0,0.0
ATOM,384.0,O,PRO,24,19.335,47.57,60.715,-0.51,1.7,19.72
ATOM,385.0,CB,PRO,24,17.704,50.168,60.23,-0.18,2.175,3.85
ATOM,386.0,CG,PRO,24,16.487,50.373,61.086,-0.18,2.175,19.42
ATOM,387.0,CD,PRO,24,15.844,48.994,61.273,0.0,2.175,12.38
ATOM,388.0,HA,PRO,24,17.315,48.909,58.624,0.09,1.32,0.0
ATOM,389.0,HB2,PRO,24,18.547,50.24,60.788,0.09,1.32,3.7
ATOM,390.0,HB3,PRO,24,17.756,50.879,59.51,0.09,1.32,0.15
ATOM,391.0,HG2,PRO,24,16.742,50.761,61.979,0.09,1.32,12.39
ATOM,392.0,HG3,PRO,24,15.84,51.0,60.638,0.09,1.32,7.26
ATOM,393.0,HD2,PRO,24,15.956,48.674,62.22,0.09,1.32,6.91
ATOM,394.0,HD3,PRO,24,14.859,49.028,61.064,0.09,1.32,5.63
ATOM,395.0,N,GLN,25,19.645,48.169,58.547,-0.47,1.85,0.0
ATOM,396.0,CA,GLN,25,21.017,47.755,58.473,0.07,2.275,0.0
ATOM,397.0,C,GLN,25,21.743,49.052,58.297,0.51,2.0,0.0
ATOM,398.0,O,GLN,25,21.289,49.836,57.477,-0.51,1.7,0.0
ATOM,399.0,CB,GLN,25,21.294,46.715,57.394,-0.18,2.175,0.0
ATOM,400.0,CG,GLN,25,20.548,45.424,57.774,-0.18,2.175,7.91
ATOM,401.0,CD,GLN,25,20.449,44.417,56.672,0.55,2.0,0.69
ATOM,402.0,OE1,GLN,25,21.491,43.986,56.095,-0.55,1.7,4.47
ATOM,403.0,NE2,GLN,25,19.203,44.077,56.356,-0.62,1.85,0.0
ATOM,404.0,H,GLN,25,19.098,48.529,57.732,0.31,0.2245,0.0
ATOM,405.0,HA,GLN,25,21.276,47.371,59.339,0.09,1.32,2.37
ATOM,406.0,HB2,GLN,25,20.94,47.027,56.54,0.09,1.32,0.0
ATOM,407.0,HB3,GLN,25,22.25,46.515,57.37,0.09,1.32,0.0
ATOM,408.0,HG2,GLN,25,21.028,45.011,58.558,0.09,1.32,10.19
ATOM,409.0,HG3,GLN,25,19.621,45.682,58.073,0.09,1.32,0.0
ATOM,410.0,HE21,GLN,25,19.031,43.394,55.593,0.32,0.2245,0.0
ATOM,411.0,HE22,GLN,25,18.429,44.483,56.859,0.3,0.2245,0.01
ATOM,412.0,N,THR,26,22.664,49.361,59.193,-0.47,1.85,0.0
ATOM,413.0,CA,THR,26,23.364,50.616,59.206,0.07,2.275,0.0
ATOM,414.0,C,THR,26,24.623,50.59,58.396,0.51,2.0,0.0
ATOM,415.0,O,THR,26,25.381,49.653,58.459,-0.51,1.7,0.2
ATOM,416.0,CB,THR,26,23.662,51.149,60.619,0.14,2.275,7.41
ATOM,417.0,OG1,THR,26,22.429,51.526,61.163,-0.66,1.77,21.98
ATOM,418.0,CG2,THR,26,24.475,52.429,60.516,-0.27,2.06,7.06
ATOM,419.0,H,THR,26,22.839,48.598,59.901,0.31,0.2245,5.48
ATOM,420.0,HA,THR,26,22.748,51.333,58.823,0.09,1.32,0.0
ATOM,421.0,HB,THR,26,24.054,50.396,61.169,0.09,1.32,8.81
ATOM,422.0,HG21,THR,26,25.454,52.214,60.545,0.09,1.32,4.57
ATOM,423.0,HG22,THR,26,24.267,52.896,59.653,0.09,1.32,0.0
ATOM,424.0,HG23,THR,26,24.251,53.038,61.281,0.09,1.32,3.7
ATOM,425.0,HG1,THR,26,21.738,51.672,60.439,0.43,0.2245,1.66
ATOM,426.0,N,PHE,27,24.836,51.701,57.73,-0.47,1.85,0.0
ATOM,427.0,CA,PHE,27,25.951,51.909,56.869,0.07,2.275,0.25
ATOM,428.0,C,PHE,27,26.602,53.288,57.01,0.51,2.0,0.0
ATOM,429.0,O,PHE,27,25.913,54.285,57.265,-0.51,1.7,0.0
ATOM,430.0,CB,PHE,27,25.41,51.704,55.432,-0.18,2.175,0.0
ATOM,431.0,CG,PHE,27,25.083,50.261,55.184,0.0,1.9924,0.0
ATOM,432.0,CD1,PHE,27,26.047,49.373,54.726,-0.115,1.9924,0.0
ATOM,433.0,CD2,PHE,27,23.828,49.75,55.492,-0.115,1.9924,0.0
ATOM,434.0,CE1,PHE,27,25.762,48.026,54.522,-0.115,1.9924,0.0
ATOM,435.0,CE2,PHE,27,23.496,48.416,55.242,-0.115,1.9924,0.0
ATOM,436.0,CZ,PHE,27,24.472,47.555,54.774,-0.115,1.9924,0.0
ATOM,437.0,H,PHE,27,24.09,52.44,57.895,0.31,0.2245,0.0
ATOM,438.0,HA,PHE,27,26.672,51.232,57.124,0.09,1.32,0.19
ATOM,439.0,HB2,PHE,27,24.592,52.228,55.35,0.09,1.32,0.0
ATOM,440.0,HB3,PHE,27,26.113,51.975,54.813,0.09,1.32,0.0
ATOM,441.0,HD1,PHE,27,26.974,49.704,54.537,0.115,1.3582,0.0
ATOM,442.0,HD2,PHE,27,23.138,50.353,55.907,0.115,1.3582,0.0
ATOM,443.0,HE1,PHE,27,26.477,47.406,54.197,0.115,1.3582,0.0
ATOM,444.0,HE2,PHE,27,22.555,48.098,55.403,0.115,1.3582,0.0
ATOM,445.0,HZ,PHE,27,24.262,46.589,54.613,0.115,1.3582,0.0
ATOM,446.0,N,LYS,28,27.936,53.314,56.826,-0.47,1.85,0.0
ATOM,447.0,CA,LYS,28,28.722,54.536,56.729,0.07,2.275,0.0
ATOM,448.0,C,LYS,28,28.8,54.936,55.255,0.51,2.0,0.0
ATOM,449.0,O,LYS,28,29.024,54.065,54.398,-0.51,1.7,0.0
ATOM,450.0,CB,LYS,28,30.032,54.477,57.441,-0.18,2.175,0.0
ATOM,451.0,CG,LYS,28,29.656,54.332,58.884,-0.18,2.175,0.01
ATOM,452.0,CD,LYS,28,30.747,54.553,59.878,-0.18,2.175,5.24
ATOM,453.0,CE,LYS,28,31.508,53.279,60.036,0.21,2.175,21.57
ATOM,454.0,NZ,LYS,28,31.849,52.784,58.681,-0.3,1.85,1.59
ATOM,455.0,H,LYS,28,28.363,52.353,56.758,0.31,0.2245,0.0
ATOM,456.0,HA,LYS,28,28.264,55.263,57.233,0.09,1.32,0.0
ATOM,457.0,HB2,LYS,28,30.513,53.688,57.163,0.09,1.32,0.0
ATOM,458.0,HB3,LYS,28,30.5,55.313,57.322,0.09,1.32,0.0
ATOM,459.0,HG2,LYS,28,28.888,54.982,59.089,0.09,1.32,0.0
ATOM,460.0,HG3,LYS,28,29.264,53.394,59.029,0.09,1.32,2.61
ATOM,461.0,HD2,LYS,28,31.358,55.255,59.544,0.09,1.32,0.0
ATOM,462.0,HD3,LYS,28,30.352,54.804,60.749,0.09,1.32,2.56
ATOM,463.0,HE2,LYS,28,32.344,53.447,60.541,0.05,1.32,10.03
ATOM,464.0,HE3,LYS,28,30.945,52.606,60.497,0.05,1.32,10.17
ATOM,465.0,HZ1,LYS,28,32.58,52.104,58.747,0.33,0.2245,11.25
ATOM,466.0,HZ2,LYS,28,31.042,52.364,58.265,0.33,0.2245,0.69
ATOM,467.0,HZ3,LYS,28,32.156,53.548,58.113,0.33,0.2245,0.0
ATOM,468.0,N,VAL,29,28.428,56.199,54.944,-0.47,1.85,0.0
ATOM,469.0,CA,VAL,29,28.403,56.621,53.571,0.07,2.275,0.0
ATOM,470.0,C,VAL,29,28.906,58.044,53.419,0.51,2.0,0.0
ATOM,471.0,O,VAL,29,28.875,58.851,54.307,-0.51,1.7,0.0
ATOM,472.0,CB,VAL,29,27.031,56.423,52.876,-0.09,2.275,0.0
ATOM,473.0,CG1,VAL,29,26.545,54.944,52.824,-0.27,2.06,0.0
ATOM,474.0,CG2,VAL,29,26.018,57.267,53.606,-0.27,2.06,0.0
ATOM,475.0,H,VAL,29,28.182,56.783,55.752,0.31,0.2245,0.0
ATOM,476.0,HA,VAL,29,29.017,56.019,53.038,0.09,1.32,0.0
ATOM,477.0,HB,VAL,29,27.124,56.719,51.919,0.09,1.32,0.0
ATOM,478.0,HG11,VAL,29,25.566,54.927,52.993,0.09,1.32,0.0
ATOM,479.0,HG12,VAL,29,26.747,54.576,51.923,0.09,1.32,0.0
ATOM,480.0,HG13,VAL,29,27.026,54.428,53.525,0.09,1.32,0.0
ATOM,481.0,HG21,VAL,29,25.687,57.995,53.002,0.09,1.32,0.0
ATOM,482.0,HG22,VAL,29,25.245,56.696,53.89,0.09,1.32,0.0
ATOM,483.0,HG23,VAL,29,26.442,57.677,54.417,0.09,1.32,0.0
ATOM,484.0,N,VAL,30,29.395,58.32,52.247,-0.47,1.85,0.0
ATOM,485.0,CA,VAL,30,29.847,59.595,51.889,0.07,2.275,0.0
ATOM,486.0,C,VAL,30,28.716,60.189,51.067,0.51,2.0,0.0
ATOM,487.0,O,VAL,30,28.004,59.481,50.32,-0.51,1.7,0.0
ATOM,488.0,CB,VAL,30,31.099,59.331,51.091,-0.09,2.275,0.0
ATOM,489.0,CG1,VAL,30,31.421,60.515,50.242,-0.27,2.06,4.2
ATOM,490.0,CG2,VAL,30,32.259,59.025,52.024,-0.27,2.06,0.0
ATOM,491.0,H,VAL,30,29.418,57.485,51.59,0.31,0.2245,0.0
ATOM,492.0,HA,VAL,30,29.952,60.158,52.698,0.09,1.32,0.0
ATOM,493.0,HB,VAL,30,30.919,58.565,50.476,0.09,1.32,0.0
ATOM,494.0,HG11,VAL,30,31.806,61.254,50.805,0.09,1.32,1.26
ATOM,495.0,HG12,VAL,30,32.092,60.266,49.536,0.09,1.32,6.88
ATOM,496.0,HG13,VAL,30,30.591,60.856,49.789,0.09,1.32,0.0
ATOM,497.0,HG21,VAL,30,32.243,58.054,52.265,0.09,1.32,0.0
ATOM,498.0,HG22,VAL,30,33.12,59.243,51.564,0.09,1.32,2.57
ATOM,499.0,HG23,VAL,30,32.172,59.578,52.853,0.09,1.32,0.0
ATOM,500.0,N,PHE,31,28.428,61.459,51.281,-0.47,1.85,0.0
ATOM,501.0,CA,PHE,31,27.383,62.12,50.514,0.07,2.275,0.0
ATOM,502.0,C,PHE,31,28.054,62.921,49.416,0.51,2.0,0.0
ATOM,503.0,O,PHE,31,28.717,63.893,49.69,-0.51,1.7,0.0
ATOM,504.0,CB,PHE,31,26.552,63.034,51.41,-0.18,2.175,0.0
ATOM,505.0,CG,PHE,31,25.766,62.249,52.425,0.0,1.9924,0.0
ATOM,506.0,CD1,PHE,31,26.353,61.838,53.622,-0.115,1.9924,0.0
ATOM,507.0,CD2,PHE,31,24.433,61.932,52.189,-0.115,1.9924,0.0
ATOM,508.0,CE1,PHE,31,25.663,61.066,54.547,-0.115,1.9924,0.0
ATOM,509.0,CE2,PHE,31,23.713,61.186,53.113,-0.115,1.9924,0.88
ATOM,510.0,CZ,PHE,31,24.325,60.774,54.298,-0.115,1.9924,0.0
ATOM,511.0,H,PHE,31,28.987,61.926,52.013,0.31,0.2245,0.65
ATOM,512.0,HA,PHE,31,26.85,61.406,50.069,0.09,1.32,0.0
ATOM,513.0,HB2,PHE,31,27.165,63.627,51.892,0.09,1.32,0.04
ATOM,514.0,HB3,PHE,31,25.917,63.52,50.844,0.09,1.32,0.0
ATOM,515.0,HD1,PHE,31,27.297,62.107,53.822,0.115,1.3582,0.11
ATOM,516.0,HD2,PHE,31,23.991,62.243,51.35,0.115,1.3582,0.0
ATOM,517.0,HE1,PHE,31,26.119,60.731,55.366,0.115,1.3582,0.0
ATOM,518.0,HE2,PHE,31,22.751,60.943,52.925,0.115,1.3582,1.06
ATOM,519.0,HZ,PHE,31,23.796,60.262,54.98,0.115,1.3582,0.0
ATOM,520.0,N,ASP,32,27.919,62.457,48.179,-0.47,1.85,0.0
ATOM,521.0,CA,ASP,32,28.612,62.965,47.013,0.07,2.275,0.0
ATOM,522.0,C,ASP,32,27.76,63.639,45.961,0.51,2.0,0.0
ATOM,523.0,O,ASP,32,26.968,62.974,45.303,-0.51,1.7,0.0
ATOM,524.0,CB,ASP,32,29.349,61.764,46.38,-0.28,2.175,1.93
ATOM,525.0,CG,ASP,32,29.83,61.981,44.986,0.62,2.0,1.87
ATOM,526.0,OD1,ASP,32,30.55,62.9,44.69,-0.76,1.7,4.17
ATOM,527.0,OD2,ASP,32,29.507,61.03,44.157,-0.76,1.7,3.03
ATOM,528.0,H,ASP,32,27.229,61.646,48.116,0.31,0.2245,0.0
ATOM,529.0,HA,ASP,32,29.285,63.67,47.349,0.09,1.32,0.0
ATOM,530.0,HB2,ASP,32,30.131,61.553,46.975,0.09,1.32,0.12
ATOM,531.0,HB3,ASP,32,28.713,60.987,46.398,0.09,1.32,0.0
ATOM,532.0,N,THR,33,28.003,64.962,45.762,-0.47,1.85,0.0
ATOM,533.0,CA,THR,33,27.33,65.822,44.795,0.07,2.275,0.0
ATOM,534.0,C,THR,33,27.828,65.665,43.383,0.51,2.0,0.0
ATOM,535.0,O,THR,33,27.205,66.191,42.454,-0.51,1.7,1.97
ATOM,536.0,CB,THR,33,27.362,67.311,45.132,0.14,2.275,0.0
ATOM,537.0,OG1,THR,33,28.674,67.799,44.994,-0.66,1.77,0.0
ATOM,538.0,CG2,THR,33,26.762,67.634,46.489,-0.27,2.06,0.0
ATOM,539.0,H,THR,33,28.767,65.327,46.409,0.31,0.2245,0.0
ATOM,540.0,HA,THR,33,26.333,65.598,44.815,0.09,1.32,0.0
ATOM,541.0,HB,THR,33,26.756,67.81,44.473,0.09,1.32,0.0
ATOM,542.0,HG21,THR,33,27.487,67.678,47.181,0.09,1.32,0.0
ATOM,543.0,HG22,THR,33,26.291,68.519,46.452,0.09,1.32,0.0
ATOM,544.0,HG23,THR,33,26.103,66.924,46.749,0.09,1.32,0.0
ATOM,545.0,HG1,THR,33,29.121,67.411,44.175,0.43,0.2245,0.0
ATOM,546.0,N,GLY,34,28.89,64.893,43.181,-0.47,1.85,0.0
ATOM,547.0,CA,GLY,34,29.378,64.642,41.84,-0.02,2.175,3.0
ATOM,548.0,C,GLY,34,28.743,63.416,41.234,0.51,2.0,0.99
ATOM,549.0,O,GLY,34,29.082,63.077,40.113,-0.51,1.7,20.37
ATOM,550.0,H,GLY,34,29.319,64.503,44.037,0.31,0.2245,0.0
ATOM,551.0,HA2,GLY,34,29.184,65.446,41.256,0.09,1.32,1.55
ATOM,552.0,HA3,GLY,34,30.384,64.523,41.865,0.09,1.32,2.15
ATOM,553.0,N,SER,35,27.801,62.731,41.948,-0.47,1.85,0.07
ATOM,554.0,CA,SER,35,27.111,61.485,41.464,0.07,2.275,0.0
ATOM,555.0,C,SER,35,25.646,61.347,41.976,0.51,2.0,0.0
ATOM,556.0,O,SER,35,25.283,62.064,42.891,-0.51,1.7,0.0
ATOM,557.0,CB,SER,35,27.985,60.248,41.66,0.05,2.175,7.06
ATOM,558.0,OG,SER,35,27.958,59.799,43.006,-0.66,1.77,0.0
ATOM,559.0,H,SER,35,27.594,63.153,42.88,0.31,0.2245,0.0
ATOM,560.0,HA,SER,35,27.08,61.531,40.457,0.09,1.32,1.3
ATOM,561.0,HB2,SER,35,27.648,59.518,41.069,0.09,1.32,6.54
ATOM,562.0,HB3,SER,35,28.925,60.476,41.415,0.09,1.32,1.53
ATOM,563.0,HG,SER,35,28.621,60.318,43.543,0.43,0.2245,0.0
ATOM,564.0,N,SER,36,24.774,60.451,41.419,-0.47,1.85,0.0
ATOM,565.0,CA,SER,36,23.353,60.363,41.813,0.07,2.275,0.0
ATOM,566.0,C,SER,36,22.82,59.002,42.17,0.51,2.0,0.0
ATOM,567.0,O,SER,36,21.615,58.848,42.416,-0.51,1.7,0.32
ATOM,568.0,CB,SER,36,22.477,60.976,40.748,0.05,2.175,0.0
ATOM,569.0,OG,SER,36,23.263,62.007,40.146,-0.66,1.77,0.0
ATOM,570.0,H,SER,36,25.207,59.843,40.697,0.31,0.2245,0.49
ATOM,571.0,HA,SER,36,23.233,60.981,42.632,0.09,1.32,0.0
ATOM,572.0,HB2,SER,36,22.263,60.307,40.071,0.09,1.32,0.0
ATOM,573.0,HB3,SER,36,21.69,61.38,41.16,0.09,1.32,0.0
ATOM,574.0,HG,SER,36,22.709,62.489,39.471,0.43,0.2245,0.0
ATOM,575.0,N,ASN,37,23.703,58.008,42.272,-0.47,1.85,0.0
ATOM,576.0,CA,ASN,37,23.262,56.721,42.721,0.07,2.275,0.0
ATOM,577.0,C,ASN,37,23.577,56.464,44.223,0.51,2.0,0.0
ATOM,578.0,O,ASN,37,24.439,57.097,44.832,-0.51,1.7,0.0
ATOM,579.0,CB,ASN,37,23.838,55.622,41.833,-0.18,2.175,0.01
ATOM,580.0,CG,ASN,37,23.375,55.695,40.399,0.55,2.0,0.0
ATOM,581.0,H,ASN,37,24.666,58.248,42.012,0.31,0.2245,0.09
ATOM,582.0,HA,ASN,37,22.252,56.686,42.642,0.09,1.32,0.35
ATOM,583.0,HB2,ASN,37,24.837,55.695,41.851,0.09,1.32,0.33
ATOM,584.0,HB3,ASN,37,23.565,54.736,42.213,0.09,1.32,0.12
ATOM,585.0,OD1,ASN,37,23.827,56.525,39.629,-0.55,1.7,1.52
ATOM,586.0,ND2,ASN,37,22.469,54.828,40.022,-0.62,1.85,0.0
ATOM,587.0,HD22,ASN,37,22.107,54.156,40.678,0.3,0.2245,1.54
ATOM,588.0,HD21,ASN,37,22.125,54.823,39.08,0.32,0.2245,0.0
ATOM,589.0,N,VAL,38,22.831,55.557,44.839,-0.47,1.85,0.0
ATOM,590.0,CA,VAL,38,23.066,55.118,46.17,0.07,2.275,0.0
ATOM,591.0,C,VAL,38,23.601,53.698,46.036,0.51,2.0,0.0
ATOM,592.0,O,VAL,38,23.174,52.911,45.185,-0.51,1.7,0.61
ATOM,593.0,CB,VAL,38,21.788,55.185,47.021,-0.09,2.275,0.0
ATOM,594.0,CG1,VAL,38,22.046,54.79,48.443,-0.27,2.06,0.0
ATOM,595.0,CG2,VAL,38,21.26,56.603,47.085,-0.27,2.06,0.0
ATOM,596.0,H,VAL,38,22.04,55.192,44.237,0.31,0.2245,0.23
ATOM,597.0,HA,VAL,38,23.78,55.669,46.578,0.09,1.32,0.0
ATOM,598.0,HB,VAL,38,21.138,54.525,46.638,0.09,1.32,0.0
ATOM,599.0,HG11,VAL,38,21.439,55.3,49.059,0.09,1.32,0.0
ATOM,600.0,HG12,VAL,38,21.879,53.808,48.565,0.09,1.32,0.0
ATOM,601.0,HG13,VAL,38,22.999,54.989,48.69,0.09,1.32,0.0
ATOM,602.0,HG21,VAL,38,21.515,57.092,46.249,0.09,1.32,0.0
ATOM,603.0,HG22,VAL,38,20.263,56.584,47.17,0.09,1.32,0.0
ATOM,604.0,HG23,VAL,38,21.653,57.07,47.878,0.09,1.32,0.0
ATOM,605.0,N,TRP,39,24.629,53.338,46.782,-0.47,1.85,0.0
ATOM,606.0,CA,TRP,39,25.061,51.944,46.741,0.07,2.275,0.0
ATOM,607.0,C,TRP,39,25.623,51.515,48.08,0.51,2.0,0.0
ATOM,608.0,O,TRP,39,26.131,52.331,48.867,-0.51,1.7,0.0
ATOM,609.0,CB,TRP,39,25.987,51.552,45.573,-0.18,2.175,0.0
ATOM,610.0,CG,TRP,39,27.307,52.256,45.574,-0.03,1.9924,0.0
ATOM,611.0,CD1,TRP,39,27.548,53.412,44.884,0.035,1.9924,0.0
ATOM,612.0,CD2,TRP,39,28.575,51.882,46.2,-0.02,1.8,0.0
ATOM,613.0,NE1,TRP,39,28.808,53.827,45.129,-0.61,1.85,0.0
ATOM,614.0,CE2,TRP,39,29.471,52.921,45.905,0.13,1.8,0.0
ATOM,615.0,CE3,TRP,39,29.031,50.836,47.036,-0.115,1.9924,0.0
ATOM,616.0,CZ2,TRP,39,30.784,52.919,46.366,-0.115,1.9924,0.0
ATOM,617.0,CZ3,TRP,39,30.341,50.82,47.474,-0.115,1.9924,0.0
ATOM,618.0,CH2,TRP,39,31.217,51.844,47.113,-0.115,1.9924,0.0
ATOM,619.0,H,TRP,39,25.063,54.063,47.347,0.31,0.2245,0.0
ATOM,620.0,HA,TRP,39,24.249,51.379,46.552,0.09,1.32,0.0
ATOM,621.0,HB2,TRP,39,26.168,50.576,45.627,0.09,1.32,0.0
ATOM,622.0,HB3,TRP,39,25.53,51.774,44.718,0.09,1.32,0.0
ATOM,623.0,HD1,TRP,39,26.885,53.869,44.293,0.115,1.3582,0.0
ATOM,624.0,HE1,TRP,39,29.218,54.692,44.789,0.38,0.2245,0.0
ATOM,625.0,HE3,TRP,39,28.399,50.105,47.311,0.115,1.3582,0.0
ATOM,626.0,HZ2,TRP,39,31.398,53.692,46.152,0.115,1.3582,0.41
ATOM,627.0,HZ3,TRP,39,30.655,50.074,48.047,0.115,1.3582,0.0
ATOM,628.0,HH2,TRP,39,32.17,51.795,47.402,0.115,1.3582,0.0
ATOM,629.0,N,VAL,40,25.545,50.225,48.356,-0.47,1.85,0.0
ATOM,630.0,CA,VAL,40,26.236,49.742,49.505,0.07,2.275,0.0
ATOM,631.0,C,VAL,40,26.828,48.414,49.116,0.51,2.0,0.0
ATOM,632.0,O,VAL,40,26.4,47.863,48.104,-0.51,1.7,0.0
ATOM,633.0,CB,VAL,40,25.41,49.773,50.81,-0.09,2.275,0.0
ATOM,634.0,CG1,VAL,40,25.242,51.223,51.281,-0.27,2.06,0.0
ATOM,635.0,CG2,VAL,40,24.039,49.206,50.544,-0.27,2.06,0.0
ATOM,636.0,H,VAL,40,24.986,49.662,47.714,0.31,0.2245,0.0
ATOM,637.0,HA,VAL,40,26.984,50.363,49.719,0.09,1.32,0.0
ATOM,638.0,HB,VAL,40,25.93,49.303,51.509,0.09,1.32,0.0
ATOM,639.0,HG11,VAL,40,26.067,51.509,51.764,0.09,1.32,0.0
ATOM,640.0,HG12,VAL,40,25.095,51.811,50.488,0.09,1.32,0.0
ATOM,641.0,HG13,VAL,40,24.456,51.28,51.893,0.09,1.32,0.0
ATOM,642.0,HG21,VAL,40,24.124,48.287,50.152,0.09,1.32,0.0
ATOM,643.0,HG22,VAL,40,23.523,49.153,51.402,0.09,1.32,0.0
ATOM,644.0,HG23,VAL,40,23.549,49.797,49.899,0.09,1.32,0.0
ATOM,645.0,N,PRO,41,27.767,47.86,49.911,-0.29,1.85,0.0
ATOM,646.0,CA,PRO,41,28.257,46.533,49.599,0.02,2.275,0.0
ATOM,647.0,C,PRO,41,27.201,45.507,49.933,0.51,2.0,0.0
ATOM,648.0,O,PRO,41,26.39,45.705,50.812,-0.51,1.7,0.0
ATOM,649.0,CB,PRO,41,29.56,46.327,50.357,-0.18,2.175,0.0
ATOM,650.0,CG,PRO,41,29.862,47.633,51.068,-0.18,2.175,0.0
ATOM,651.0,CD,PRO,41,28.816,48.621,50.658,0.0,2.175,0.0
ATOM,652.0,HA,PRO,41,28.532,46.466,48.634,0.09,1.32,0.0
ATOM,653.0,HB2,PRO,41,29.475,45.578,51.03,0.09,1.32,0.0
ATOM,654.0,HB3,PRO,41,30.314,46.093,49.728,0.09,1.32,0.0
ATOM,655.0,HG2,PRO,41,29.855,47.485,52.069,0.09,1.32,0.0
ATOM,656.0,HG3,PRO,41,30.788,47.952,50.813,0.09,1.32,0.0
ATOM,657.0,HD2,PRO,41,28.396,49.078,51.458,0.09,1.32,0.0
ATOM,658.0,HD3,PRO,41,29.197,49.347,50.061,0.09,1.32,0.0
ATOM,659.0,N,SER,42,27.144,44.467,49.133,-0.47,1.85,0.0
ATOM,660.0,CA,SER,42,26.143,43.434,49.244,0.07,2.275,0.0
ATOM,661.0,C,SER,42,26.682,42.22,49.921,0.51,2.0,0.0
ATOM,662.0,O,SER,42,27.836,41.862,49.684,-0.51,1.7,0.0
ATOM,663.0,CB,SER,42,25.784,42.923,47.839,0.05,2.175,0.0
ATOM,664.0,OG,SER,42,24.669,42.031,47.855,-0.66,1.77,0.0
ATOM,665.0,H,SER,42,27.899,44.451,48.396,0.31,0.2245,0.0
ATOM,666.0,HA,SER,42,25.379,43.799,49.802,0.09,1.32,0.0
ATOM,667.0,HB2,SER,42,25.56,43.706,47.261,0.09,1.32,0.0
ATOM,668.0,HB3,SER,42,26.574,42.442,47.462,0.09,1.32,0.0
ATOM,669.0,HG,SER,42,23.842,42.544,48.073,0.43,0.2245,0.0
ATOM,670.0,N,SER,43,25.779,41.524,50.626,-0.47,1.85,0.0
ATOM,671.0,CA,SER,43,26.066,40.225,51.234,0.07,2.275,0.0
ATOM,672.0,C,SER,43,26.434,39.202,50.117,0.51,2.0,0.22
ATOM,673.0,O,SER,43,27.163,38.236,50.341,-0.51,1.7,9.43
ATOM,674.0,CB,SER,43,24.866,39.776,52.052,0.05,2.175,6.34
ATOM,675.0,OG,SER,43,23.823,39.385,51.177,-0.66,1.77,3.21
ATOM,676.0,H,SER,43,24.847,41.995,50.703,0.31,0.2245,0.0
ATOM,677.0,HA,SER,43,26.865,40.318,51.822,0.09,1.32,0.0
ATOM,678.0,HB2,SER,43,25.126,39.002,52.611,0.09,1.32,7.86
ATOM,679.0,HB3,SER,43,24.553,40.531,52.61,0.09,1.32,0.0
ATOM,680.0,HG,SER,43,23.032,39.091,51.712,0.43,0.2245,1.3
ATOM,681.0,N,LYS,44,26.009,39.466,48.862,-0.47,1.85,0.0
ATOM,682.0,CA,LYS,44,26.35,38.646,47.719,0.07,2.275,2.59
ATOM,683.0,C,LYS,44,27.742,38.993,47.268,0.51,2.0,0.52
ATOM,684.0,O,LYS,44,28.205,38.536,46.247,-0.51,1.7,15.46
ATOM,685.0,CB,LYS,44,25.425,38.911,46.527,-0.18,2.175,1.21
ATOM,686.0,CG,LYS,44,24.122,38.114,46.51,-0.18,2.175,14.12
ATOM,687.0,CD,LYS,44,23.106,38.769,47.433,-0.18,2.175,1.27
ATOM,688.0,CE,LYS,44,21.709,38.145,47.473,0.21,2.175,17.03
ATOM,689.0,NZ,LYS,44,20.867,38.757,48.531,-0.3,1.85,2.1
ATOM,690.0,H,LYS,44,25.408,40.324,48.801,0.31,0.2245,0.0
ATOM,691.0,HA,LYS,44,26.323,37.681,47.989,0.09,1.32,7.32
ATOM,692.0,HB2,LYS,44,25.192,39.888,46.524,0.09,1.32,0.0
ATOM,693.0,HB3,LYS,44,25.932,38.698,45.686,0.09,1.32,4.05
ATOM,694.0,HG2,LYS,44,23.761,38.104,45.585,0.09,1.32,6.79
ATOM,695.0,HG3,LYS,44,24.302,37.192,46.827,0.09,1.32,8.62
ATOM,696.0,HD2,LYS,44,23.477,38.762,48.379,0.09,1.32,0.0
ATOM,697.0,HD3,LYS,44,23.004,39.744,47.163,0.09,1.32,0.0
ATOM,698.0,HE2,LYS,44,21.274,38.279,46.581,0.05,1.32,7.91
ATOM,699.0,HE3,LYS,44,21.802,37.163,47.648,0.05,1.32,10.59
ATOM,700.0,HZ1,LYS,44,21.176,38.441,49.428,0.33,0.2245,3.38
ATOM,701.0,HZ2,LYS,44,20.944,39.753,48.484,0.33,0.2245,0.02
ATOM,702.0,HZ3,LYS,44,19.913,38.49,48.394,0.33,0.2245,12.06
ATOM,703.0,N,CYS,45,28.422,39.897,47.918,-0.47,1.85,0.0
ATOM,704.0,CA,CYS,45,29.731,40.242,47.352,0.07,2.275,0.0
ATOM,705.0,C,CYS,45,30.75,39.169,47.655,0.51,2.0,0.0
ATOM,706.0,O,CYS,45,30.841,38.696,48.774,-0.51,1.7,0.61
ATOM,707.0,CB,CYS,45,30.232,41.602,47.737,-0.1,2.175,0.0
ATOM,708.0,SG,CYS,45,31.999,41.873,47.329,-0.08,1.975,0.0
ATOM,709.0,H,CYS,45,28.026,40.296,48.745,0.31,0.2245,0.0
ATOM,710.0,HA,CYS,45,29.627,40.312,46.353,0.09,1.32,0.0
ATOM,711.0,HB2,CYS,45,29.708,42.296,47.253,0.09,1.32,0.0
ATOM,712.0,HB3,CYS,45,30.135,41.723,48.721,0.09,1.32,0.0
ATOM,713.0,N,SER,46,31.483,38.753,46.654,-0.47,1.85,0.04
ATOM,714.0,CA,SER,46,32.462,37.72,46.824,0.07,2.275,2.4
ATOM,715.0,C,SER,46,33.567,38.119,47.796,0.51,2.0,0.0
ATOM,716.0,O,SER,46,34.219,39.168,47.599,-0.51,1.7,0.0
ATOM,717.0,CB,SER,46,33.127,37.395,45.511,0.05,2.175,22.73
ATOM,718.0,OG,SER,46,34.412,36.936,45.901,-0.66,1.77,1.32
ATOM,719.0,H,SER,46,31.296,39.229,45.744,0.31,0.2245,1.47
ATOM,720.0,HA,SER,46,32.004,36.899,47.207,0.09,1.32,7.31
ATOM,721.0,HB2,SER,46,32.651,36.676,45.072,0.09,1.32,10.15
ATOM,722.0,HB3,SER,46,33.223,38.202,44.985,0.09,1.32,0.0
ATOM,723.0,HG,SER,46,34.916,37.684,46.33,0.43,0.2245,0.0
ATOM,724.0,N,ARG,46A,33.818,37.231,48.779,-0.47,1.85,0.16
ATOM,725.0,CA,ARG,46A,34.85,37.433,49.794,0.07,2.275,0.0
ATOM,726.0,C,ARG,46A,36.214,37.5,49.182,0.51,2.0,0.1
ATOM,727.0,O,ARG,46A,37.172,37.821,49.869,-0.51,1.7,11.0
ATOM,728.0,CB,ARG,46A,34.795,36.385,50.888,-0.18,2.175,13.71
ATOM,729.0,CG,ARG,46A,33.43,36.347,51.563,-0.18,2.175,15.38
ATOM,730.0,CD,ARG,46A,32.929,37.771,51.886,0.2,2.175,0.5
ATOM,731.0,NE,ARG,46A,31.717,38.017,51.186,-0.7,1.85,0.0
ATOM,732.0,CZ,ARG,46A,30.56,37.86,51.738,0.64,2.0,0.75
ATOM,733.0,NH1,ARG,46A,30.477,37.615,53.046,-0.8,1.85,14.71
ATOM,734.0,NH2,ARG,46A,29.472,37.998,50.959,-0.8,1.85,9.0
ATOM,735.0,H,ARG,46A,33.205,36.384,48.747,0.31,0.2245,6.47
ATOM,736.0,HA,ARG,46A,34.656,38.302,50.275,0.09,1.32,0.0
ATOM,737.0,HB2,ARG,46A,34.962,35.498,50.488,0.09,1.32,9.08
ATOM,738.0,HB3,ARG,46A,35.468,36.606,51.575,0.09,1.32,3.21
ATOM,739.0,HG2,ARG,46A,32.767,35.924,50.958,0.09,1.32,5.14
ATOM,740.0,HG3,ARG,46A,33.492,35.849,52.419,0.09,1.32,10.46
ATOM,741.0,HD2,ARG,46A,32.787,37.813,52.864,0.09,1.32,3.26
ATOM,742.0,HD3,ARG,46A,33.638,38.398,51.598,0.09,1.32,0.0
ATOM,743.0,HE,ARG,46A,31.763,38.323,50.23,0.44,0.2245,0.0
ATOM,744.0,HH11,ARG,46A,31.288,37.569,53.618,0.46,0.2245,9.99
ATOM,745.0,HH12,ARG,46A,29.569,37.475,53.463,0.46,0.2245,15.92
ATOM,746.0,HH21,ARG,46A,29.557,38.232,49.999,0.46,0.2245,0.15
ATOM,747.0,HH22,ARG,46A,28.563,37.861,51.364,0.46,0.2245,2.4
ATOM,748.0,N,LEU,46B,36.272,37.181,47.877,-0.47,1.85,0.03
ATOM,749.0,CA,LEU,46B,37.472,37.321,47.145,0.07,2.275,0.03
ATOM,750.0,C,LEU,46B,37.853,38.808,46.981,0.51,2.0,0.65
ATOM,751.0,O,LEU,46B,39.022,39.161,46.865,-0.51,1.7,20.38
ATOM,752.0,CB,LEU,46B,37.668,36.376,45.957,-0.18,2.175,8.45
ATOM,753.0,CG,LEU,46B,37.884,34.896,46.364,-0.09,2.275,2.16
ATOM,754.0,CD1,LEU,46B,37.261,34.018,45.309,-0.27,2.06,37.38
ATOM,755.0,CD2,LEU,46B,39.345,34.482,46.466,-0.27,2.06,38.05
ATOM,756.0,H,LEU,46B,35.369,36.835,47.491,0.31,0.2245,0.27
ATOM,757.0,HA,LEU,46B,38.232,36.872,47.636,0.09,1.32,1.64
ATOM,758.0,HB2,LEU,46B,36.857,36.406,45.399,0.09,1.32,1.72
ATOM,759.0,HB3,LEU,46B,38.469,36.66,45.463,0.09,1.32,5.99
ATOM,760.0,HG,LEU,46B,37.445,34.746,47.238,0.09,1.32,4.86
ATOM,761.0,HD11,LEU,46B,37.692,34.193,44.421,0.09,1.32,10.01
ATOM,762.0,HD12,LEU,46B,37.387,33.053,45.55,0.09,1.32,10.19
ATOM,763.0,HD13,LEU,46B,36.28,34.212,45.239,0.09,1.32,5.0
ATOM,764.0,HD21,LEU,46B,39.805,35.045,47.154,0.09,1.32,8.4
ATOM,765.0,HD22,LEU,46B,39.402,33.519,46.732,0.09,1.32,10.39
ATOM,766.0,HD23,LEU,46B,39.792,34.61,45.58,0.09,1.32,9.64
ATOM,767.0,N,TYR,47,36.869,39.72,47.116,-0.47,1.85,0.0
ATOM,768.0,CA,TYR,47,37.152,41.136,47.203,0.07,2.275,0.27
ATOM,769.0,C,TYR,47,37.373,41.421,48.676,0.51,2.0,0.0
ATOM,770.0,O,TYR,47,36.419,41.411,49.448,-0.51,1.7,0.0
ATOM,771.0,CB,TYR,47,35.979,42.025,46.785,-0.18,2.175,0.0
ATOM,772.0,CG,TYR,47,35.844,41.954,45.323,0.0,1.9924,0.0
ATOM,773.0,CD1,TYR,47,36.694,42.672,44.482,-0.115,1.9924,3.83
ATOM,774.0,CD2,TYR,47,35.021,40.982,44.78,-0.115,1.9924,0.05
ATOM,775.0,CE1,TYR,47,36.629,42.497,43.104,-0.115,1.9924,11.19
ATOM,776.0,CE2,TYR,47,34.902,40.841,43.403,-0.115,1.9924,6.58
ATOM,777.0,CZ,TYR,47,35.715,41.592,42.563,0.11,1.9924,2.04
ATOM,778.0,OH,TYR,47,35.543,41.444,41.202,-0.54,1.77,26.09
ATOM,779.0,H,TYR,47,35.915,39.312,47.15,0.31,0.2245,0.0
ATOM,780.0,HA,TYR,47,37.995,41.324,46.72,0.09,1.32,2.28
ATOM,781.0,HB2,TYR,47,35.17,41.675,47.21,0.09,1.32,0.0
ATOM,782.0,HB3,TYR,47,36.187,42.943,47.053,0.09,1.32,0.0
ATOM,783.0,HD1,TYR,47,37.35,43.313,44.868,0.115,1.3582,1.55
ATOM,784.0,HD2,TYR,47,34.508,40.374,45.381,0.115,1.3582,0.0
ATOM,785.0,HE1,TYR,47,37.235,43.016,42.5,0.115,1.3582,10.72
ATOM,786.0,HE2,TYR,47,34.236,40.204,43.017,0.115,1.3582,5.57
ATOM,787.0,HH,TYR,47,34.757,41.986,40.912,0.43,0.2245,1.62
ATOM,788.0,N,THR,48,38.62,41.632,49.076,-0.47,1.85,0.0
ATOM,789.0,CA,THR,48,38.943,41.992,50.449,0.07,2.275,0.02
ATOM,790.0,C,THR,48,38.147,43.216,50.935,0.51,2.0,0.0
ATOM,791.0,O,THR,48,37.75,43.289,52.09,-0.51,1.7,0.0
ATOM,792.0,CB,THR,48,40.469,42.136,50.594,0.14,2.275,3.75
ATOM,793.0,OG1,THR,48,41.051,41.05,49.918,-0.66,1.77,25.57
ATOM,794.0,CG2,THR,48,40.939,42.063,52.047,-0.27,2.06,15.94
ATOM,795.0,H,THR,48,39.34,41.519,48.33,0.31,0.2245,3.37
ATOM,796.0,HA,THR,48,38.712,41.213,51.052,0.09,1.32,0.0
ATOM,797.0,HB,THR,48,40.754,42.998,50.144,0.09,1.32,0.06
ATOM,798.0,HG21,THR,48,41.571,41.294,52.158,0.09,1.32,10.14
ATOM,799.0,HG22,THR,48,41.406,42.914,52.293,0.09,1.32,0.0
ATOM,800.0,HG23,THR,48,40.15,41.933,52.65,0.09,1.32,0.0
ATOM,801.0,HG1,THR,48,40.435,40.698,49.198,0.43,0.2245,2.59
ATOM,802.0,N,ALA,49,37.845,44.206,50.077,-0.47,1.85,0.0
ATOM,803.0,CA,ALA,49,37.058,45.354,50.518,0.07,2.275,0.0
ATOM,804.0,C,ALA,49,35.706,44.916,51.061,0.51,2.0,0.0
ATOM,805.0,O,ALA,49,35.081,45.593,51.885,-0.51,1.7,0.0
ATOM,806.0,CB,ALA,49,36.886,46.292,49.36,-0.27,2.06,0.0
ATOM,807.0,H,ALA,49,38.206,44.081,49.123,0.31,0.2245,0.17
ATOM,808.0,HA,ALA,49,37.562,45.829,51.251,0.09,1.32,0.0
ATOM,809.0,HB1,ALA,49,36.066,46.047,48.837,0.09,1.32,0.0
ATOM,810.0,HB2,ALA,49,36.79,47.234,49.691,0.09,1.32,0.0
ATOM,811.0,HB3,ALA,49,37.684,46.241,48.753,0.09,1.32,0.0
ATOM,812.0,N,CYS,50,35.239,43.739,50.632,-0.47,1.85,0.0
ATOM,813.0,CA,CYS,50,33.956,43.208,51.041,0.07,2.275,0.0
ATOM,814.0,C,CYS,50,34.087,42.347,52.275,0.51,2.0,0.0
ATOM,815.0,O,CYS,50,33.138,41.682,52.611,-0.51,1.7,1.37
ATOM,816.0,CB,CYS,50,33.365,42.29,49.965,-0.1,2.175,0.0
ATOM,817.0,SG,CYS,50,32.573,43.218,48.656,-0.08,1.975,0.0
ATOM,818.0,H,CYS,50,35.886,43.241,49.976,0.31,0.2245,0.0
ATOM,819.0,HA,CYS,50,33.346,43.983,51.26,0.09,1.32,0.0
ATOM,820.0,HB2,CYS,50,34.103,41.758,49.579,0.09,1.32,0.0
ATOM,821.0,HB3,CYS,50,32.691,41.708,50.397,0.09,1.32,0.0
ATOM,822.0,N,VAL,51,35.271,42.236,52.85,-0.47,1.85,0.0
ATOM,823.0,CA,VAL,51,35.521,41.466,54.062,0.07,2.275,0.83
ATOM,824.0,C,VAL,51,35.686,42.479,55.194,0.51,2.0,0.12
ATOM,825.0,O,VAL,51,35.586,42.187,56.392,-0.51,1.7,24.39
ATOM,826.0,CB,VAL,51,36.843,40.743,53.958,-0.09,2.275,0.0
ATOM,827.0,CG1,VAL,51,37.24,40.093,55.228,-0.27,2.06,28.53
ATOM,828.0,CG2,VAL,51,36.723,39.698,52.915,-0.27,2.06,3.7
ATOM,829.0,H,VAL,51,36.039,42.762,52.35,0.31,0.2245,0.0
ATOM,830.0,HA,VAL,51,34.721,40.917,54.257,0.09,1.32,4.53
ATOM,831.0,HB,VAL,51,37.551,41.428,53.734,0.09,1.32,0.0
ATOM,832.0,HG11,VAL,51,37.647,39.189,55.052,0.09,1.32,8.68
ATOM,833.0,HG12,VAL,51,37.917,40.655,55.717,0.09,1.32,2.34
ATOM,834.0,HG13,VAL,51,36.441,39.968,55.827,0.09,1.32,6.18
ATOM,835.0,HG21,VAL,51,37.634,39.369,52.642,0.09,1.32,4.75
ATOM,836.0,HG22,VAL,51,36.191,38.917,53.262,0.09,1.32,2.51
ATOM,837.0,HG23,VAL,51,36.258,40.067,52.102,0.09,1.32,0.0
ATOM,838.0,N,TYR,52,35.944,43.711,54.783,-0.47,1.85,0.0
ATOM,839.0,CA,TYR,52,36.214,44.781,55.699,0.07,2.275,1.98
ATOM,840.0,C,TYR,52,35.1,45.817,55.793,0.51,2.0,2.07
ATOM,841.0,O,TYR,52,35.246,46.838,56.426,-0.51,1.7,19.49
ATOM,842.0,CB,TYR,52,37.506,45.414,55.233,-0.18,2.175,1.26
ATOM,843.0,CG,TYR,52,38.734,44.727,55.725,0.0,1.9924,0.0
ATOM,844.0,CD1,TYR,52,39.367,43.68,55.061,-0.115,1.9924,0.08
ATOM,845.0,CD2,TYR,52,39.342,45.229,56.86,-0.115,1.9924,12.2
ATOM,846.0,CE1,TYR,52,40.553,43.124,55.534,-0.115,1.9924,4.56
ATOM,847.0,CE2,TYR,52,40.54,44.703,57.328,-0.115,1.9924,16.32
ATOM,848.0,CZ,TYR,52,41.169,43.66,56.662,0.11,1.9924,1.84
ATOM,849.0,OH,TYR,52,42.391,43.22,57.147,-0.54,1.77,31.83
ATOM,850.0,H,TYR,52,35.932,43.827,53.742,0.31,0.2245,0.0
ATOM,851.0,HA,TYR,52,36.346,44.386,56.633,0.09,1.32,4.93
ATOM,852.0,HB2,TYR,52,37.517,45.406,54.231,0.09,1.32,0.0
ATOM,853.0,HB3,TYR,52,37.525,46.363,55.553,0.09,1.32,3.28
ATOM,854.0,HD1,TYR,52,38.96,43.313,54.218,0.115,1.3582,0.0
ATOM,855.0,HD2,TYR,52,38.916,45.986,57.357,0.115,1.3582,12.79
ATOM,856.0,HE1,TYR,52,40.963,42.341,55.064,0.115,1.3582,5.49
ATOM,857.0,HE2,TYR,52,40.959,45.083,58.162,0.115,1.3582,15.7
ATOM,858.0,HH,TYR,52,42.97,44.011,57.328,0.43,0.2245,20.93
ATOM,859.0,N,HIS,53,33.963,45.576,55.164,-0.47,1.85,0.89
ATOM,860.0,CA,HIS,53,32.914,46.549,55.253,0.07,2.275,1.48
ATOM,861.0,C,HIS,53,31.569,45.871,55.506,0.51,2.0,2.13
ATOM,862.0,O,HIS,53,31.413,44.698,55.215,-0.51,1.7,7.43
ATOM,863.0,CB,HIS,53,32.934,47.401,53.949,-0.09,2.175,0.0
ATOM,864.0,CG,HIS,53,34.097,48.349,53.784,-0.05,1.8,0.0
ATOM,865.0,H,HIS,53,33.912,44.695,54.649,0.31,0.2245,0.0
ATOM,866.0,HA,HIS,53,33.099,47.165,56.029,0.09,1.32,2.4
ATOM,867.0,HB2,HIS,53,32.926,46.769,53.157,0.09,1.32,0.0
ATOM,868.0,HB3,HIS,53,32.078,47.942,53.911,0.09,1.32,0.0
ATOM,869.0,ND1,HIS,53,35.123,48.149,52.896,-0.36,1.85,0.0
ATOM,870.0,CD2,HIS,53,34.29,49.554,54.322,0.22,1.8,2.81
ATOM,871.0,CE1,HIS,53,35.944,49.174,52.946,0.25,1.8,1.66
ATOM,872.0,NE2,HIS,53,35.44,50.059,53.777,-0.7,1.85,2.49
ATOM,873.0,HD1,HIS,53,35.227,47.348,52.304,0.32,0.2245,0.0
ATOM,874.0,HD2,HIS,53,33.711,50.012,54.998,0.1,1.468,0.32
ATOM,875.0,HE1,HIS,53,36.8,49.265,52.444,0.13,0.9,0.0
ATOM,876.0,N,LYS,54,30.605,46.586,56.07,-0.47,1.85,1.56
ATOM,877.0,CA,LYS,54,29.318,46.028,56.281,0.07,2.275,0.72
ATOM,878.0,C,LYS,54,28.688,45.724,54.953,0.51,2.0,0.0
ATOM,879.0,O,LYS,54,28.695,46.574,54.107,-0.51,1.7,0.0
ATOM,880.0,CB,LYS,54,28.384,46.971,57.001,-0.18,2.175,0.0
ATOM,881.0,CG,LYS,54,28.675,47.007,58.463,-0.18,2.175,10.69
ATOM,882.0,CD,LYS,54,27.478,47.485,59.249,-0.18,2.175,12.27
ATOM,883.0,CE,LYS,54,26.371,46.456,59.205,0.21,2.175,17.49
ATOM,884.0,NZ,LYS,54,25.159,46.925,58.516,-0.3,1.85,1.02
ATOM,885.0,H,LYS,54,30.882,47.554,56.328,0.31,0.2245,0.74
ATOM,886.0,HA,LYS,54,29.401,45.171,56.803,0.09,1.32,4.9
ATOM,887.0,HB2,LYS,54,28.506,47.88,56.625,0.09,1.32,0.0
ATOM,888.0,HB3,LYS,54,27.454,46.655,56.864,0.09,1.32,0.0
ATOM,889.0,HG2,LYS,54,28.921,46.087,58.781,0.09,1.32,7.46
ATOM,890.0,HG3,LYS,54,29.444,47.627,58.64,0.09,1.32,7.54
ATOM,891.0,HD2,LYS,54,27.745,47.625,60.195,0.09,1.32,11.13
ATOM,892.0,HD3,LYS,54,27.143,48.33,58.85,0.09,1.32,0.0
ATOM,893.0,HE2,LYS,54,26.719,45.625,58.741,0.05,1.32,3.82
ATOM,894.0,HE3,LYS,54,26.135,46.193,60.155,0.05,1.32,12.2
ATOM,895.0,HZ1,LYS,54,25.411,47.41,57.676,0.33,0.2245,0.0
ATOM,896.0,HZ2,LYS,54,24.577,46.143,58.281,0.33,0.2245,3.74
ATOM,897.0,HZ3,LYS,54,24.647,47.547,59.113,0.33,0.2245,0.17
ATOM,898.0,N,LEU,55,28.075,44.562,54.836,-0.47,1.85,0.0
ATOM,899.0,CA,LEU,55,27.405,44.126,53.66,0.07,2.275,0.0
ATOM,900.0,C,LEU,55,25.898,44.178,53.868,0.51,2.0,0.0
ATOM,901.0,O,LEU,55,25.425,43.853,54.931,-0.51,1.7,7.84
ATOM,902.0,CB,LEU,55,27.809,42.692,53.383,-0.18,2.175,0.04
ATOM,903.0,CG,LEU,55,29.309,42.473,53.367,-0.09,2.275,1.92
ATOM,904.0,CD1,LEU,55,29.622,41.096,52.8,-0.27,2.06,5.61
ATOM,905.0,CD2,LEU,55,30.005,43.512,52.531,-0.27,2.06,0.0
ATOM,906.0,H,LEU,55,28.131,43.972,55.721,0.31,0.2245,6.93
ATOM,907.0,HA,LEU,55,27.633,44.739,52.894,0.09,1.32,0.0
ATOM,908.0,HB2,LEU,55,27.43,42.121,54.097,0.09,1.32,6.27
ATOM,909.0,HB3,LEU,55,27.459,42.438,52.495,0.09,1.32,0.0
ATOM,910.0,HG,LEU,55,29.662,42.533,54.298,0.09,1.32,3.79
ATOM,911.0,HD11,LEU,55,29.268,41.03,51.867,0.09,1.32,0.0
ATOM,912.0,HD12,LEU,55,30.612,40.955,52.791,0.09,1.32,0.0
ATOM,913.0,HD13,LEU,55,29.192,40.394,53.369,0.09,1.32,3.87
ATOM,914.0,HD21,LEU,55,29.825,44.427,52.901,0.09,1.32,0.0
ATOM,915.0,HD22,LEU,55,30.995,43.348,52.534,0.09,1.32,0.0
ATOM,916.0,HD23,LEU,55,29.671,43.472,51.585,0.09,1.32,0.0
ATOM,917.0,N,PHE,56,25.112,44.513,52.863,-0.47,1.85,0.0
ATOM,918.0,CA,PHE,56,23.674,44.514,53.031,0.07,2.275,0.0
ATOM,919.0,C,PHE,56,23.106,43.135,52.719,0.51,2.0,0.0
ATOM,920.0,O,PHE,56,23.371,42.575,51.648,-0.51,1.7,0.0
ATOM,921.0,CB,PHE,56,23.006,45.562,52.113,-0.18,2.175,0.0
ATOM,922.0,CG,PHE,56,21.478,45.442,52.073,0.0,1.9924,0.0
ATOM,923.0,CD1,PHE,56,20.698,46.021,53.079,-0.115,1.9924,0.0
ATOM,924.0,CD2,PHE,56,20.832,44.818,50.996,-0.115,1.9924,0.0
ATOM,925.0,CE1,PHE,56,19.309,45.94,53.069,-0.115,1.9924,0.0
ATOM,926.0,CE2,PHE,56,19.444,44.717,51.002,-0.115,1.9924,0.0
ATOM,927.0,CZ,PHE,56,18.681,45.267,52.03,-0.115,1.9924,0.0
ATOM,928.0,H,PHE,56,25.593,44.763,51.985,0.31,0.2245,0.0
ATOM,929.0,HA,PHE,56,23.487,44.689,54.002,0.09,1.32,0.0
ATOM,930.0,HB2,PHE,56,23.224,46.453,52.461,0.09,1.32,0.0
ATOM,931.0,HB3,PHE,56,23.338,45.421,51.2,0.09,1.32,0.0
ATOM,932.0,HD1,PHE,56,21.15,46.509,53.828,0.115,1.3582,0.0
ATOM,933.0,HD2,PHE,56,21.36,44.457,50.244,0.115,1.3582,0.0
ATOM,934.0,HE1,PHE,56,18.779,46.362,53.804,0.115,1.3582,0.0
ATOM,935.0,HE2,PHE,56,18.98,44.227,50.235,0.115,1.3582,0.0
ATOM,936.0,HZ,PHE,56,17.688,45.179,52.02,0.115,1.3582,0.0
ATOM,937.0,N,ASP,57,22.349,42.574,53.669,-0.47,1.85,0.0
ATOM,938.0,CA,ASP,57,21.714,41.257,53.532,0.07,2.275,0.0
ATOM,939.0,C,ASP,57,20.179,41.394,53.395,0.51,2.0,0.0
ATOM,940.0,O,ASP,57,19.499,41.581,54.389,-0.51,1.7,0.0
ATOM,941.0,CB,ASP,57,22.048,40.299,54.702,-0.28,2.175,4.88
ATOM,942.0,CG,ASP,57,21.972,38.794,54.428,0.62,2.0,0.0
ATOM,943.0,OD1,ASP,57,21.243,38.456,53.426,-0.76,1.7,4.35
ATOM,944.0,OD2,ASP,57,22.479,37.937,55.122,-0.76,1.7,32.18
ATOM,945.0,H,ASP,57,22.246,43.163,54.532,0.31,0.2245,0.0
ATOM,946.0,HA,ASP,57,22.044,40.853,52.674,0.09,1.32,0.0
ATOM,947.0,HB2,ASP,57,22.985,40.517,55.012,0.09,1.32,5.53
ATOM,948.0,HB3,ASP,57,21.415,40.516,55.459,0.09,1.32,0.0
ATOM,949.0,N,ALA,58,19.647,41.339,52.162,-0.47,1.85,0.0
ATOM,950.0,CA,ALA,58,18.203,41.38,51.93,0.07,2.275,0.0
ATOM,951.0,C,ALA,58,17.456,40.275,52.656,0.51,2.0,0.05
ATOM,952.0,O,ALA,58,16.282,40.419,52.921,-0.51,1.7,4.02
ATOM,953.0,CB,ALA,58,17.881,41.215,50.461,-0.27,2.06,1.52
ATOM,954.0,H,ALA,58,20.348,41.265,51.397,0.31,0.2245,0.0
ATOM,955.0,HA,ALA,58,17.852,42.276,52.254,0.09,1.32,0.0
ATOM,956.0,HB1,ALA,58,17.951,40.25,50.205,0.09,1.32,3.03
ATOM,957.0,HB2,ALA,58,16.95,41.537,50.28,0.09,1.32,0.0
ATOM,958.0,HB3,ALA,58,18.526,41.748,49.911,0.09,1.32,0.0
ATOM,959.0,N,SER,59,18.09,39.129,52.922,-0.47,1.85,0.03
ATOM,960.0,CA,SER,59,17.404,38.021,53.571,0.07,2.275,2.3
ATOM,961.0,C,SER,59,16.964,38.334,54.998,0.51,2.0,0.07
ATOM,962.0,O,SER,59,16.176,37.612,55.589,-0.51,1.7,28.03
ATOM,963.0,CB,SER,59,18.175,36.729,53.485,0.05,2.175,26.63
ATOM,964.0,OG,SER,59,19.189,36.775,54.473,-0.66,1.77,13.2
ATOM,965.0,H,SER,59,19.083,39.104,52.632,0.31,0.2245,0.0
ATOM,966.0,HA,SER,59,16.57,37.809,53.031,0.09,1.32,10.31
ATOM,967.0,HB2,SER,59,17.575,35.974,53.676,0.09,1.32,9.62
ATOM,968.0,HB3,SER,59,18.595,36.655,52.598,0.09,1.32,7.12
ATOM,969.0,HG,SER,59,19.949,37.335,54.145,0.43,0.2245,0.13
ATOM,970.0,N,ASP,60,17.4,39.46,55.479,-0.47,1.85,0.0
ATOM,971.0,CA,ASP,60,17.054,39.909,56.749,0.07,2.275,2.94
ATOM,972.0,C,ASP,60,16.194,41.104,56.656,0.51,2.0,1.86
ATOM,973.0,O,ASP,60,16.033,41.798,57.652,-0.51,1.7,4.67
ATOM,974.0,CB,ASP,60,18.301,40.295,57.527,-0.28,2.175,7.52
ATOM,975.0,CG,ASP,60,19.061,39.063,57.887,0.62,2.0,4.05
ATOM,976.0,OD1,ASP,60,18.518,37.998,57.939,-0.76,1.7,25.86
ATOM,977.0,OD2,ASP,60,20.358,39.2,58.007,-0.76,1.7,28.02
ATOM,978.0,H,ASP,60,18.034,39.989,54.815,0.31,0.2245,0.0
ATOM,979.0,HA,ASP,60,16.51,39.182,57.206,0.09,1.32,5.39
ATOM,980.0,HB2,ASP,60,18.856,40.866,56.95,0.09,1.32,0.0
ATOM,981.0,HB3,ASP,60,18.019,40.758,58.347,0.09,1.32,5.69
ATOM,982.0,N,SER,61,15.712,41.438,55.492,-0.47,1.85,0.98
ATOM,983.0,CA,SER,61,14.885,42.627,55.444,0.07,2.275,0.0
ATOM,984.0,C,SER,61,13.468,42.332,54.949,0.51,2.0,0.95
ATOM,985.0,O,SER,61,13.268,41.824,53.834,-0.51,1.7,10.87
ATOM,986.0,CB,SER,61,15.507,43.714,54.604,0.05,2.175,0.0
ATOM,987.0,OG,SER,61,14.773,44.927,54.698,-0.66,1.77,0.0
ATOM,988.0,H,SER,61,15.941,40.854,54.7,0.31,0.2245,0.0
ATOM,989.0,HA,SER,61,14.808,42.999,56.383,0.09,1.32,0.0
ATOM,990.0,HB2,SER,61,16.44,43.883,54.918,0.09,1.32,0.0
ATOM,991.0,HB3,SER,61,15.522,43.426,53.647,0.09,1.32,0.0
ATOM,992.0,HG,SER,61,14.921,45.469,53.873,0.43,0.2245,0.0
ATOM,993.0,N,SER,62,12.49,42.636,55.797,-0.47,1.85,2.65
ATOM,994.0,CA,SER,62,11.101,42.449,55.468,0.07,2.275,3.94
ATOM,995.0,C,SER,62,10.628,43.49,54.449,0.51,2.0,0.11
ATOM,996.0,O,SER,62,9.725,43.252,53.651,-0.51,1.7,22.75
ATOM,997.0,CB,SER,62,10.239,42.552,56.714,0.05,2.175,26.57
ATOM,998.0,OG,SER,62,10.449,43.765,57.407,-0.66,1.77,9.2
ATOM,999.0,H,SER,62,12.822,43.018,56.712,0.31,0.2245,0.27
ATOM,1000.0,HA,SER,62,10.989,41.54,55.044,0.09,1.32,9.46
ATOM,1001.0,HB2,SER,62,9.275,42.494,56.448,0.09,1.32,9.74
ATOM,1002.0,HB3,SER,62,10.459,41.789,57.325,0.09,1.32,11.78
ATOM,1003.0,HG,SER,62,11.412,43.843,57.663,0.43,0.2245,0.25
ATOM,1004.0,N,SER,63,11.232,44.666,54.395,-0.47,1.85,0.0
ATOM,1005.0,CA,SER,63,10.726,45.6,53.429,0.07,2.275,1.24
ATOM,1006.0,C,SER,63,11.383,45.594,52.08,0.51,2.0,0.0
ATOM,1007.0,O,SER,63,11.125,46.493,51.31,-0.51,1.7,1.6
ATOM,1008.0,CB,SER,63,10.818,46.999,53.94,0.05,2.175,3.95
ATOM,1009.0,OG,SER,63,11.968,47.147,54.705,-0.66,1.77,0.0
ATOM,1010.0,H,SER,63,11.998,44.82,55.031,0.31,0.2245,0.0
ATOM,1011.0,HA,SER,63,9.722,45.395,53.289,0.09,1.32,3.79
ATOM,1012.0,HB2,SER,63,10.852,47.631,53.169,0.09,1.32,0.0
ATOM,1013.0,HB3,SER,63,10.02,47.197,54.505,0.09,1.32,9.73
ATOM,1014.0,HG,SER,63,12.739,47.421,54.123,0.43,0.2245,0.0
ATOM,1015.0,N,TYR,64,12.186,44.615,51.756,-0.47,1.85,0.02
ATOM,1016.0,CA,TYR,64,12.905,44.6,50.487,0.07,2.275,0.0
ATOM,1017.0,C,TYR,64,12.079,44.226,49.27,0.51,2.0,0.0
ATOM,1018.0,O,TYR,64,11.216,43.384,49.332,-0.51,1.7,13.48
ATOM,1019.0,CB,TYR,64,14.076,43.626,50.704,-0.18,2.175,0.0
ATOM,1020.0,CG,TYR,64,14.745,43.044,49.514,0.0,1.9924,0.0
ATOM,1021.0,CD1,TYR,64,14.326,41.818,49.004,-0.115,1.9924,3.42
ATOM,1022.0,CD2,TYR,64,15.867,43.656,48.963,-0.115,1.9924,0.0
ATOM,1023.0,CE1,TYR,64,14.943,41.28,47.884,-0.115,1.9924,6.34
ATOM,1024.0,CE2,TYR,64,16.471,43.165,47.809,-0.115,1.9924,0.0
ATOM,1025.0,CZ,TYR,64,16.03,41.941,47.312,0.11,1.9924,0.0
ATOM,1026.0,OH,TYR,64,16.663,41.396,46.241,-0.54,1.77,8.42
ATOM,1027.0,H,TYR,64,12.273,43.855,52.464,0.31,0.2245,0.07
ATOM,1028.0,HA,TYR,64,13.287,45.54,50.332,0.09,1.32,0.0
ATOM,1029.0,HB2,TYR,64,14.774,44.117,51.262,0.09,1.32,0.0
ATOM,1030.0,HB3,TYR,64,13.728,42.864,51.285,0.09,1.32,0.17
ATOM,1031.0,HD1,TYR,64,13.582,41.325,49.444,0.115,1.3582,10.72
ATOM,1032.0,HD2,TYR,64,16.249,44.469,49.405,0.115,1.3582,0.0
ATOM,1033.0,HE1,TYR,64,14.613,40.425,47.485,0.115,1.3582,10.36
ATOM,1034.0,HE2,TYR,64,17.189,43.666,47.356,0.115,1.3582,0.0
ATOM,1035.0,HH,TYR,64,17.324,42.051,45.871,0.43,0.2245,0.11
ATOM,1036.0,N,LYS,65,12.341,44.836,48.138,-0.47,1.85,0.0
ATOM,1037.0,CA,LYS,65,11.712,44.409,46.915,0.07,2.275,0.16
ATOM,1038.0,C,LYS,65,12.809,44.146,45.917,0.51,2.0,0.0
ATOM,1039.0,O,LYS,65,13.584,45.027,45.654,-0.51,1.7,0.06
ATOM,1040.0,CB,LYS,65,10.706,45.369,46.345,-0.18,2.175,5.89
ATOM,1041.0,CG,LYS,65,9.801,45.932,47.409,-0.18,2.175,1.34
ATOM,1042.0,CD,LYS,65,8.407,45.321,47.373,-0.18,2.175,11.92
ATOM,1043.0,CE,LYS,65,7.405,45.988,48.326,0.21,2.175,20.5
ATOM,1044.0,NZ,LYS,65,7.641,45.706,49.768,-0.3,1.85,4.76
ATOM,1045.0,H,LYS,65,13.014,45.621,48.201,0.31,0.2245,0.0
ATOM,1046.0,HA,LYS,65,11.211,43.563,47.078,0.09,1.32,2.06
ATOM,1047.0,HB2,LYS,65,11.19,46.122,45.914,0.09,1.32,0.0
ATOM,1048.0,HB3,LYS,65,10.147,44.888,45.678,0.09,1.32,6.93
ATOM,1049.0,HG2,LYS,65,10.202,45.757,48.315,0.09,1.32,0.0
ATOM,1050.0,HG3,LYS,65,9.717,46.927,47.284,0.09,1.32,0.09
ATOM,1051.0,HD2,LYS,65,8.044,45.395,46.439,0.09,1.32,10.02
ATOM,1052.0,HD3,LYS,65,8.471,44.35,47.62,0.09,1.32,6.52
ATOM,1053.0,HE2,LYS,65,7.44,46.99,48.173,0.05,1.32,8.71
ATOM,1054.0,HE3,LYS,65,6.473,45.678,48.075,0.05,1.32,12.28
ATOM,1055.0,HZ1,LYS,65,8.619,45.566,49.923,0.33,0.2245,0.0
ATOM,1056.0,HZ2,LYS,65,7.324,46.481,50.314,0.33,0.2245,17.9
ATOM,1057.0,HZ3,LYS,65,7.139,44.883,50.032,0.33,0.2245,19.01
ATOM,1058.0,N,HIS,66,12.89,42.933,45.393,-0.47,1.85,0.64
ATOM,1059.0,CA,HIS,66,13.911,42.534,44.465,0.07,2.275,0.0
ATOM,1060.0,C,HIS,66,13.844,43.304,43.169,0.51,2.0,0.0
ATOM,1061.0,O,HIS,66,12.79,43.735,42.779,-0.51,1.7,17.29
ATOM,1062.0,CB,HIS,66,13.725,41.03,44.197,-0.09,2.175,10.95
ATOM,1063.0,CG,HIS,66,14.368,40.537,42.942,-0.05,1.8,0.68
ATOM,1064.0,H,HIS,66,12.127,42.28,45.724,0.31,0.2245,8.2
ATOM,1065.0,HA,HIS,66,14.82,42.705,44.888,0.09,1.32,0.0
ATOM,1066.0,HB2,HIS,66,14.107,40.514,44.976,0.09,1.32,1.65
ATOM,1067.0,HB3,HIS,66,12.736,40.832,44.148,0.09,1.32,7.26
ATOM,1068.0,ND1,HIS,66,13.612,40.307,41.789,-0.36,1.85,7.23
ATOM,1069.0,CD2,HIS,66,15.668,40.222,42.669,0.22,1.8,12.79
ATOM,1070.0,CE1,HIS,66,14.474,39.906,40.844,0.25,1.8,17.19
ATOM,1071.0,NE2,HIS,66,15.705,39.812,41.343,-0.7,1.85,17.79
ATOM,1072.0,HD1,HIS,66,12.649,40.418,41.695,0.32,0.2245,16.54
ATOM,1073.0,HD2,HIS,66,16.434,40.273,43.29,0.1,1.468,5.46
ATOM,1074.0,HE1,HIS,66,14.223,39.704,39.893,0.13,0.9,16.56
ATOM,1075.0,N,ASN,67,14.979,43.563,42.532,-0.47,1.85,0.0
ATOM,1076.0,CA,ASN,67,14.985,44.184,41.234,0.07,2.275,0.04
ATOM,1077.0,C,ASN,67,15.915,43.388,40.362,0.51,2.0,0.0
ATOM,1078.0,O,ASN,67,15.493,42.611,39.53,-0.51,1.7,14.14
ATOM,1079.0,CB,ASN,67,15.158,45.679,41.153,-0.18,2.175,0.0
ATOM,1080.0,CG,ASN,67,15.277,46.132,39.71,0.55,2.0,0.07
ATOM,1081.0,H,ASN,67,15.838,43.282,43.047,0.31,0.2245,0.05
ATOM,1082.0,HA,ASN,67,14.068,44.093,40.852,0.09,1.32,4.15
ATOM,1083.0,HB2,ASN,67,14.366,46.12,41.554,0.09,1.32,0.38
ATOM,1084.0,HB3,ASN,67,15.988,45.936,41.631,0.09,1.32,0.0
ATOM,1085.0,OD1,ASN,67,16.375,46.035,39.131,-0.55,1.7,0.0
ATOM,1086.0,ND2,ASN,67,14.225,46.813,39.201,-0.62,1.85,15.87
ATOM,1087.0,HD22,ASN,67,13.437,46.988,39.788,0.3,0.2245,7.9
ATOM,1088.0,HD21,ASN,67,14.249,47.127,38.263,0.32,0.2245,17.18
ATOM,1089.0,N,GLY,68,17.192,43.395,40.649,-0.47,1.85,0.02
ATOM,1090.0,CA,GLY,68,18.041,42.477,39.906,-0.02,2.175,6.81
ATOM,1091.0,C,GLY,68,18.811,43.074,38.766,0.51,2.0,2.04
ATOM,1092.0,O,GLY,68,19.782,42.476,38.344,-0.51,1.7,11.58
ATOM,1093.0,H,GLY,68,17.51,44.033,41.364,0.31,0.2245,0.0
ATOM,1094.0,HA2,GLY,68,18.698,42.031,40.564,0.09,1.32,3.58
ATOM,1095.0,HA3,GLY,68,17.458,41.702,39.555,0.09,1.32,3.39
ATOM,1096.0,N,THR,69,18.406,44.253,38.319,-0.47,1.85,0.39
ATOM,1097.0,CA,THR,69,19.04,44.93,37.238,0.07,2.275,0.44
ATOM,1098.0,C,THR,69,20.454,45.262,37.558,0.51,2.0,0.0
ATOM,1099.0,O,THR,69,20.72,45.875,38.57,-0.51,1.7,0.0
ATOM,1100.0,CB,THR,69,18.258,46.166,36.84,0.14,2.275,1.2
ATOM,1101.0,OG1,THR,69,17.485,45.777,35.759,-0.66,1.77,21.63
ATOM,1102.0,CG2,THR,69,19.186,47.199,36.29,-0.27,2.06,13.49
ATOM,1103.0,H,THR,69,17.574,44.637,38.839,0.31,0.2245,0.0
ATOM,1104.0,HA,THR,69,19.025,44.326,36.42,0.09,1.32,5.26
ATOM,1105.0,HB,THR,69,17.654,46.431,37.608,0.09,1.32,0.0
ATOM,1106.0,HG21,THR,69,19.881,46.772,35.699,0.09,1.32,2.12
ATOM,1107.0,HG22,THR,69,18.678,47.876,35.743,0.09,1.32,11.19
ATOM,1108.0,HG23,THR,69,19.658,47.684,37.036,0.09,1.32,0.0
ATOM,1109.0,HG1,THR,69,16.846,45.029,36.006,0.43,0.2245,15.9
ATOM,1110.0,N,GLU,70,21.351,44.862,36.669,-0.47,1.85,0.0
ATOM,1111.0,CA,GLU,70,22.737,45.023,36.873,0.07,2.275,0.0
ATOM,1112.0,C,GLU,70,23.158,46.474,36.671,0.51,2.0,0.38
ATOM,1113.0,O,GLU,70,22.543,47.194,35.904,-0.51,1.7,13.97
ATOM,1114.0,CB,GLU,70,23.456,44.005,35.961,-0.18,2.175,12.18
ATOM,1115.0,CG,GLU,70,23.547,42.6,36.62,-0.28,2.175,8.11
ATOM,1116.0,CD,GLU,70,23.495,41.358,35.694,0.62,2.0,4.9
ATOM,1117.0,OE1,GLU,70,24.571,41.141,34.915,-0.76,1.7,44.13
ATOM,1118.0,OE2,GLU,70,22.555,40.545,35.744,-0.76,1.7,42.55
ATOM,1119.0,H,GLU,70,20.926,44.421,35.813,0.31,0.2245,7.09
ATOM,1120.0,HA,GLU,70,23.0,44.738,37.81,0.09,1.32,0.0
ATOM,1121.0,HB2,GLU,70,22.933,43.907,35.149,0.09,1.32,6.27
ATOM,1122.0,HB3,GLU,70,24.364,44.315,35.821,0.09,1.32,7.85
ATOM,1123.0,HG2,GLU,70,24.411,42.556,37.117,0.09,1.32,8.7
ATOM,1124.0,HG3,GLU,70,22.786,42.516,37.26,0.09,1.32,0.02
ATOM,1125.0,N,LEU,71,24.188,46.945,37.391,-0.47,1.85,1.01
ATOM,1126.0,CA,LEU,71,24.647,48.282,37.185,0.07,2.275,2.04
ATOM,1127.0,C,LEU,71,26.089,48.459,37.583,0.51,2.0,0.53
ATOM,1128.0,O,LEU,71,26.528,47.828,38.564,-0.51,1.7,0.53
ATOM,1129.0,CB,LEU,71,23.68,49.349,37.672,-0.18,2.175,1.6
ATOM,1130.0,CG,LEU,71,24.2,50.047,38.878,-0.09,2.275,0.0
ATOM,1131.0,CD1,LEU,71,23.368,51.286,39.143,-0.27,2.06,0.34
ATOM,1132.0,CD2,LEU,71,24.09,49.077,40.038,-0.27,2.06,0.27
ATOM,1133.0,H,LEU,71,24.584,46.275,38.065,0.31,0.2245,0.01
ATOM,1134.0,HA,LEU,71,24.559,48.513,36.199,0.09,1.32,4.29
ATOM,1135.0,HB2,LEU,71,23.573,50.007,36.95,0.09,1.32,0.69
ATOM,1136.0,HB3,LEU,71,22.836,48.905,37.905,0.09,1.32,0.0
ATOM,1137.0,HG,LEU,71,25.151,50.32,38.733,0.09,1.32,0.0
ATOM,1138.0,HD11,LEU,71,22.413,51.025,39.296,0.09,1.32,0.0
ATOM,1139.0,HD12,LEU,71,23.716,51.759,39.955,0.09,1.32,0.28
ATOM,1140.0,HD13,LEU,71,23.419,51.902,38.355,0.09,1.32,0.0
ATOM,1141.0,HD21,LEU,71,24.633,48.257,39.845,0.09,1.32,0.0
ATOM,1142.0,HD22,LEU,71,24.432,49.51,40.874,0.09,1.32,0.0
ATOM,1143.0,HD23,LEU,71,23.132,48.815,40.169,0.09,1.32,0.0
ATOM,1144.0,N,THR,72,26.822,49.216,36.749,-0.47,1.85,0.88
ATOM,1145.0,CA,THR,72,28.241,49.546,36.935,0.07,2.275,0.0
ATOM,1146.0,C,THR,72,28.335,51.001,37.22,0.51,2.0,0.0
ATOM,1147.0,O,THR,72,27.716,51.752,36.479,-0.51,1.7,2.89
ATOM,1148.0,CB,THR,72,29.167,49.244,35.734,0.14,2.275,3.27
ATOM,1149.0,OG1,THR,72,29.304,47.833,35.601,-0.66,1.77,21.54
ATOM,1150.0,CG2,THR,72,30.542,49.809,35.976,-0.27,2.06,1.62
ATOM,1151.0,H,THR,72,26.269,49.567,35.916,0.31,0.2245,6.09
ATOM,1152.0,HA,THR,72,28.576,49.028,37.72,0.09,1.32,0.0
ATOM,1153.0,HB,THR,72,28.731,49.608,34.89,0.09,1.32,4.59
ATOM,1154.0,HG21,THR,72,30.512,50.814,35.966,0.09,1.32,0.0
ATOM,1155.0,HG22,THR,72,30.89,49.506,36.869,0.09,1.32,0.0
ATOM,1156.0,HG23,THR,72,31.176,49.499,35.261,0.09,1.32,2.63
ATOM,1157.0,HG1,THR,72,29.657,47.43,36.454,0.43,0.2245,0.0
ATOM,1158.0,N,LEU,73,29.062,51.346,38.298,-0.47,1.85,0.0
ATOM,1159.0,CA,LEU,73,29.256,52.705,38.693,0.07,2.275,0.07
ATOM,1160.0,C,LEU,73,30.716,53.114,38.545,0.51,2.0,0.0
ATOM,1161.0,O,LEU,73,31.61,52.541,39.17,-0.51,1.7,0.0
ATOM,1162.0,CB,LEU,73,28.705,52.965,40.103,-0.18,2.175,0.1
ATOM,1163.0,CG,LEU,73,27.222,52.608,40.257,-0.09,2.275,0.31
ATOM,1164.0,CD1,LEU,73,26.784,52.759,41.716,-0.27,2.06,0.06
ATOM,1165.0,CD2,LEU,73,26.406,53.565,39.399,-0.27,2.06,0.69
ATOM,1166.0,H,LEU,73,29.463,50.522,38.807,0.31,0.2245,0.0
ATOM,1167.0,HA,LEU,73,28.703,53.308,38.101,0.09,1.32,0.0
ATOM,1168.0,HB2,LEU,73,29.212,52.406,40.735,0.09,1.32,0.0
ATOM,1169.0,HB3,LEU,73,28.802,53.925,40.295,0.09,1.32,0.96
ATOM,1170.0,HG,LEU,73,27.083,51.663,39.968,0.09,1.32,0.16
ATOM,1171.0,HD11,LEU,73,26.924,53.704,42.006,0.09,1.32,0.0
ATOM,1172.0,HD12,LEU,73,25.817,52.523,41.796,0.09,1.32,0.05
ATOM,1173.0,HD13,LEU,73,27.328,52.148,42.289,0.09,1.32,0.0
ATOM,1174.0,HD21,LEU,73,26.682,53.474,38.442,0.09,1.32,0.0
ATOM,1175.0,HD22,LEU,73,25.433,53.347,39.487,0.09,1.32,0.0
ATOM,1176.0,HD23,LEU,73,26.565,54.505,39.703,0.09,1.32,3.32
ATOM,1177.0,N,ARG,74,30.978,54.057,37.652,-0.47,1.85,0.24
ATOM,1178.0,CA,ARG,74,32.324,54.56,37.413,0.07,2.275,0.0
ATOM,1179.0,C,ARG,74,32.604,55.886,38.102,0.51,2.0,0.3
ATOM,1180.0,O,ARG,74,31.83,56.819,38.024,-0.51,1.7,21.49
ATOM,1181.0,CB,ARG,74,32.605,54.655,35.926,-0.18,2.175,7.62
ATOM,1182.0,CG,ARG,74,32.583,53.297,35.205,-0.18,2.175,0.47
ATOM,1183.0,CD,ARG,74,32.909,53.457,33.727,0.2,2.175,16.61
ATOM,1184.0,NE,ARG,74,33.026,52.214,32.966,-0.7,1.85,6.31
ATOM,1185.0,CZ,ARG,74,32.068,51.261,32.787,0.64,2.0,1.55
ATOM,1186.0,NH1,ARG,74,30.822,51.325,33.264,-0.8,1.85,13.28
ATOM,1187.0,NH2,ARG,74,32.344,50.196,32.042,-0.8,1.85,25.04
ATOM,1188.0,H,ARG,74,30.139,54.408,37.135,0.31,0.2245,3.62
ATOM,1189.0,HA,ARG,74,32.992,53.872,37.753,0.09,1.32,0.0
ATOM,1190.0,HB2,ARG,74,31.912,55.228,35.503,0.09,1.32,8.09
ATOM,1191.0,HB3,ARG,74,33.508,55.048,35.793,0.09,1.32,5.67
ATOM,1192.0,HG2,ARG,74,33.263,52.701,35.614,0.09,1.32,0.0
ATOM,1193.0,HG3,ARG,74,31.676,52.902,35.285,0.09,1.32,0.0
ATOM,1194.0,HD2,ARG,74,32.185,54.029,33.311,0.09,1.32,9.47
ATOM,1195.0,HD3,ARG,74,33.78,53.967,33.658,0.09,1.32,10.32
ATOM,1196.0,HE,ARG,74,33.924,52.025,32.511,0.44,0.2245,15.97
ATOM,1197.0,HH11,ARG,74,30.579,52.16,33.781,0.46,0.2245,4.47
ATOM,1198.0,HH12,ARG,74,30.182,50.602,33.118,0.46,0.2245,6.45
ATOM,1199.0,HH21,ARG,74,33.24,50.111,31.604,0.46,0.2245,17.9
ATOM,1200.0,HH22,ARG,74,31.658,49.48,31.917,0.46,0.2245,16.44
ATOM,1201.0,N,TYR,75,33.693,55.974,38.836,-0.47,1.85,0.0
ATOM,1202.0,CA,TYR,75,34.023,57.205,39.497,0.07,2.275,1.38
ATOM,1203.0,C,TYR,75,35.38,57.506,38.991,0.51,2.0,2.17
ATOM,1204.0,O,TYR,75,36.002,56.651,38.397,-0.51,1.7,10.28
ATOM,1205.0,CB,TYR,75,34.091,57.075,41.04,-0.18,2.175,5.35
ATOM,1206.0,CG,TYR,75,32.749,56.794,41.635,0.0,1.9924,0.69
ATOM,1207.0,CD1,TYR,75,31.797,57.806,41.735,-0.115,1.9924,8.57
ATOM,1208.0,CD2,TYR,75,32.397,55.502,42.021,-0.115,1.9924,4.43
ATOM,1209.0,CE1,TYR,75,30.532,57.55,42.248,-0.115,1.9924,3.65
ATOM,1210.0,CE2,TYR,75,31.116,55.221,42.504,-0.115,1.9924,0.43
ATOM,1211.0,CZ,TYR,75,30.187,56.252,42.614,0.11,1.9924,0.0
ATOM,1212.0,OH,TYR,75,28.924,56.011,43.052,-0.54,1.77,0.62
ATOM,1213.0,H,TYR,75,34.263,55.112,38.889,0.31,0.2245,0.0
ATOM,1214.0,HA,TYR,75,33.4,57.905,39.191,0.09,1.32,3.6
ATOM,1215.0,HB2,TYR,75,34.703,56.328,41.25,0.09,1.32,0.35
ATOM,1216.0,HB3,TYR,75,34.431,57.932,41.397,0.09,1.32,4.1
ATOM,1217.0,HD1,TYR,75,32.027,58.732,41.434,0.115,1.3582,9.28
ATOM,1218.0,HD2,TYR,75,33.064,54.767,41.952,0.115,1.3582,0.02
ATOM,1219.0,HE1,TYR,75,29.87,58.292,42.354,0.115,1.3582,0.0
ATOM,1220.0,HE2,TYR,75,30.871,54.293,42.767,0.115,1.3582,0.0
ATOM,1221.0,HH,TYR,75,28.418,56.873,43.11,0.43,0.2245,0.16
ATOM,1222.0,N,SER,76,35.828,58.706,39.259,-0.47,1.85,2.67
ATOM,1223.0,CA,SER,76,37.112,59.124,38.832,0.07,2.275,1.79
ATOM,1224.0,C,SER,76,38.144,58.156,39.314,0.51,2.0,0.0
ATOM,1225.0,O,SER,76,39.109,57.921,38.62,-0.51,1.7,24.98
ATOM,1226.0,CB,SER,76,37.416,60.48,39.423,0.05,2.175,4.11
ATOM,1227.0,OG,SER,76,36.619,61.428,38.768,-0.66,1.77,10.12
ATOM,1228.0,H,SER,76,35.165,59.307,39.802,0.31,0.2245,4.85
ATOM,1229.0,HA,SER,76,37.134,59.127,37.823,0.09,1.32,10.85
ATOM,1230.0,HB2,SER,76,37.194,60.472,40.385,0.09,1.32,5.37
ATOM,1231.0,HB3,SER,76,38.369,60.693,39.273,0.09,1.32,0.0
ATOM,1232.0,HG,SER,76,36.137,61.993,39.441,0.43,0.2245,19.72
ATOM,1233.0,N,THR,77,38.002,57.654,40.52,-0.47,1.85,0.0
ATOM,1234.0,CA,THR,77,39.09,56.923,41.079,0.07,2.275,2.26
ATOM,1235.0,C,THR,77,38.859,55.451,41.292,0.51,2.0,1.96
ATOM,1236.0,O,THR,77,39.596,54.823,42.069,-0.51,1.7,12.17
ATOM,1237.0,CB,THR,77,39.532,57.578,42.402,0.14,2.275,5.21
ATOM,1238.0,OG1,THR,77,38.394,57.712,43.208,-0.66,1.77,17.45
ATOM,1239.0,CG2,THR,77,40.109,58.964,42.15,-0.27,2.06,17.35
ATOM,1240.0,H,THR,77,37.104,57.828,40.979,0.31,0.2245,0.0
ATOM,1241.0,HA,THR,77,39.909,57.027,40.457,0.09,1.32,5.31
ATOM,1242.0,HB,THR,77,40.195,56.959,42.86,0.09,1.32,4.33
ATOM,1243.0,HG21,THR,77,39.372,59.644,42.149,0.09,1.32,3.16
ATOM,1244.0,HG22,THR,77,40.767,59.194,42.87,0.09,1.32,10.37
ATOM,1245.0,HG23,THR,77,40.574,58.982,41.262,0.09,1.32,2.82
ATOM,1246.0,HG1,THR,77,37.548,57.572,42.672,0.43,0.2245,3.8
ATOM,1247.0,N,GLY,78,37.858,54.921,40.608,-0.47,1.85,3.02
ATOM,1248.0,CA,GLY,78,37.506,53.543,40.794,-0.02,2.175,4.7
ATOM,1249.0,C,GLY,78,36.092,53.248,40.328,0.51,2.0,0.0
ATOM,1250.0,O,GLY,78,35.297,54.167,40.03,-0.51,1.7,0.0
ATOM,1251.0,H,GLY,78,37.379,55.567,39.959,0.31,0.2245,0.0
ATOM,1252.0,HA2,GLY,78,38.151,52.95,40.283,0.09,1.32,10.95
ATOM,1253.0,HA3,GLY,78,37.588,53.295,41.775,0.09,1.32,0.0
ATOM,1254.0,N,THR,79,35.811,51.946,40.262,-0.47,1.85,0.08
ATOM,1255.0,CA,THR,79,34.575,51.379,39.774,0.07,2.275,0.0
ATOM,1256.0,C,THR,79,34.084,50.26,40.676,0.51,2.0,0.21
ATOM,1257.0,O,THR,79,34.845,49.575,41.385,-0.51,1.7,0.77
ATOM,1258.0,CB,THR,79,34.755,50.832,38.344,0.14,2.275,6.47
ATOM,1259.0,OG1,THR,79,35.567,51.731,37.616,-0.66,1.77,19.44
ATOM,1260.0,CG2,THR,79,33.408,50.682,37.637,-0.27,2.06,6.95
ATOM,1261.0,H,THR,79,36.613,51.337,40.616,0.31,0.2245,1.93
ATOM,1262.0,HA,THR,79,33.87,52.103,39.757,0.09,1.32,0.0
ATOM,1263.0,HB,THR,79,35.23,49.933,38.4,0.09,1.32,8.9
ATOM,1264.0,HG21,THR,79,33.553,50.611,36.649,0.09,1.32,2.75
ATOM,1265.0,HG22,THR,79,32.946,49.856,37.964,0.09,1.32,0.32
ATOM,1266.0,HG23,THR,79,32.835,51.48,37.831,0.09,1.32,0.0
ATOM,1267.0,HG1,THR,79,35.661,52.608,38.106,0.43,0.2245,1.99
ATOM,1268.0,N,VAL,80,32.773,50.113,40.664,-0.47,1.85,0.0
ATOM,1269.0,CA,VAL,80,32.122,49.082,41.431,0.07,2.275,1.78
ATOM,1270.0,C,VAL,80,30.959,48.589,40.545,0.51,2.0,0.0
ATOM,1271.0,O,VAL,80,30.389,49.359,39.772,-0.51,1.7,0.02
ATOM,1272.0,CB,VAL,80,31.601,49.624,42.808,-0.09,2.275,0.0
ATOM,1273.0,CG1,VAL,80,32.651,49.963,43.919,-0.27,2.06,0.0
ATOM,1274.0,CG2,VAL,80,30.718,50.814,42.548,-0.27,2.06,0.0
ATOM,1275.0,H,VAL,80,32.263,50.795,40.063,0.31,0.2245,0.0
ATOM,1276.0,HA,VAL,80,32.742,48.325,41.551,0.09,1.32,0.35
ATOM,1277.0,HB,VAL,80,30.996,48.906,43.206,0.09,1.32,0.0
ATOM,1278.0,HG11,VAL,80,32.312,50.734,44.444,0.09,1.32,0.0
ATOM,1279.0,HG12,VAL,80,32.759,49.165,44.5,0.09,1.32,0.0
ATOM,1280.0,HG13,VAL,80,33.51,50.192,43.477,0.09,1.32,0.0
ATOM,1281.0,HG21,VAL,80,29.9,50.526,42.044,0.09,1.32,0.08
ATOM,1282.0,HG22,VAL,80,30.44,51.226,43.419,0.09,1.32,0.0
ATOM,1283.0,HG23,VAL,80,31.217,51.494,42.006,0.09,1.32,0.0
ATOM,1284.0,N,SER,81,30.615,47.329,40.634,-0.47,1.85,0.42
ATOM,1285.0,CA,SER,81,29.485,46.772,39.923,0.07,2.275,0.26
ATOM,1286.0,C,SER,81,28.542,46.103,40.916,0.51,2.0,0.0
ATOM,1287.0,O,SER,81,28.969,45.631,41.998,-0.51,1.7,0.0
ATOM,1288.0,CB,SER,81,29.973,45.688,39.006,0.05,2.175,5.86
ATOM,1289.0,OG,SER,81,30.154,46.225,37.73,-0.66,1.77,8.12
ATOM,1290.0,H,SER,81,31.228,46.753,41.266,0.31,0.2245,0.0
ATOM,1291.0,HA,SER,81,28.985,47.521,39.484,0.09,1.32,0.0
ATOM,1292.0,HB2,SER,81,30.839,45.339,39.342,0.09,1.32,0.05
ATOM,1293.0,HB3,SER,81,29.295,44.965,38.964,0.09,1.32,5.44
ATOM,1294.0,HG,SER,81,31.07,46.625,37.652,0.43,0.2245,9.5
ATOM,1295.0,N,GLY,82,27.265,46.015,40.54,-0.47,1.85,0.12
ATOM,1296.0,CA,GLY,82,26.289,45.362,41.383,-0.02,2.175,2.16
ATOM,1297.0,C,GLY,82,24.971,45.296,40.673,0.51,2.0,0.21
ATOM,1298.0,O,GLY,82,24.933,45.286,39.433,-0.51,1.7,2.86
ATOM,1299.0,H,GLY,82,27.051,46.443,39.623,0.31,0.2245,0.06
ATOM,1300.0,HA2,GLY,82,26.604,44.433,41.604,0.09,1.32,0.0
ATOM,1301.0,HA3,GLY,82,26.188,45.876,42.241,0.09,1.32,0.0
ATOM,1302.0,N,PHE,83,23.881,45.289,41.433,-0.47,1.85,0.0
ATOM,1303.0,CA,PHE,83,22.587,45.192,40.823,0.07,2.275,0.0
ATOM,1304.0,C,PHE,83,21.657,46.009,41.641,0.51,2.0,0.0
ATOM,1305.0,O,PHE,83,22.003,46.294,42.749,-0.51,1.7,0.0
ATOM,1306.0,CB,PHE,83,22.169,43.707,40.767,-0.18,2.175,1.96
ATOM,1307.0,CG,PHE,83,22.227,42.988,42.096,0.0,1.9924,0.56
ATOM,1308.0,CD1,PHE,83,21.176,43.079,43.008,-0.115,1.9924,1.04
ATOM,1309.0,CD2,PHE,83,23.355,42.254,42.475,-0.115,1.9924,8.89
ATOM,1310.0,CE1,PHE,83,21.222,42.409,44.23,-0.115,1.9924,6.01
ATOM,1311.0,CE2,PHE,83,23.443,41.616,43.715,-0.115,1.9924,5.6
ATOM,1312.0,CZ,PHE,83,22.345,41.656,44.575,-0.115,1.9924,3.71
ATOM,1313.0,H,PHE,83,24.052,45.357,42.447,0.31,0.2245,0.0
ATOM,1314.0,HA,PHE,83,22.652,45.621,39.923,0.09,1.32,0.0
ATOM,1315.0,HB2,PHE,83,21.236,43.671,40.441,0.09,1.32,0.0
ATOM,1316.0,HB3,PHE,83,22.784,43.247,40.144,0.09,1.32,0.19
ATOM,1317.0,HD1,PHE,83,20.376,43.63,42.786,0.115,1.3582,0.0
ATOM,1318.0,HD2,PHE,83,24.128,42.182,41.834,0.115,1.3582,5.26
ATOM,1319.0,HE1,PHE,83,20.441,42.474,44.861,0.115,1.3582,0.2
ATOM,1320.0,HE2,PHE,83,24.286,41.14,43.977,0.115,1.3582,0.06
ATOM,1321.0,HZ,PHE,83,22.359,41.15,45.433,0.115,1.3582,0.0
ATOM,1322.0,N,LEU,84,20.486,46.368,41.115,-0.47,1.85,0.0
ATOM,1323.0,CA,LEU,84,19.506,47.165,41.805,0.07,2.275,0.0
ATOM,1324.0,C,LEU,84,18.589,46.389,42.759,0.51,2.0,0.0
ATOM,1325.0,O,LEU,84,18.149,45.249,42.506,-0.51,1.7,0.0
ATOM,1326.0,CB,LEU,84,18.706,48.044,40.861,-0.18,2.175,0.0
ATOM,1327.0,CG,LEU,84,19.598,48.944,40.062,-0.09,2.275,0.0
ATOM,1328.0,CD1,LEU,84,18.811,49.511,38.896,-0.27,2.06,7.99
ATOM,1329.0,CD2,LEU,84,20.113,50.05,40.972,-0.27,2.06,0.24
ATOM,1330.0,H,LEU,84,20.344,46.007,40.131,0.31,0.2245,0.0
ATOM,1331.0,HA,LEU,84,19.99,47.88,42.357,0.09,1.32,0.0
ATOM,1332.0,HB2,LEU,84,18.222,47.459,40.239,0.09,1.32,0.0
ATOM,1333.0,HB3,LEU,84,18.107,48.602,41.4,0.09,1.32,0.0
ATOM,1334.0,HG,LEU,84,20.374,48.426,39.711,0.09,1.32,0.0
ATOM,1335.0,HD11,LEU,84,18.028,50.032,39.24,0.09,1.32,1.07
ATOM,1336.0,HD12,LEU,84,19.398,50.115,38.355,0.09,1.32,0.07
ATOM,1337.0,HD13,LEU,84,18.482,48.764,38.317,0.09,1.32,0.0
ATOM,1338.0,HD21,LEU,84,20.627,49.647,41.73,0.09,1.32,0.0
ATOM,1339.0,HD22,LEU,84,20.711,50.66,40.451,0.09,1.32,0.0
ATOM,1340.0,HD23,LEU,84,19.34,50.572,41.335,0.09,1.32,0.0
ATOM,1341.0,N,SER,85,18.35,47.044,43.889,-0.47,1.85,0.0
ATOM,1342.0,CA,SER,85,17.51,46.519,44.904,0.07,2.275,0.0
ATOM,1343.0,C,SER,85,16.642,47.65,45.38,0.51,2.0,0.0
ATOM,1344.0,O,SER,85,16.924,48.782,45.021,-0.51,1.7,0.0
ATOM,1345.0,CB,SER,85,18.317,45.907,46.039,0.05,2.175,0.0
ATOM,1346.0,OG,SER,85,18.648,44.58,45.667,-0.66,1.77,0.0
ATOM,1347.0,H,SER,85,18.838,47.971,43.95,0.31,0.2245,0.0
ATOM,1348.0,HA,SER,85,16.916,45.822,44.508,0.09,1.32,0.0
ATOM,1349.0,HB2,SER,85,19.144,46.424,46.163,0.09,1.32,0.0
ATOM,1350.0,HB3,SER,85,17.765,45.886,46.853,0.09,1.32,0.0
ATOM,1351.0,HG,SER,85,19.297,44.202,46.325,0.43,0.2245,0.0
ATOM,1352.0,N,GLN,86,15.595,47.361,46.171,-0.47,1.85,0.0
ATOM,1353.0,CA,GLN,86,14.761,48.413,46.661,0.07,2.275,0.0
ATOM,1354.0,C,GLN,86,14.379,48.152,48.068,0.51,2.0,0.0
ATOM,1355.0,O,GLN,86,13.96,47.093,48.407,-0.51,1.7,0.0
ATOM,1356.0,CB,GLN,86,13.534,48.646,45.773,-0.18,2.175,0.12
ATOM,1357.0,CG,GLN,86,12.702,49.894,46.159,-0.18,2.175,0.07
ATOM,1358.0,CD,GLN,86,11.333,49.924,45.459,0.55,2.0,0.0
ATOM,1359.0,H,GLN,86,15.471,46.359,46.37,0.31,0.2245,0.0
ATOM,1360.0,HA,GLN,86,15.29,49.275,46.628,0.09,1.32,0.0
ATOM,1361.0,HB2,GLN,86,13.833,48.766,44.827,0.09,1.32,0.0
ATOM,1362.0,HB3,GLN,86,12.929,47.852,45.835,0.09,1.32,0.0
ATOM,1363.0,HG2,GLN,86,12.554,49.88,47.141,0.09,1.32,0.0
ATOM,1364.0,HG3,GLN,86,13.211,50.704,45.894,0.09,1.32,0.0
ATOM,1365.0,OE1,GLN,86,11.13,50.672,44.505,-0.55,1.7,23.9
ATOM,1366.0,NE2,GLN,86,10.449,48.997,45.807,-0.62,1.85,4.78
ATOM,1367.0,HE21,GLN,86,9.532,48.971,45.397,0.32,0.2245,17.52
ATOM,1368.0,HE22,GLN,86,10.722,48.303,46.507,0.3,0.2245,0.0
ATOM,1369.0,N,ASP,87,14.514,49.13,48.894,-0.47,1.85,0.0
ATOM,1370.0,CA,ASP,87,14.158,48.954,50.252,0.07,2.275,0.04
ATOM,1371.0,C,ASP,87,13.98,50.357,50.826,0.51,2.0,0.0
ATOM,1372.0,O,ASP,87,14.123,51.321,50.051,-0.51,1.7,0.0
ATOM,1373.0,CB,ASP,87,15.231,48.096,50.945,-0.28,2.175,0.0
ATOM,1374.0,CG,ASP,87,14.758,47.389,52.196,0.62,2.0,0.0
ATOM,1375.0,OD1,ASP,87,13.878,47.832,52.92,-0.76,1.7,0.0
ATOM,1376.0,OD2,ASP,87,15.366,46.267,52.418,-0.76,1.7,0.0
ATOM,1377.0,H,ASP,87,14.888,50.013,48.495,0.31,0.2245,0.0
ATOM,1378.0,HA,ASP,87,13.266,48.519,50.293,0.09,1.32,0.35
ATOM,1379.0,HB2,ASP,87,15.543,47.411,50.285,0.09,1.32,0.0
ATOM,1380.0,HB3,ASP,87,15.993,48.699,51.182,0.09,1.32,0.0
ATOM,1381.0,N,ILE,88,13.666,50.453,52.121,-0.47,1.85,0.0
ATOM,1382.0,CA,ILE,88,13.457,51.706,52.863,0.07,2.275,0.0
ATOM,1383.0,C,ILE,88,14.783,52.244,53.438,0.51,2.0,0.0
ATOM,1384.0,O,ILE,88,15.54,51.489,54.083,-0.51,1.7,0.0
ATOM,1385.0,CB,ILE,88,12.395,51.361,53.933,-0.09,2.275,0.0
ATOM,1386.0,CG1,ILE,88,11.104,51.921,53.427,-0.18,2.175,2.3
ATOM,1387.0,CG2,ILE,88,12.663,51.915,55.32,-0.27,2.06,7.52
ATOM,1388.0,CD1,ILE,88,10.24,50.856,52.74,-0.27,2.06,21.08
ATOM,1389.0,H,ILE,88,13.575,49.505,52.596,0.31,0.2245,0.0
ATOM,1390.0,HA,ILE,88,13.146,52.382,52.191,0.09,1.32,0.0
ATOM,1391.0,HB,ILE,88,12.329,50.384,53.977,0.09,1.32,0.0
ATOM,1392.0,HG12,ILE,88,10.582,52.3,54.183,0.09,1.32,3.93
ATOM,1393.0,HG13,ILE,88,11.289,52.636,52.761,0.09,1.32,0.0
ATOM,1394.0,HG21,ILE,88,11.92,51.654,55.935,0.09,1.32,8.12
ATOM,1395.0,HG22,ILE,88,13.524,51.547,55.668,0.09,1.32,0.44
ATOM,1396.0,HG23,ILE,88,12.723,52.912,55.278,0.09,1.32,0.0
ATOM,1397.0,HD11,ILE,88,10.035,50.136,53.397,0.09,1.32,1.95
ATOM,1398.0,HD12,ILE,88,9.397,51.281,52.424,0.09,1.32,5.42
ATOM,1399.0,HD13,ILE,88,10.745,50.482,51.968,0.09,1.32,0.03
ATOM,1400.0,N,ILE,89,15.079,53.525,53.191,-0.47,1.85,0.0
ATOM,1401.0,CA,ILE,89,16.323,54.191,53.597,0.07,2.275,0.0
ATOM,1402.0,C,ILE,89,16.016,55.314,54.572,0.51,2.0,0.0
ATOM,1403.0,O,ILE,89,15.103,56.109,54.351,-0.51,1.7,0.0
ATOM,1404.0,CB,ILE,89,17.12,54.707,52.385,-0.09,2.275,0.0
ATOM,1405.0,CG1,ILE,89,17.576,53.479,51.545,-0.18,2.175,0.0
ATOM,1406.0,CG2,ILE,89,18.293,55.542,52.84,-0.27,2.06,0.0
ATOM,1407.0,CD1,ILE,89,18.606,53.703,50.468,-0.27,2.06,0.0
ATOM,1408.0,H,ILE,89,14.318,54.035,52.662,0.31,0.2245,0.0
ATOM,1409.0,HA,ILE,89,16.852,53.506,54.099,0.09,1.32,0.0
ATOM,1410.0,HB,ILE,89,16.519,55.243,51.822,0.09,1.32,0.0
ATOM,1411.0,HG12,ILE,89,17.922,52.781,52.196,0.09,1.32,0.0
ATOM,1412.0,HG13,ILE,89,16.742,53.081,51.124,0.09,1.32,0.0
ATOM,1413.0,HG21,ILE,89,18.798,55.88,52.045,0.09,1.32,0.0
ATOM,1414.0,HG22,ILE,89,17.967,56.322,53.376,0.09,1.32,0.0
ATOM,1415.0,HG23,ILE,89,18.905,54.988,53.406,0.09,1.32,0.0
ATOM,1416.0,HD11,ILE,89,19.444,54.063,50.877,0.09,1.32,0.0
ATOM,1417.0,HD12,ILE,89,18.805,52.836,50.011,0.09,1.32,0.0
ATOM,1418.0,HD13,ILE,89,18.254,54.358,49.8,0.09,1.32,0.0
ATOM,1419.0,N,THR,90,16.698,55.345,55.717,-0.47,1.85,0.0
ATOM,1420.0,CA,THR,90,16.412,56.401,56.652,0.07,2.275,0.0
ATOM,1421.0,C,THR,90,17.645,57.284,56.679,0.51,2.0,0.0
ATOM,1422.0,O,THR,90,18.714,56.725,56.912,-0.51,1.7,3.32
ATOM,1423.0,CB,THR,90,16.153,55.831,58.046,0.14,2.275,3.47
ATOM,1424.0,OG1,THR,90,15.309,54.731,57.91,-0.66,1.77,7.02
ATOM,1425.0,CG2,THR,90,15.444,56.82,58.943,-0.27,2.06,17.3
ATOM,1426.0,H,THR,90,17.384,54.605,55.848,0.31,0.2245,0.0
ATOM,1427.0,HA,THR,90,15.649,56.938,56.316,0.09,1.32,0.0
ATOM,1428.0,HB,THR,90,17.042,55.524,58.441,0.09,1.32,3.03
ATOM,1429.0,HG21,THR,90,14.506,56.97,58.618,0.09,1.32,0.0
ATOM,1430.0,HG22,THR,90,15.409,56.47,59.883,0.09,1.32,11.85
ATOM,1431.0,HG23,THR,90,15.931,57.698,58.942,0.09,1.32,0.0
ATOM,1432.0,HG1,THR,90,14.346,55.018,57.785,0.43,0.2245,2.67
ATOM,1433.0,N,VAL,91,17.484,58.596,56.304,-0.47,1.85,0.0
ATOM,1434.0,CA,VAL,91,18.533,59.631,56.298,0.07,2.275,0.0
ATOM,1435.0,C,VAL,91,18.042,60.758,57.156,0.51,2.0,0.0
ATOM,1436.0,O,VAL,91,16.931,61.243,56.991,-0.51,1.7,0.0
ATOM,1437.0,CB,VAL,91,18.848,60.254,54.944,-0.09,2.275,0.03
ATOM,1438.0,CG1,VAL,91,20.349,60.297,54.74,-0.27,2.06,1.82
ATOM,1439.0,CG2,VAL,91,18.228,59.483,53.81,-0.27,2.06,0.03
ATOM,1440.0,H,VAL,91,16.487,58.802,56.006,0.31,0.2245,0.0
ATOM,1441.0,HA,VAL,91,19.345,59.239,56.713,0.09,1.32,0.01
ATOM,1442.0,HB,VAL,91,18.53,61.196,54.956,0.09,1.32,0.0
ATOM,1443.0,HG11,VAL,91,20.632,61.23,54.512,0.09,1.32,0.5
ATOM,1444.0,HG12,VAL,91,20.812,60.008,55.579,0.09,1.32,0.0
ATOM,1445.0,HG13,VAL,91,20.606,59.682,53.993,0.09,1.32,0.0
ATOM,1446.0,HG21,VAL,91,18.607,58.555,53.785,0.09,1.32,0.0
ATOM,1447.0,HG22,VAL,91,17.235,59.431,53.939,0.09,1.32,0.0
ATOM,1448.0,HG23,VAL,91,18.424,59.943,52.941,0.09,1.32,0.29
ATOM,1449.0,N,GLY,92,18.833,61.131,58.123,-0.47,1.85,1.04
ATOM,1450.0,CA,GLY,92,18.515,62.221,59.042,-0.02,2.175,4.01
ATOM,1451.0,C,GLY,92,17.106,62.209,59.594,0.51,2.0,1.51
ATOM,1452.0,O,GLY,92,16.542,63.27,59.868,-0.51,1.7,7.07
ATOM,1453.0,H,GLY,92,19.729,60.584,58.195,0.31,0.2245,4.65
ATOM,1454.0,HA2,GLY,92,19.182,62.2,59.821,0.09,1.32,7.24
ATOM,1455.0,HA3,GLY,92,18.682,63.114,58.565,0.09,1.32,0.0
ATOM,1456.0,N,GLY,93,16.518,61.053,59.815,-0.47,1.85,4.54
ATOM,1457.0,CA,GLY,93,15.171,61.138,60.334,-0.02,2.175,18.57
ATOM,1458.0,C,GLY,93,14.125,60.966,59.249,0.51,2.0,1.23
ATOM,1459.0,O,GLY,93,13.045,60.482,59.53,-0.51,1.7,24.92
ATOM,1460.0,H,GLY,93,17.026,60.218,59.615,0.31,0.2245,3.93
ATOM,1461.0,HA2,GLY,93,15.035,60.425,61.043,0.09,1.32,10.04
ATOM,1462.0,HA3,GLY,93,15.037,62.037,60.785,0.09,1.32,6.99
ATOM,1463.0,N,ILE,94,14.455,61.282,57.999,-0.47,1.85,0.0
ATOM,1464.0,CA,ILE,94,13.549,61.038,56.879,0.07,2.275,0.0
ATOM,1465.0,C,ILE,94,13.663,59.598,56.356,0.51,2.0,0.0
ATOM,1466.0,O,ILE,94,14.743,58.995,56.289,-0.51,1.7,0.0
ATOM,1467.0,CB,ILE,94,13.734,62.022,55.734,-0.09,2.275,0.0
ATOM,1468.0,CG1,ILE,94,13.488,63.397,56.26,-0.18,2.175,1.74
ATOM,1469.0,CG2,ILE,94,12.808,61.741,54.553,-0.27,2.06,0.0
ATOM,1470.0,CD1,ILE,94,14.802,64.084,56.546,-0.27,2.06,0.45
ATOM,1471.0,H,ILE,94,15.395,61.709,57.891,0.31,0.2245,0.0
ATOM,1472.0,HA,ILE,94,12.615,61.134,57.242,0.09,1.32,3.5
ATOM,1473.0,HB,ILE,94,14.674,61.96,55.427,0.09,1.32,0.0
ATOM,1474.0,HG12,ILE,94,12.993,63.926,55.59,0.09,1.32,0.0
ATOM,1475.0,HG13,ILE,94,12.975,63.339,57.103,0.09,1.32,3.71
ATOM,1476.0,HG21,ILE,94,12.983,62.406,53.83,0.09,1.32,0.0
ATOM,1477.0,HG22,ILE,94,12.98,60.82,54.209,0.09,1.32,0.0
ATOM,1478.0,HG23,ILE,94,11.859,61.814,54.852,0.09,1.32,0.63
ATOM,1479.0,HD11,ILE,94,15.336,64.145,55.703,0.09,1.32,0.0
ATOM,1480.0,HD12,ILE,94,14.627,65.003,56.897,0.09,1.32,0.0
ATOM,1481.0,HD13,ILE,94,15.311,63.558,57.226,0.09,1.32,0.0
ATOM,1482.0,N,THR,95,12.507,59.054,55.98,-0.47,1.85,0.0
ATOM,1483.0,CA,THR,95,12.401,57.721,55.499,0.07,2.275,0.0
ATOM,1484.0,C,THR,95,11.842,57.732,54.094,0.51,2.0,0.0
ATOM,1485.0,O,THR,95,10.744,58.23,53.947,-0.51,1.7,6.76
ATOM,1486.0,CB,THR,95,11.446,56.981,56.449,0.14,2.275,5.67
ATOM,1487.0,OG1,THR,95,12.136,56.685,57.628,-0.66,1.77,10.49
ATOM,1488.0,CG2,THR,95,10.97,55.685,55.842,-0.27,2.06,14.74
ATOM,1489.0,H,THR,95,11.688,59.71,56.076,0.31,0.2245,3.44
ATOM,1490.0,HA,THR,95,13.316,57.302,55.468,0.09,1.32,0.0
ATOM,1491.0,HB,THR,95,10.664,57.6,56.665,0.09,1.32,9.06
ATOM,1492.0,HG21,THR,95,10.004,55.761,55.576,0.09,1.32,10.96
ATOM,1493.0,HG22,THR,95,11.513,55.464,55.026,0.09,1.32,0.0
ATOM,1494.0,HG23,THR,95,11.064,54.936,56.505,0.09,1.32,5.19
ATOM,1495.0,HG1,THR,95,12.491,57.525,58.067,0.43,0.2245,2.09
ATOM,1496.0,N,VAL,96,12.586,57.183,53.099,-0.47,1.85,0.0
ATOM,1497.0,CA,VAL,96,12.167,57.034,51.696,0.07,2.275,0.3
ATOM,1498.0,C,VAL,96,12.31,55.572,51.221,0.51,2.0,0.0
ATOM,1499.0,O,VAL,96,13.101,54.793,51.756,-0.51,1.7,0.0
ATOM,1500.0,CB,VAL,96,12.961,57.905,50.727,-0.09,2.275,0.04
ATOM,1501.0,CG1,VAL,96,12.543,59.356,50.838,-0.27,2.06,1.08
ATOM,1502.0,CG2,VAL,96,14.428,57.786,51.074,-0.27,2.06,0.0
ATOM,1503.0,H,VAL,96,13.537,56.857,53.439,0.31,0.2245,0.0
ATOM,1504.0,HA,VAL,96,11.195,57.281,51.632,0.09,1.32,2.42
ATOM,1505.0,HB,VAL,96,12.743,57.609,49.798,0.09,1.32,0.0
ATOM,1506.0,HG11,VAL,96,12.583,59.789,49.936,0.09,1.32,0.0
ATOM,1507.0,HG12,VAL,96,11.607,59.412,51.189,0.09,1.32,0.0
ATOM,1508.0,HG13,VAL,96,13.159,59.838,51.463,0.09,1.32,0.0
ATOM,1509.0,HG21,VAL,96,14.648,56.83,51.276,0.09,1.32,0.0
ATOM,1510.0,HG22,VAL,96,14.982,58.098,50.3,0.09,1.32,0.0
ATOM,1511.0,HG23,VAL,96,14.629,58.35,51.876,0.09,1.32,0.0
ATOM,1512.0,N,THR,97,11.516,55.179,50.238,-0.47,1.85,0.0
ATOM,1513.0,CA,THR,97,11.609,53.849,49.683,0.07,2.275,0.0
ATOM,1514.0,C,THR,97,12.535,54.091,48.53,0.51,2.0,0.0
ATOM,1515.0,O,THR,97,12.169,54.866,47.67,-0.51,1.7,10.58
ATOM,1516.0,CB,THR,97,10.23,53.406,49.165,0.14,2.275,6.07
ATOM,1517.0,OG1,THR,97,9.377,53.276,50.267,-0.66,1.77,13.57
ATOM,1518.0,CG2,THR,97,10.303,52.073,48.463,-0.27,2.06,12.05
ATOM,1519.0,H,THR,97,10.838,55.896,49.911,0.31,0.2245,7.75
ATOM,1520.0,HA,THR,97,12.048,53.265,50.327,0.09,1.32,0.0
ATOM,1521.0,HB,THR,97,9.871,54.131,48.548,0.09,1.32,8.24
ATOM,1522.0,HG21,THR,97,10.674,52.189,47.536,0.09,1.32,0.9
ATOM,1523.0,HG22,THR,97,10.899,51.445,48.973,0.09,1.32,0.13
ATOM,1524.0,HG23,THR,97,9.387,51.666,48.395,0.09,1.32,10.73
ATOM,1525.0,HG1,THR,97,9.479,54.056,50.903,0.43,0.2245,10.03
ATOM,1526.0,N,GLN,99,13.78,53.625,48.618,-0.47,1.85,0.0
ATOM,1527.0,CA,GLN,99,14.745,54.008,47.64,0.07,2.275,0.04
ATOM,1528.0,C,GLN,99,15.256,52.845,46.785,0.51,2.0,0.0
ATOM,1529.0,O,GLN,99,15.304,51.695,47.194,-0.51,1.7,0.0
ATOM,1530.0,CB,GLN,99,15.866,54.716,48.438,-0.18,2.175,0.0
ATOM,1531.0,CG,GLN,99,17.02,55.244,47.578,-0.18,2.175,0.0
ATOM,1532.0,CD,GLN,99,16.624,56.284,46.534,0.55,2.0,0.0
ATOM,1533.0,OE1,GLN,99,15.622,56.989,46.715,-0.55,1.7,0.0
ATOM,1534.0,NE2,GLN,99,17.319,56.324,45.41,-0.62,1.85,0.57
ATOM,1535.0,H,GLN,99,13.956,53.0,49.416,0.31,0.2245,0.0
ATOM,1536.0,HA,GLN,99,14.315,54.679,47.002,0.09,1.32,0.28
ATOM,1537.0,HB2,GLN,99,15.465,55.49,48.928,0.09,1.32,0.0
ATOM,1538.0,HB3,GLN,99,16.244,54.065,49.098,0.09,1.32,0.0
ATOM,1539.0,HG2,GLN,99,17.708,55.655,48.189,0.09,1.32,0.0
ATOM,1540.0,HG3,GLN,99,17.445,54.463,47.103,0.09,1.32,0.0
ATOM,1541.0,HE21,GLN,99,17.1,56.977,44.675,0.32,0.2245,0.0
ATOM,1542.0,HE22,GLN,99,18.1,55.669,45.294,0.3,0.2245,0.09
ATOM,1543.0,N,MET,100,15.613,53.13,45.566,-0.47,1.85,1.35
ATOM,1544.0,CA,MET,100,16.135,52.108,44.706,0.07,2.275,0.0
ATOM,1545.0,C,MET,100,17.602,52.233,44.776,0.51,2.0,0.0
ATOM,1546.0,O,MET,100,18.105,53.279,44.426,-0.51,1.7,0.0
ATOM,1547.0,CB,MET,100,15.781,52.341,43.235,-0.18,2.175,0.41
ATOM,1548.0,CG,MET,100,14.649,51.48,42.718,-0.14,2.175,5.17
ATOM,1549.0,SD,MET,100,15.292,49.969,41.983,-0.09,2.0,1.19
ATOM,1550.0,CE,MET,100,13.673,49.352,41.535,-0.22,2.06,21.37
ATOM,1551.0,H,MET,100,15.492,54.121,45.282,0.31,0.2245,1.37
ATOM,1552.0,HA,MET,100,15.866,51.222,45.072,0.09,1.32,0.0
ATOM,1553.0,HB2,MET,100,15.528,53.313,43.112,0.09,1.32,2.45
ATOM,1554.0,HB3,MET,100,16.603,52.164,42.672,0.09,1.32,0.0
ATOM,1555.0,HG2,MET,100,14.019,51.267,43.487,0.09,1.32,0.0
ATOM,1556.0,HG3,MET,100,14.113,52.012,42.037,0.09,1.32,9.38
ATOM,1557.0,HE1,MET,100,13.069,50.12,41.316,0.09,1.32,6.75
ATOM,1558.0,HE2,MET,100,13.75,48.753,40.736,0.09,1.32,0.0
ATOM,1559.0,HE3,MET,100,13.286,48.834,42.3,0.09,1.32,1.45
ATOM,1560.0,N,PHE,101,18.3,51.246,45.269,-0.47,1.85,0.0
ATOM,1561.0,CA,PHE,101,19.739,51.452,45.372,0.07,2.275,0.0
ATOM,1562.0,C,PHE,101,20.489,50.285,44.795,0.51,2.0,0.0
ATOM,1563.0,O,PHE,101,19.876,49.338,44.368,-0.51,1.7,0.0
ATOM,1564.0,CB,PHE,101,20.146,51.739,46.828,-0.18,2.175,0.0
ATOM,1565.0,CG,PHE,101,19.923,50.526,47.664,0.0,1.9924,0.0
ATOM,1566.0,CD1,PHE,101,18.628,50.142,48.01,-0.115,1.9924,0.0
ATOM,1567.0,CD2,PHE,101,20.985,49.682,47.979,-0.115,1.9924,0.0
ATOM,1568.0,CE1,PHE,101,18.425,49.003,48.792,-0.115,1.9924,0.0
ATOM,1569.0,CE2,PHE,101,20.784,48.503,48.696,-0.115,1.9924,0.0
ATOM,1570.0,CZ,PHE,101,19.49,48.155,49.088,-0.115,1.9924,0.0
ATOM,1571.0,H,PHE,101,17.811,50.41,45.546,0.31,0.2245,0.0
ATOM,1572.0,HA,PHE,101,19.957,52.258,44.807,0.09,1.32,0.77
ATOM,1573.0,HB2,PHE,101,21.095,51.953,46.832,0.09,1.32,0.0
ATOM,1574.0,HB3,PHE,101,19.576,52.456,47.157,0.09,1.32,0.0
ATOM,1575.0,HD1,PHE,101,17.852,50.67,47.704,0.115,1.3582,0.0
ATOM,1576.0,HD2,PHE,101,21.912,49.925,47.685,0.115,1.3582,0.0
ATOM,1577.0,HE1,PHE,101,17.502,48.802,49.141,0.115,1.3582,0.0
ATOM,1578.0,HE2,PHE,101,21.566,47.914,48.927,0.115,1.3582,0.0
ATOM,1579.0,HZ,PHE,101,19.326,47.303,49.578,0.115,1.3582,0.0
ATOM,1580.0,N,GLY,102,21.805,50.351,44.756,-0.47,1.85,0.6
ATOM,1581.0,CA,GLY,102,22.606,49.28,44.168,-0.02,2.175,0.17
ATOM,1582.0,C,GLY,102,23.256,48.425,45.241,0.51,2.0,0.0
ATOM,1583.0,O,GLY,102,23.664,48.957,46.233,-0.51,1.7,0.0
ATOM,1584.0,H,GLY,102,22.219,51.209,45.169,0.31,0.2245,0.0
ATOM,1585.0,HA2,GLY,102,22.016,48.702,43.59,0.09,1.32,0.0
ATOM,1586.0,HA3,GLY,102,23.321,49.682,43.581,0.09,1.32,0.0
ATOM,1587.0,N,GLU,103,23.314,47.101,45.042,-0.47,1.85,0.0
ATOM,1588.0,CA,GLU,103,23.938,46.184,45.936,0.07,2.275,0.0
ATOM,1589.0,C,GLU,103,25.221,45.839,45.258,0.51,2.0,0.0
ATOM,1590.0,O,GLU,103,25.176,45.213,44.171,-0.51,1.7,0.0
ATOM,1591.0,CB,GLU,103,23.052,44.938,46.05,-0.18,2.175,0.0
ATOM,1592.0,CG,GLU,103,22.013,45.089,47.169,-0.28,2.175,0.0
ATOM,1593.0,CD,GLU,103,21.498,43.81,47.71,0.62,2.0,0.0
ATOM,1594.0,OE1,GLU,103,22.186,43.039,48.317,-0.76,1.7,0.0
ATOM,1595.0,OE2,GLU,103,20.304,43.51,47.282,-0.76,1.7,0.07
ATOM,1596.0,H,GLU,103,22.841,46.805,44.139,0.31,0.2245,0.0
ATOM,1597.0,HA,GLU,103,24.117,46.613,46.806,0.09,1.32,0.0
ATOM,1598.0,HB2,GLU,103,22.568,44.836,45.213,0.09,1.32,0.0
ATOM,1599.0,HB3,GLU,103,23.62,44.184,46.278,0.09,1.32,0.0
ATOM,1600.0,HG2,GLU,103,22.447,45.593,47.906,0.09,1.32,0.0
ATOM,1601.0,HG3,GLU,103,21.251,45.604,46.795,0.09,1.32,0.0
ATOM,1602.0,N,VAL,104,26.349,46.342,45.79,-0.47,1.85,0.0
ATOM,1603.0,CA,VAL,104,27.625,46.164,45.076,0.07,2.275,0.0
ATOM,1604.0,C,VAL,104,28.29,44.832,45.344,0.51,2.0,0.0
ATOM,1605.0,O,VAL,104,28.432,44.419,46.47,-0.51,1.7,0.0
ATOM,1606.0,CB,VAL,104,28.538,47.34,45.38,-0.09,2.275,0.0
ATOM,1607.0,CG1,VAL,104,30.002,46.973,45.228,-0.27,2.06,0.0
ATOM,1608.0,CG2,VAL,104,28.117,48.54,44.538,-0.27,2.06,0.2
ATOM,1609.0,H,VAL,104,26.246,46.827,46.678,0.31,0.2245,0.0
ATOM,1610.0,HA,VAL,104,27.427,46.227,44.08,0.09,1.32,0.0
ATOM,1611.0,HB,VAL,104,28.403,47.599,46.339,0.09,1.32,0.0
ATOM,1612.0,HG11,VAL,104,30.096,45.978,45.181,0.09,1.32,0.0
ATOM,1613.0,HG12,VAL,104,30.365,47.379,44.389,0.09,1.32,0.0
ATOM,1614.0,HG13,VAL,104,30.519,47.318,46.013,0.09,1.32,0.0
ATOM,1615.0,HG21,VAL,104,27.298,48.951,44.938,0.09,1.32,0.0
ATOM,1616.0,HG22,VAL,104,28.859,49.209,44.526,0.09,1.32,0.0
ATOM,1617.0,HG23,VAL,104,27.922,48.235,43.607,0.09,1.32,0.14
ATOM,1618.0,N,THR,105,28.641,44.091,44.323,-0.47,1.85,0.0
ATOM,1619.0,CA,THR,105,29.143,42.768,44.538,0.07,2.275,0.0
ATOM,1620.0,C,THR,105,30.559,42.703,44.055,0.51,2.0,0.0
ATOM,1621.0,O,THR,105,31.315,41.768,44.272,-0.51,1.7,0.98
ATOM,1622.0,CB,THR,105,28.315,41.796,43.677,0.14,2.275,4.19
ATOM,1623.0,OG1,THR,105,28.435,42.196,42.335,-0.66,1.77,9.87
ATOM,1624.0,CG2,THR,105,26.846,41.78,44.058,-0.27,2.06,0.89
ATOM,1625.0,H,THR,105,28.527,44.529,43.393,0.31,0.2245,0.0
ATOM,1626.0,HA,THR,105,29.13,42.57,45.523,0.09,1.32,0.0
ATOM,1627.0,HB,THR,105,28.705,40.862,43.781,0.09,1.32,3.92
ATOM,1628.0,HG21,THR,105,26.75,41.618,45.043,0.09,1.32,0.0
ATOM,1629.0,HG22,THR,105,26.424,42.661,43.829,0.09,1.32,0.0
ATOM,1630.0,HG23,THR,105,26.371,41.051,43.559,0.09,1.32,5.31
ATOM,1631.0,HG1,THR,105,28.604,43.19,42.266,0.43,0.2245,0.0
ATOM,1632.0,N,GLU,106,30.931,43.695,43.291,-0.47,1.85,0.0
ATOM,1633.0,CA,GLU,106,32.286,43.748,42.835,0.07,2.275,0.0
ATOM,1634.0,C,GLU,106,32.852,45.042,43.294,0.51,2.0,0.0
ATOM,1635.0,O,GLU,106,32.485,46.103,42.781,-0.51,1.7,0.08
ATOM,1636.0,CB,GLU,106,32.375,43.596,41.327,-0.18,2.175,3.21
ATOM,1637.0,CG,GLU,106,31.556,42.384,40.859,-0.28,2.175,5.87
ATOM,1638.0,CD,GLU,106,32.002,42.081,39.482,0.62,2.0,3.94
ATOM,1639.0,OE1,GLU,106,32.439,43.171,38.926,-0.76,1.7,20.89
ATOM,1640.0,OE2,GLU,106,32.209,40.979,39.033,-0.76,1.7,42.9
ATOM,1641.0,H,GLU,106,30.207,44.388,43.063,0.31,0.2245,0.0
ATOM,1642.0,HA,GLU,106,32.808,42.987,43.218,0.09,1.32,0.0
ATOM,1643.0,HB2,GLU,106,31.986,44.383,40.915,0.09,1.32,0.0
ATOM,1644.0,HB3,GLU,106,33.299,43.429,41.088,0.09,1.32,0.8
ATOM,1645.0,HG2,GLU,106,31.778,41.646,41.433,0.09,1.32,1.74
ATOM,1646.0,HG3,GLU,106,30.632,42.647,40.841,0.09,1.32,0.13
ATOM,1647.0,N,MET,107,33.748,44.937,44.276,-0.47,1.85,0.0
ATOM,1648.0,CA,MET,107,34.352,46.089,44.937,0.07,2.275,0.0
ATOM,1649.0,C,MET,107,35.896,46.028,44.989,0.51,2.0,0.0
ATOM,1650.0,O,MET,107,36.442,45.364,45.842,-0.51,1.7,0.0
ATOM,1651.0,CB,MET,107,33.731,46.13,46.374,-0.18,2.175,0.0
ATOM,1652.0,CG,MET,107,33.434,47.513,46.961,-0.14,2.175,0.0
ATOM,1653.0,SD,MET,107,33.096,47.451,48.734,-0.09,2.0,0.0
ATOM,1654.0,CE,MET,107,33.534,49.121,49.253,-0.22,2.06,0.3
ATOM,1655.0,H,MET,107,33.982,43.947,44.534,0.31,0.2245,0.0
ATOM,1656.0,HA,MET,107,34.101,46.923,44.418,0.09,1.32,0.0
ATOM,1657.0,HB2,MET,107,32.866,45.596,46.356,0.09,1.32,0.0
ATOM,1658.0,HB3,MET,107,34.365,45.644,47.002,0.09,1.32,0.0
ATOM,1659.0,HG2,MET,107,34.231,48.123,46.763,0.09,1.32,0.0
ATOM,1660.0,HG3,MET,107,32.642,47.915,46.453,0.09,1.32,0.0
ATOM,1661.0,HE1,MET,107,32.911,49.416,49.976,0.09,1.32,0.0
ATOM,1662.0,HE2,MET,107,34.473,49.125,49.596,0.09,1.32,0.0
ATOM,1663.0,HE3,MET,107,33.459,49.74,48.472,0.09,1.32,0.0
ATOM,1664.0,N,PRO,108,36.634,46.742,44.129,-0.29,1.85,0.0
ATOM,1665.0,CA,PRO,108,38.079,46.685,44.184,0.02,2.275,0.0
ATOM,1666.0,C,PRO,108,38.732,47.223,45.445,0.51,2.0,0.0
ATOM,1667.0,O,PRO,108,38.235,48.148,46.125,-0.51,1.7,0.0
ATOM,1668.0,CB,PRO,108,38.616,47.418,42.964,-0.18,2.175,10.7
ATOM,1669.0,CG,PRO,108,37.444,48.122,42.356,-0.18,2.175,4.92
ATOM,1670.0,CD,PRO,108,36.215,47.397,42.855,0.0,2.175,1.57
ATOM,1671.0,HA,PRO,108,38.406,45.72,44.002,0.09,1.32,1.49
ATOM,1672.0,HB2,PRO,108,39.331,48.081,43.229,0.09,1.32,0.0
ATOM,1673.0,HB3,PRO,108,39.023,46.77,42.306,0.09,1.32,11.5
ATOM,1674.0,HG2,PRO,108,37.426,49.088,42.639,0.09,1.32,0.0
ATOM,1675.0,HG3,PRO,108,37.494,48.087,41.351,0.09,1.32,8.54
ATOM,1676.0,HD2,PRO,108,35.458,48.034,43.029,0.09,1.32,0.0
ATOM,1677.0,HD3,PRO,108,35.905,46.702,42.197,0.09,1.32,5.15
ATOM,1678.0,N,ALA,109,39.92,46.691,45.713,-0.47,1.85,0.53
ATOM,1679.0,CA,ALA,109,40.67,47.022,46.925,0.07,2.275,0.0
ATOM,1680.0,C,ALA,109,41.242,48.382,46.946,0.51,2.0,0.0
ATOM,1681.0,O,ALA,109,41.621,48.871,47.992,-0.51,1.7,0.0
ATOM,1682.0,CB,ALA,109,41.848,46.119,47.092,-0.27,2.06,21.88
ATOM,1683.0,H,ALA,109,40.27,46.024,44.993,0.31,0.2245,8.24
ATOM,1684.0,HA,ALA,109,40.033,46.905,47.724,0.09,1.32,0.0
ATOM,1685.0,HB1,ALA,109,42.423,46.141,46.269,0.09,1.32,6.93
ATOM,1686.0,HB2,ALA,109,42.402,46.41,47.878,0.09,1.32,2.4
ATOM,1687.0,HB3,ALA,109,41.544,45.174,47.246,0.09,1.32,4.45
ATOM,1688.0,N,LEU,110,41.421,48.915,45.771,-0.47,1.85,0.0
ATOM,1689.0,CA,LEU,110,41.951,50.234,45.509,0.07,2.275,0.0
ATOM,1690.0,C,LEU,110,40.851,50.931,44.683,0.51,2.0,0.58
ATOM,1691.0,O,LEU,110,40.569,50.483,43.551,-0.51,1.7,10.39
ATOM,1692.0,CB,LEU,110,43.154,50.02,44.579,-0.18,2.175,9.43
ATOM,1693.0,CG,LEU,110,44.522,50.273,45.159,-0.09,2.275,5.97
ATOM,1694.0,CD1,LEU,110,44.734,51.764,45.168,-0.27,2.06,20.21
ATOM,1695.0,CD2,LEU,110,44.636,49.708,46.565,-0.27,2.06,20.03
ATOM,1696.0,H,LEU,110,41.129,48.265,44.966,0.31,0.2245,0.53
ATOM,1697.0,HA,LEU,110,42.052,50.723,46.353,0.09,1.32,0.0
ATOM,1698.0,HB2,LEU,110,43.123,49.068,44.268,0.09,1.32,6.5
ATOM,1699.0,HB3,LEU,110,43.034,50.629,43.793,0.09,1.32,4.41
ATOM,1700.0,HG,LEU,110,45.208,49.842,44.59,0.09,1.32,11.51
ATOM,1701.0,HD11,LEU,110,44.03,52.206,45.729,0.09,1.32,0.03
ATOM,1702.0,HD12,LEU,110,45.637,51.979,45.548,0.09,1.32,8.4
ATOM,1703.0,HD13,LEU,110,44.68,52.123,44.233,0.09,1.32,9.77
ATOM,1704.0,HD21,LEU,110,44.477,48.72,46.544,0.09,1.32,2.82
ATOM,1705.0,HD22,LEU,110,45.552,49.889,46.926,0.09,1.32,10.6
ATOM,1706.0,HD23,LEU,110,43.954,50.141,47.157,0.09,1.32,0.0
ATOM,1707.0,N,PRO,111,40.136,51.945,45.248,-0.29,1.85,0.18
ATOM,1708.0,CA,PRO,111,40.465,52.58,46.482,0.02,2.275,0.0
ATOM,1709.0,C,PRO,111,39.832,52.045,47.754,0.51,2.0,0.0
ATOM,1710.0,O,PRO,111,40.223,52.433,48.829,-0.51,1.7,0.53
ATOM,1711.0,CB,PRO,111,39.994,54.012,46.247,-0.18,2.175,12.33
ATOM,1712.0,CG,PRO,111,38.759,53.883,45.373,-0.18,2.175,9.29
ATOM,1713.0,CD,PRO,111,39.036,52.659,44.532,0.0,2.175,0.25
ATOM,1714.0,HA,PRO,111,41.503,52.623,46.605,0.09,1.32,0.0
ATOM,1715.0,HB2,PRO,111,39.76,54.462,47.112,0.09,1.32,7.76
ATOM,1716.0,HB3,PRO,111,40.696,54.552,45.778,0.09,1.32,7.96
ATOM,1717.0,HG2,PRO,111,37.95,53.755,45.94,0.09,1.32,0.38
ATOM,1718.0,HG3,PRO,111,38.656,54.694,44.805,0.09,1.32,0.0
ATOM,1719.0,HD2,PRO,111,38.23,52.067,44.466,0.09,1.32,0.0
ATOM,1720.0,HD3,PRO,111,39.334,52.907,43.606,0.09,1.32,0.0
ATOM,1721.0,N,PHE,112,38.835,51.183,47.649,-0.47,1.85,0.0
ATOM,1722.0,CA,PHE,112,37.977,50.812,48.765,0.07,2.275,0.0
ATOM,1723.0,C,PHE,112,38.526,50.272,50.071,0.51,2.0,0.0
ATOM,1724.0,O,PHE,112,37.833,50.303,51.09,-0.51,1.7,0.0
ATOM,1725.0,CB,PHE,112,36.729,50.066,48.284,-0.18,2.175,0.0
ATOM,1726.0,CG,PHE,112,35.99,50.838,47.235,0.0,1.9924,0.0
ATOM,1727.0,CD1,PHE,112,35.255,51.968,47.575,-0.115,1.9924,0.73
ATOM,1728.0,CD2,PHE,112,36.171,50.549,45.885,-0.115,1.9924,0.0
ATOM,1729.0,CE1,PHE,112,34.594,52.714,46.6,-0.115,1.9924,4.97
ATOM,1730.0,CE2,PHE,112,35.549,51.303,44.888,-0.115,1.9924,0.0
ATOM,1731.0,CZ,PHE,112,34.752,52.382,45.255,-0.115,1.9924,3.14
ATOM,1732.0,H,PHE,112,38.712,50.784,46.684,0.31,0.2245,0.0
ATOM,1733.0,HA,PHE,112,37.436,51.681,49.013,0.09,1.32,0.01
ATOM,1734.0,HB2,PHE,112,37.02,49.215,47.894,0.09,1.32,0.0
ATOM,1735.0,HB3,PHE,112,36.135,49.946,49.055,0.09,1.32,0.0
ATOM,1736.0,HD1,PHE,112,35.197,52.255,48.527,0.115,1.3582,0.43
ATOM,1737.0,HD2,PHE,112,36.762,49.782,45.621,0.115,1.3582,0.0
ATOM,1738.0,HE1,PHE,112,34.01,53.482,46.871,0.115,1.3582,2.72
ATOM,1739.0,HE2,PHE,112,35.679,51.062,43.921,0.115,1.3582,0.0
ATOM,1740.0,HZ,PHE,112,34.288,52.926,44.555,0.115,1.3582,0.2
ATOM,1741.0,N,MET,113,39.718,49.718,50.049,-0.47,1.85,0.0
ATOM,1742.0,CA,MET,113,40.308,49.148,51.231,0.07,2.275,0.0
ATOM,1743.0,C,MET,113,40.819,50.282,52.074,0.51,2.0,0.0
ATOM,1744.0,O,MET,113,41.115,50.117,53.255,-0.51,1.7,21.16
ATOM,1745.0,CB,MET,113,41.467,48.196,50.901,-0.18,2.175,6.15
ATOM,1746.0,CG,MET,113,41.044,46.762,50.62,-0.14,2.175,0.22
ATOM,1747.0,SD,MET,113,40.498,45.905,52.112,-0.09,2.0,0.05
ATOM,1748.0,CE,MET,113,41.939,46.007,53.211,-0.22,2.06,23.4
ATOM,1749.0,H,MET,113,40.188,49.729,49.117,0.31,0.2245,0.0
ATOM,1750.0,HA,MET,113,39.597,48.671,51.743,0.09,1.32,0.59
ATOM,1751.0,HB2,MET,113,41.956,48.549,50.091,0.09,1.32,0.0
ATOM,1752.0,HB3,MET,113,42.114,48.192,51.677,0.09,1.32,1.67
ATOM,1753.0,HG2,MET,113,40.3,46.774,49.917,0.09,1.32,0.0
ATOM,1754.0,HG3,MET,113,41.829,46.269,50.187,0.09,1.32,3.88
ATOM,1755.0,HE1,MET,113,42.538,45.23,53.032,0.09,1.32,6.63
ATOM,1756.0,HE2,MET,113,42.424,46.86,53.031,0.09,1.32,2.92
ATOM,1757.0,HE3,MET,113,41.626,45.986,54.158,0.09,1.32,0.19
ATOM,1758.0,N,LEU,114,40.937,51.44,51.445,-0.47,1.85,0.0
ATOM,1759.0,CA,LEU,114,41.417,52.621,52.166,0.07,2.275,1.22
ATOM,1760.0,C,LEU,114,40.248,53.432,52.699,0.51,2.0,1.28
ATOM,1761.0,O,LEU,114,40.424,54.436,53.4,-0.51,1.7,6.65
ATOM,1762.0,CB,LEU,114,42.292,53.516,51.238,-0.18,2.175,6.36
ATOM,1763.0,CG,LEU,114,43.373,52.74,50.514,-0.09,2.275,0.0
ATOM,1764.0,CD1,LEU,114,43.924,53.591,49.397,-0.27,2.06,22.81
ATOM,1765.0,CD2,LEU,114,44.491,52.443,51.482,-0.27,2.06,31.9
ATOM,1766.0,H,LEU,114,40.675,51.442,50.452,0.31,0.2245,0.0
ATOM,1767.0,HA,LEU,114,41.975,52.314,52.943,0.09,1.32,3.7
ATOM,1768.0,HB2,LEU,114,41.692,53.912,50.569,0.09,1.32,2.7
ATOM,1769.0,HB3,LEU,114,42.72,54.191,51.807,0.09,1.32,6.74
ATOM,1770.0,HG,LEU,114,42.981,51.905,50.137,0.09,1.32,0.0
ATOM,1771.0,HD11,LEU,114,44.312,54.436,49.772,0.09,1.32,9.64
ATOM,1772.0,HD12,LEU,114,44.642,53.089,48.908,0.09,1.32,3.26
ATOM,1773.0,HD13,LEU,114,43.192,53.825,48.753,0.09,1.32,0.28
ATOM,1774.0,HD21,LEU,114,44.143,51.898,52.249,0.09,1.32,3.99
ATOM,1775.0,HD22,LEU,114,45.216,51.929,51.018,0.09,1.32,9.26
ATOM,1776.0,HD23,LEU,114,44.873,53.3,51.836,0.09,1.32,9.28
ATOM,1777.0,N,ALA,115,39.026,53.013,52.351,-0.47,1.85,0.15
ATOM,1778.0,CA,ALA,115,37.843,53.733,52.748,0.07,2.275,2.06
ATOM,1779.0,C,ALA,115,37.372,53.44,54.168,0.51,2.0,0.33
ATOM,1780.0,O,ALA,115,37.072,52.299,54.539,-0.51,1.7,7.55
ATOM,1781.0,CB,ALA,115,36.704,53.399,51.808,-0.27,2.06,0.31
ATOM,1782.0,H,ALA,115,39.018,52.143,51.783,0.31,0.2245,0.0
ATOM,1783.0,HA,ALA,115,38.027,54.738,52.677,0.09,1.32,0.38
ATOM,1784.0,HB1,ALA,115,35.842,53.739,52.187,0.09,1.32,0.0
ATOM,1785.0,HB2,ALA,115,36.864,53.827,50.917,0.09,1.32,3.43
ATOM,1786.0,HB3,ALA,115,36.643,52.407,51.69,0.09,1.32,0.0
ATOM,1787.0,N,GLU,116,37.202,54.497,54.966,-0.47,1.85,0.0
ATOM,1788.0,CA,GLU,116,36.614,54.283,56.269,0.07,2.275,0.17
ATOM,1789.0,C,GLU,116,35.09,53.988,56.177,0.51,2.0,0.0
ATOM,1790.0,O,GLU,116,34.487,53.416,57.061,-0.51,1.7,7.07
ATOM,1791.0,CB,GLU,116,36.913,55.425,57.242,-0.18,2.175,0.0
ATOM,1792.0,CG,GLU,116,38.365,55.421,57.69,-0.28,2.175,0.0
ATOM,1793.0,CD,GLU,116,38.729,54.412,58.755,0.62,2.0,1.24
ATOM,1794.0,OE1,GLU,116,38.17,54.3,59.846,-0.76,1.7,33.59
ATOM,1795.0,OE2,GLU,116,39.86,53.833,58.474,-0.76,1.7,31.86
ATOM,1796.0,H,GLU,116,37.504,55.393,54.593,0.31,0.2245,0.0
ATOM,1797.0,HA,GLU,116,37.061,53.506,56.733,0.09,1.32,3.65
ATOM,1798.0,HB2,GLU,116,36.747,56.266,56.776,0.09,1.32,0.0
ATOM,1799.0,HB3,GLU,116,36.356,55.299,58.032,0.09,1.32,0.15
ATOM,1800.0,HG2,GLU,116,38.932,55.231,56.892,0.09,1.32,0.0
ATOM,1801.0,HG3,GLU,116,38.579,56.326,58.051,0.09,1.32,0.0
ATOM,1802.0,N,PHE,117,34.474,54.361,55.099,-0.47,1.85,0.0
ATOM,1803.0,CA,PHE,117,33.053,54.176,54.841,0.07,2.275,0.0
ATOM,1804.0,C,PHE,117,32.8,52.943,54.0,0.51,2.0,0.0
ATOM,1805.0,O,PHE,117,33.745,52.274,53.592,-0.51,1.7,0.0
ATOM,1806.0,CB,PHE,117,32.425,55.448,54.164,-0.18,2.175,0.0
ATOM,1807.0,CG,PHE,117,33.207,55.852,52.925,0.0,1.9924,0.0
ATOM,1808.0,CD1,PHE,117,34.389,56.573,53.061,-0.115,1.9924,0.0
ATOM,1809.0,CD2,PHE,117,32.818,55.434,51.655,-0.115,1.9924,0.17
ATOM,1810.0,CE1,PHE,117,35.138,56.923,51.939,-0.115,1.9924,2.43
ATOM,1811.0,CE2,PHE,117,33.573,55.736,50.532,-0.115,1.9924,2.02
ATOM,1812.0,CZ,PHE,117,34.744,56.472,50.683,-0.115,1.9924,5.94
ATOM,1813.0,H,PHE,117,35.107,54.834,54.382,0.31,0.2245,0.0
ATOM,1814.0,HA,PHE,117,32.611,54.019,55.734,0.09,1.32,0.0
ATOM,1815.0,HB2,PHE,117,31.521,55.214,53.895,0.09,1.32,0.0
ATOM,1816.0,HB3,PHE,117,32.476,56.172,54.81,0.09,1.32,0.0
ATOM,1817.0,HD1,PHE,117,34.707,56.842,53.963,0.115,1.3582,0.0
ATOM,1818.0,HD2,PHE,117,31.972,54.902,51.553,0.115,1.3582,0.0
ATOM,1819.0,HE1,PHE,117,35.953,57.497,52.044,0.115,1.3582,2.23
ATOM,1820.0,HE2,PHE,117,33.275,55.427,49.622,0.115,1.3582,1.14
ATOM,1821.0,HZ,PHE,117,35.311,56.681,49.883,0.115,1.3582,17.58
ATOM,1822.0,N,ASP,118,31.507,52.641,53.847,-0.47,1.85,0.0
ATOM,1823.0,CA,ASP,118,30.945,51.473,53.183,0.07,2.275,0.0
ATOM,1824.0,C,ASP,118,30.423,51.8,51.795,0.51,2.0,0.0
ATOM,1825.0,O,ASP,118,30.738,51.088,50.843,-0.51,1.7,0.53
ATOM,1826.0,CB,ASP,118,29.83,50.772,54.029,-0.28,2.175,0.0
ATOM,1827.0,CG,ASP,118,30.237,50.381,55.433,0.62,2.0,0.0
ATOM,1828.0,OD1,ASP,118,31.234,49.75,55.712,-0.76,1.7,2.26
ATOM,1829.0,OD2,ASP,118,29.607,51.037,56.33,-0.76,1.7,1.3
ATOM,1830.0,H,ASP,118,30.868,53.389,54.289,0.31,0.2245,0.0
ATOM,1831.0,HA,ASP,118,31.696,50.805,53.068,0.09,1.32,0.0
ATOM,1832.0,HB2,ASP,118,29.058,51.407,54.074,0.09,1.32,0.0
ATOM,1833.0,HB3,ASP,118,29.555,49.953,53.525,0.09,1.32,0.0
ATOM,1834.0,N,GLY,119,29.649,52.888,51.662,-0.47,1.85,0.0
ATOM,1835.0,CA,GLY,119,29.172,53.238,50.339,-0.02,2.175,0.0
ATOM,1836.0,C,GLY,119,29.024,54.711,50.11,0.51,2.0,0.0
ATOM,1837.0,O,GLY,119,29.548,55.529,50.839,-0.51,1.7,0.0
ATOM,1838.0,H,GLY,119,29.449,53.399,52.517,0.31,0.2245,0.0
ATOM,1839.0,HA2,GLY,119,29.812,52.847,49.641,0.09,1.32,0.0
ATOM,1840.0,HA3,GLY,119,28.272,52.776,50.178,0.09,1.32,0.0
ATOM,1841.0,N,VAL,120,28.19,55.031,49.141,-0.47,1.85,0.0
ATOM,1842.0,CA,VAL,120,27.952,56.363,48.703,0.07,2.275,0.0
ATOM,1843.0,C,VAL,120,26.493,56.674,48.52,0.51,2.0,0.0
ATOM,1844.0,O,VAL,120,25.717,55.811,48.132,-0.51,1.7,0.0
ATOM,1845.0,CB,VAL,120,28.673,56.576,47.378,-0.09,2.275,0.0
ATOM,1846.0,CG1,VAL,120,28.537,58.049,46.936,-0.27,2.06,0.28
ATOM,1847.0,CG2,VAL,120,30.15,56.299,47.607,-0.27,2.06,8.36
ATOM,1848.0,H,VAL,120,27.706,54.187,48.712,0.31,0.2245,0.0
ATOM,1849.0,HA,VAL,120,28.321,57.007,49.405,0.09,1.32,0.0
ATOM,1850.0,HB,VAL,120,28.219,56.035,46.681,0.09,1.32,0.0
ATOM,1851.0,HG11,VAL,120,27.614,58.199,46.592,0.09,1.32,0.0
ATOM,1852.0,HG12,VAL,120,28.708,58.639,47.72,0.09,1.32,0.0
ATOM,1853.0,HG13,VAL,120,29.203,58.234,46.218,0.09,1.32,0.92
ATOM,1854.0,HG21,VAL,120,30.574,57.097,48.036,0.09,1.32,0.42
ATOM,1855.0,HG22,VAL,120,30.249,55.504,48.206,0.09,1.32,0.0
ATOM,1856.0,HG23,VAL,120,30.592,56.115,46.729,0.09,1.32,1.44
ATOM,1857.0,N,VAL,121,26.17,57.928,48.83,-0.47,1.85,0.0
ATOM,1858.0,CA,VAL,121,24.878,58.545,48.582,0.07,2.275,0.0
ATOM,1859.0,C,VAL,121,25.139,59.678,47.586,0.51,2.0,0.0
ATOM,1860.0,O,VAL,121,25.867,60.607,47.911,-0.51,1.7,0.0
ATOM,1861.0,CB,VAL,121,24.117,59.068,49.822,-0.09,2.275,0.0
ATOM,1862.0,CG1,VAL,121,22.783,59.677,49.369,-0.27,2.06,0.21
ATOM,1863.0,CG2,VAL,121,23.804,57.873,50.709,-0.27,2.06,0.0
ATOM,1864.0,H,VAL,121,26.968,58.458,49.292,0.31,0.2245,0.0
ATOM,1865.0,HA,VAL,121,24.29,57.884,48.142,0.09,1.32,0.0
ATOM,1866.0,HB,VAL,121,24.648,59.802,50.215,0.09,1.32,0.0
ATOM,1867.0,HG11,VAL,121,22.959,60.54,48.9,0.09,1.32,0.0
ATOM,1868.0,HG12,VAL,121,22.327,59.042,48.748,0.09,1.32,0.0
ATOM,1869.0,HG13,VAL,121,22.208,59.839,50.169,0.09,1.32,0.36
ATOM,1870.0,HG21,VAL,121,22.837,57.894,50.963,0.09,1.32,0.0
ATOM,1871.0,HG22,VAL,121,24.002,57.03,50.209,0.09,1.32,0.0
ATOM,1872.0,HG23,VAL,121,24.369,57.916,51.533,0.09,1.32,0.0
ATOM,1873.0,N,GLY,122,24.668,59.525,46.361,-0.47,1.85,0.0
ATOM,1874.0,CA,GLY,122,24.818,60.495,45.328,-0.02,2.175,0.0
ATOM,1875.0,C,GLY,122,23.766,61.538,45.581,0.51,2.0,0.0
ATOM,1876.0,O,GLY,122,22.615,61.196,45.895,-0.51,1.7,0.0
ATOM,1877.0,H,GLY,122,24.164,58.603,46.22,0.31,0.2245,0.0
ATOM,1878.0,HA2,GLY,122,25.718,60.913,45.371,0.09,1.32,0.0
ATOM,1879.0,HA3,GLY,122,24.669,60.081,44.438,0.09,1.32,0.0
ATOM,1880.0,N,MET,123,24.245,62.788,45.562,-0.47,1.85,0.0
ATOM,1881.0,CA,MET,123,23.482,63.999,45.863,0.07,2.275,0.04
ATOM,1882.0,C,MET,123,23.352,64.84,44.61,0.51,2.0,0.02
ATOM,1883.0,O,MET,123,23.116,65.991,44.674,-0.51,1.7,0.57
ATOM,1884.0,CB,MET,123,24.227,64.835,46.917,-0.18,2.175,0.0
ATOM,1885.0,CG,MET,123,24.15,64.351,48.364,-0.14,2.175,0.0
ATOM,1886.0,SD,MET,123,22.493,63.912,48.916,-0.09,2.0,0.93
ATOM,1887.0,CE,MET,123,22.211,65.231,50.072,-0.22,2.06,1.47
ATOM,1888.0,H,MET,123,25.276,62.828,45.297,0.31,0.2245,0.0
ATOM,1889.0,HA,MET,123,22.564,63.723,46.154,0.09,1.32,0.22
ATOM,1890.0,HB2,MET,123,25.211,64.887,46.653,0.09,1.32,0.0
ATOM,1891.0,HB3,MET,123,23.87,65.79,46.884,0.09,1.32,0.0
ATOM,1892.0,HG2,MET,123,24.796,63.55,48.467,0.09,1.32,0.0
ATOM,1893.0,HG3,MET,123,24.556,65.085,48.969,0.09,1.32,0.0
ATOM,1894.0,HE1,MET,123,21.942,66.065,49.582,0.09,1.32,0.0
ATOM,1895.0,HE2,MET,123,21.479,64.977,50.71,0.09,1.32,1.29
ATOM,1896.0,HE3,MET,123,23.049,65.415,50.593,0.09,1.32,0.0
ATOM,1897.0,N,GLY,124,23.56,64.257,43.451,-0.47,1.85,0.0
ATOM,1898.0,CA,GLY,124,23.458,64.942,42.198,-0.02,2.175,0.6
ATOM,1899.0,C,GLY,124,22.092,64.702,41.556,0.51,2.0,0.35
ATOM,1900.0,O,GLY,124,21.155,64.278,42.224,-0.51,1.7,0.34
ATOM,1901.0,H,GLY,124,23.81,63.233,43.528,0.31,0.2245,0.0
ATOM,1902.0,HA2,GLY,124,23.583,65.934,42.331,0.09,1.32,0.0
ATOM,1903.0,HA3,GLY,124,24.174,64.62,41.564,0.09,1.32,0.54
ATOM,1904.0,N,PHE,125,21.97,65.1,40.268,-0.47,1.85,0.0
ATOM,1905.0,CA,PHE,125,20.731,65.022,39.465,0.07,2.275,0.0
ATOM,1906.0,C,PHE,125,20.502,63.737,38.712,0.51,2.0,0.0
ATOM,1907.0,O,PHE,125,21.409,62.974,38.42,-0.51,1.7,0.0
ATOM,1908.0,CB,PHE,125,20.702,66.091,38.413,-0.18,2.175,0.0
ATOM,1909.0,CG,PHE,125,20.821,67.465,38.966,0.0,1.9924,0.0
ATOM,1910.0,CD1,PHE,125,22.066,68.024,39.235,-0.115,1.9924,0.23
ATOM,1911.0,CD2,PHE,125,19.686,68.26,39.099,-0.115,1.9924,0.0
ATOM,1912.0,CE1,PHE,125,22.188,69.344,39.656,-0.115,1.9924,0.0
ATOM,1913.0,CE2,PHE,125,19.795,69.58,39.532,-0.115,1.9924,0.0
ATOM,1914.0,CZ,PHE,125,21.046,70.132,39.8,-0.115,1.9924,0.0
ATOM,1915.0,H,PHE,125,22.87,65.486,39.87,0.31,0.2245,0.27
ATOM,1916.0,HA,PHE,125,19.958,65.126,40.132,0.09,1.32,0.0
ATOM,1917.0,HB2,PHE,125,21.464,65.942,37.796,0.09,1.32,0.0
ATOM,1918.0,HB3,PHE,125,19.838,66.029,37.93,0.09,1.32,0.0
ATOM,1919.0,HD1,PHE,125,22.89,67.471,39.124,0.115,1.3582,0.06
ATOM,1920.0,HD2,PHE,125,18.789,67.883,38.882,0.115,1.3582,2.55
ATOM,1921.0,HE1,PHE,125,23.096,69.723,39.855,0.115,1.3582,0.0
ATOM,1922.0,HE2,PHE,125,18.956,70.137,39.652,0.115,1.3582,0.0
ATOM,1923.0,HZ,PHE,125,21.129,71.079,40.091,0.115,1.3582,0.0
ATOM,1924.0,N,ILE,126,19.252,63.547,38.3,-0.47,1.85,0.0
ATOM,1925.0,CA,ILE,126,18.87,62.339,37.605,0.07,2.275,0.0
ATOM,1926.0,C,ILE,126,19.5,62.256,36.277,0.51,2.0,0.0
ATOM,1927.0,O,ILE,126,19.692,61.209,35.77,-0.51,1.7,4.77
ATOM,1928.0,CB,ILE,126,17.402,62.149,37.558,-0.09,2.275,0.08
ATOM,1929.0,CG1,ILE,126,17.111,60.695,37.257,-0.18,2.175,0.36
ATOM,1930.0,CG2,ILE,126,16.943,63.037,36.451,-0.27,2.06,20.52
ATOM,1931.0,CD1,ILE,126,15.721,60.272,37.733,-0.27,2.06,16.94
ATOM,1932.0,H,ILE,126,18.6,64.323,38.518,0.31,0.2245,0.64
ATOM,1933.0,HA,ILE,126,19.229,61.573,38.164,0.09,1.32,0.0
ATOM,1934.0,HB,ILE,126,17.015,62.356,38.451,0.09,1.32,0.0
ATOM,1935.0,HG12,ILE,126,17.166,60.546,36.278,0.09,1.32,3.49
ATOM,1936.0,HG13,ILE,126,17.782,60.128,37.72,0.09,1.32,0.0
ATOM,1937.0,HG21,ILE,126,15.953,62.94,36.314,0.09,1.32,7.6
ATOM,1938.0,HG22,ILE,126,17.144,63.996,36.667,0.09,1.32,1.96
ATOM,1939.0,HG23,ILE,126,17.41,62.797,35.595,0.09,1.32,2.55
ATOM,1940.0,HD11,ILE,126,15.037,60.831,37.271,0.09,1.32,7.38
ATOM,1941.0,HD12,ILE,126,15.582,59.311,37.511,0.09,1.32,0.0
ATOM,1942.0,HD13,ILE,126,15.662,60.406,38.719,0.09,1.32,0.0
ATOM,1943.0,N,GLU,127,19.969,63.365,35.777,-0.47,1.85,0.0
ATOM,1944.0,CA,GLU,127,20.693,63.367,34.545,0.07,2.275,0.35
ATOM,1945.0,C,GLU,127,21.933,62.499,34.681,0.51,2.0,0.0
ATOM,1946.0,O,GLU,127,22.354,61.865,33.743,-0.51,1.7,26.83
ATOM,1947.0,CB,GLU,127,21.157,64.789,34.231,-0.18,2.175,3.03
ATOM,1948.0,CG,GLU,127,20.06,65.738,33.708,-0.28,2.175,14.49
ATOM,1949.0,CD,GLU,127,18.985,66.186,34.675,0.62,2.0,0.0
ATOM,1950.0,OE1,GLU,127,19.141,66.402,35.841,-0.76,1.7,1.77
ATOM,1951.0,OE2,GLU,127,17.828,66.389,34.106,-0.76,1.7,35.83
ATOM,1952.0,H,GLU,127,19.775,64.222,36.338,0.31,0.2245,0.0
ATOM,1953.0,HA,GLU,127,20.12,63.01,33.8,0.09,1.32,8.6
ATOM,1954.0,HB2,GLU,127,21.509,65.186,35.063,0.09,1.32,0.0
ATOM,1955.0,HB3,GLU,127,21.851,64.737,33.531,0.09,1.32,6.28
ATOM,1956.0,HG2,GLU,127,20.519,66.561,33.362,0.09,1.32,1.52
ATOM,1957.0,HG3,GLU,127,19.605,65.275,32.943,0.09,1.32,8.97
ATOM,1958.0,N,GLN,128,22.563,62.497,35.841,-0.47,1.85,0.0
ATOM,1959.0,CA,GLN,128,23.799,61.75,36.04,0.07,2.275,1.9
ATOM,1960.0,C,GLN,128,23.593,60.321,36.584,0.51,2.0,1.01
ATOM,1961.0,O,GLN,128,24.563,59.629,36.895,-0.51,1.7,7.04
ATOM,1962.0,CB,GLN,128,24.698,62.502,37.06,-0.18,2.175,0.31
ATOM,1963.0,CG,GLN,128,25.091,63.968,36.699,-0.18,2.175,0.0
ATOM,1964.0,CD,GLN,128,26.017,64.105,35.474,0.55,2.0,0.22
ATOM,1965.0,H,GLN,128,22.112,63.063,36.588,0.31,0.2245,0.0
ATOM,1966.0,HA,GLN,128,24.263,61.663,35.139,0.09,1.32,5.07
ATOM,1967.0,HB2,GLN,128,24.222,62.53,37.947,0.09,1.32,0.0
ATOM,1968.0,HB3,GLN,128,25.554,61.983,37.176,0.09,1.32,3.16
ATOM,1969.0,HG2,GLN,128,24.248,64.478,36.517,0.09,1.32,0.0
ATOM,1970.0,HG3,GLN,128,25.553,64.368,37.493,0.09,1.32,3.6
ATOM,1971.0,OE1,GLN,128,25.545,64.352,34.337,-0.55,1.7,21.58
ATOM,1972.0,NE2,GLN,128,27.354,64.01,35.706,-0.62,1.85,13.06
ATOM,1973.0,HE21,GLN,128,27.999,64.077,34.951,0.32,0.2245,6.8
ATOM,1974.0,HE22,GLN,128,27.657,63.871,36.664,0.3,0.2245,5.08
ATOM,1975.0,N,ALA,129,22.338,59.902,36.757,-0.47,1.85,0.0
ATOM,1976.0,CA,ALA,129,22.052,58.65,37.414,0.07,2.275,0.0
ATOM,1977.0,C,ALA,129,22.269,57.476,36.549,0.51,2.0,0.0
ATOM,1978.0,O,ALA,129,21.659,57.412,35.52,-0.51,1.7,8.57
ATOM,1979.0,CB,ALA,129,20.632,58.597,37.966,-0.27,2.06,0.0
ATOM,1980.0,H,ALA,129,21.614,60.544,36.385,0.31,0.2245,0.0
ATOM,1981.0,HA,ALA,129,22.653,58.579,38.24,0.09,1.32,0.0
ATOM,1982.0,HB1,ALA,129,20.175,59.469,37.794,0.09,1.32,0.0
ATOM,1983.0,HB2,ALA,129,20.127,57.862,37.515,0.09,1.32,0.0
ATOM,1984.0,HB3,ALA,129,20.663,58.425,38.95,0.09,1.32,0.0
ATOM,1985.0,N,ILE,130,23.09,56.521,36.953,-0.47,1.85,0.0
ATOM,1986.0,CA,ILE,130,23.188,55.371,36.104,0.07,2.275,0.0
ATOM,1987.0,C,ILE,130,21.875,54.619,36.282,0.51,2.0,0.0
ATOM,1988.0,O,ILE,130,21.35,54.609,37.368,-0.51,1.7,0.0
ATOM,1989.0,CB,ILE,130,24.408,54.513,36.412,-0.09,2.275,0.0
ATOM,1990.0,CG1,ILE,130,25.512,54.874,35.488,-0.18,2.175,11.13
ATOM,1991.0,CG2,ILE,130,24.067,53.127,35.977,-0.27,2.06,7.71
ATOM,1992.0,CD1,ILE,130,25.929,56.297,35.7,-0.27,2.06,23.13
ATOM,1993.0,H,ILE,130,23.581,56.671,37.819,0.31,0.2245,0.0
ATOM,1994.0,HA,ILE,130,23.196,55.697,35.171,0.09,1.32,2.16
ATOM,1995.0,HB,ILE,130,24.689,54.711,37.348,0.09,1.32,0.0
ATOM,1996.0,HG12,ILE,130,26.291,54.283,35.652,0.09,1.32,0.24
ATOM,1997.0,HG13,ILE,130,25.204,54.771,34.55,0.09,1.32,7.82
ATOM,1998.0,HG21,ILE,130,24.864,52.525,36.076,0.09,1.32,0.0
ATOM,1999.0,HG22,ILE,130,23.318,52.761,36.536,0.09,1.32,0.0
ATOM,2000.0,HG23,ILE,130,23.78,53.124,35.015,0.09,1.32,4.33
ATOM,2001.0,HD11,ILE,130,26.243,56.421,36.643,0.09,1.32,4.67
ATOM,2002.0,HD12,ILE,130,26.674,56.529,35.072,0.09,1.32,11.92
ATOM,2003.0,HD13,ILE,130,25.153,56.907,35.529,0.09,1.32,0.77
ATOM,2004.0,N,GLY,131,21.282,54.09,35.214,-0.47,1.85,0.09
ATOM,2005.0,CA,GLY,131,20.048,53.33,35.322,-0.02,2.175,7.92
ATOM,2006.0,C,GLY,131,18.805,54.169,35.367,0.51,2.0,0.0
ATOM,2007.0,O,GLY,131,17.689,53.671,35.48,-0.51,1.7,12.01
ATOM,2008.0,H,GLY,131,21.772,54.267,34.314,0.31,0.2245,8.33
ATOM,2009.0,HA2,GLY,131,19.991,52.678,34.533,0.09,1.32,9.41
ATOM,2010.0,HA3,GLY,131,20.094,52.743,36.161,0.09,1.32,0.0
ATOM,2011.0,N,ARG,132,19.003,55.457,35.256,-0.47,1.85,0.0
ATOM,2012.0,CA,ARG,132,17.875,56.327,35.292,0.07,2.275,0.0
ATOM,2013.0,C,ARG,132,17.114,56.142,36.595,0.51,2.0,0.0
ATOM,2014.0,O,ARG,132,15.948,56.43,36.688,-0.51,1.7,12.27
ATOM,2015.0,CB,ARG,132,16.995,56.002,34.099,-0.18,2.175,7.29
ATOM,2016.0,CG,ARG,132,17.507,56.551,32.761,-0.18,2.175,15.66
ATOM,2017.0,CD,ARG,132,18.487,55.627,32.006,0.2,2.175,9.86
ATOM,2018.0,NE,ARG,132,17.936,54.814,30.869,-0.7,1.85,7.57
ATOM,2019.0,CZ,ARG,132,17.182,53.692,31.023,0.64,2.0,3.31
ATOM,2020.0,NH1,ARG,132,16.822,53.254,32.239,-0.8,1.85,13.08
ATOM,2021.0,NH2,ARG,132,16.755,53.011,29.954,-0.8,1.85,29.74
ATOM,2022.0,H,ARG,132,19.979,55.758,35.148,0.31,0.2245,0.0
ATOM,2023.0,HA,ARG,132,18.183,57.285,35.24,0.09,1.32,0.01
ATOM,2024.0,HB2,ARG,132,16.929,55.011,34.01,0.09,1.32,0.0
ATOM,2025.0,HB3,ARG,132,16.089,56.389,34.254,0.09,1.32,7.39
ATOM,2026.0,HG2,ARG,132,16.723,56.724,32.151,0.09,1.32,10.39
ATOM,2027.0,HG3,ARG,132,17.98,57.427,32.921,0.09,1.32,7.79
ATOM,2028.0,HD2,ARG,132,19.238,56.203,31.645,0.09,1.32,12.05
ATOM,2029.0,HD3,ARG,132,18.891,54.989,32.682,0.09,1.32,0.0
ATOM,2030.0,HE,ARG,132,18.138,55.12,29.943,0.44,0.2245,16.14
ATOM,2031.0,HH11,ARG,132,17.096,53.772,33.046,0.46,0.2245,0.0
ATOM,2032.0,HH12,ARG,132,16.286,52.42,32.326,0.46,0.2245,18.06
ATOM,2033.0,HH21,ARG,132,16.986,53.357,29.041,0.46,0.2245,18.47
ATOM,2034.0,HH22,ARG,132,16.222,52.185,30.066,0.46,0.2245,17.66
ATOM,2035.0,N,VAL,133,17.721,55.642,37.639,-0.47,1.85,0.0
ATOM,2036.0,CA,VAL,133,16.952,55.496,38.869,0.07,2.275,0.56
ATOM,2037.0,C,VAL,133,16.827,56.819,39.597,0.51,2.0,0.0
ATOM,2038.0,O,VAL,133,17.778,57.595,39.63,-0.51,1.7,0.0
ATOM,2039.0,CB,VAL,133,17.462,54.378,39.77,-0.09,2.275,1.27
ATOM,2040.0,CG1,VAL,133,18.651,53.735,39.095,-0.27,2.06,0.64
ATOM,2041.0,CG2,VAL,133,17.872,54.925,41.123,-0.27,2.06,0.49
ATOM,2042.0,H,VAL,133,18.697,55.383,37.533,0.31,0.2245,0.0
ATOM,2043.0,HA,VAL,133,16.025,55.185,38.622,0.09,1.32,5.55
ATOM,2044.0,HB,VAL,133,16.755,53.689,39.833,0.09,1.32,3.47
ATOM,2045.0,HG11,VAL,133,18.604,52.74,39.201,0.09,1.32,0.0
ATOM,2046.0,HG12,VAL,133,18.651,53.962,38.119,0.09,1.32,0.0
ATOM,2047.0,HG13,VAL,133,19.499,54.07,39.51,0.09,1.32,0.0
ATOM,2048.0,HG21,VAL,133,17.528,54.322,41.844,0.09,1.32,0.0
ATOM,2049.0,HG22,VAL,133,18.87,54.972,41.175,0.09,1.32,0.0
ATOM,2050.0,HG23,VAL,133,17.488,55.841,41.242,0.09,1.32,0.0
ATOM,2051.0,N,THR,134,15.659,57.086,40.18,-0.47,1.85,0.0
ATOM,2052.0,CA,THR,134,15.451,58.361,40.876,0.07,2.275,0.0
ATOM,2053.0,C,THR,134,16.408,58.569,42.043,0.51,2.0,0.0
ATOM,2054.0,O,THR,134,16.519,57.737,42.948,-0.51,1.7,0.16
ATOM,2055.0,CB,THR,134,13.965,58.509,41.338,0.14,2.275,2.61
ATOM,2056.0,OG1,THR,134,13.177,58.352,40.193,-0.66,1.77,21.56
ATOM,2057.0,CG2,THR,134,13.648,59.88,41.893,-0.27,2.06,7.94
ATOM,2058.0,H,THR,134,14.945,56.351,40.103,0.31,0.2245,6.15
ATOM,2059.0,HA,THR,134,15.594,59.112,40.208,0.09,1.32,0.0
ATOM,2060.0,HB,THR,134,13.769,57.764,41.991,0.09,1.32,4.53
ATOM,2061.0,HG21,THR,134,12.654,60.017,41.925,0.09,1.32,7.3
ATOM,2062.0,HG22,THR,134,14.018,59.97,42.822,0.09,1.32,0.0
ATOM,2063.0,HG23,THR,134,14.056,60.59,41.311,0.09,1.32,0.91
ATOM,2064.0,HG1,THR,134,13.61,57.719,39.534,0.43,0.2245,7.45
ATOM,2065.0,N,PRO,135,17.024,59.732,42.09,-0.29,1.85,0.0
ATOM,2066.0,CA,PRO,135,17.946,59.995,43.167,0.02,2.275,0.0
ATOM,2067.0,C,PRO,135,17.223,60.223,44.471,0.51,2.0,0.0
ATOM,2068.0,O,PRO,135,16.058,60.546,44.548,-0.51,1.7,0.0
ATOM,2069.0,CB,PRO,135,18.792,61.172,42.718,-0.18,2.175,0.26
ATOM,2070.0,CG,PRO,135,18.663,61.244,41.2,-0.18,2.175,0.0
ATOM,2071.0,CD,PRO,135,17.38,60.502,40.859,0.0,2.175,0.0
ATOM,2072.0,HA,PRO,135,18.622,59.245,43.258,0.09,1.32,0.16
ATOM,2073.0,HB2,PRO,135,18.469,62.035,43.13,0.09,1.32,0.0
ATOM,2074.0,HB3,PRO,135,19.76,61.048,42.973,0.09,1.32,0.0
ATOM,2075.0,HG2,PRO,135,18.612,62.2,40.906,0.09,1.32,0.0
ATOM,2076.0,HG3,PRO,135,19.454,60.807,40.769,0.09,1.32,0.0
ATOM,2077.0,HD2,PRO,135,16.641,61.141,40.627,0.09,1.32,0.0
ATOM,2078.0,HD3,PRO,135,17.517,59.873,40.087,0.09,1.32,0.0
ATOM,2079.0,N,ILE,136,17.886,59.985,45.541,-0.47,1.85,0.0
ATOM,2080.0,CA,ILE,136,17.286,60.043,46.824,0.07,2.275,0.0
ATOM,2081.0,C,ILE,136,16.799,61.427,47.197,0.51,2.0,0.0
ATOM,2082.0,O,ILE,136,15.752,61.579,47.791,-0.51,1.7,0.0
ATOM,2083.0,CB,ILE,136,18.266,59.412,47.811,-0.09,2.275,0.0
ATOM,2084.0,CG1,ILE,136,17.59,58.865,49.079,-0.18,2.175,0.0
ATOM,2085.0,CG2,ILE,136,19.313,60.439,48.152,-0.27,2.06,1.37
ATOM,2086.0,CD1,ILE,136,18.543,58.727,50.268,-0.27,2.06,0.0
ATOM,2087.0,H,ILE,136,18.902,59.745,45.391,0.31,0.2245,0.0
ATOM,2088.0,HA,ILE,136,16.458,59.451,46.794,0.09,1.32,0.0
ATOM,2089.0,HB,ILE,136,18.72,58.639,47.353,0.09,1.32,0.0
ATOM,2090.0,HG12,ILE,136,16.849,59.479,49.333,0.09,1.32,0.0
ATOM,2091.0,HG13,ILE,136,17.214,57.967,48.871,0.09,1.32,0.0
ATOM,2092.0,HG21,ILE,136,20.018,60.029,48.733,0.09,1.32,0.0
ATOM,2093.0,HG22,ILE,136,19.741,60.782,47.314,0.09,1.32,0.0
ATOM,2094.0,HG23,ILE,136,18.893,61.205,48.641,0.09,1.32,0.55
ATOM,2095.0,HD11,ILE,136,18.918,59.624,50.487,0.09,1.32,1.07
ATOM,2096.0,HD12,ILE,136,18.037,58.369,51.048,0.09,1.32,0.0
ATOM,2097.0,HD13,ILE,136,19.278,58.101,50.022,0.09,1.32,0.0
ATOM,2098.0,N,PHE,137,17.553,62.469,46.915,-0.47,1.85,0.0
ATOM,2099.0,CA,PHE,137,17.074,63.793,47.317,0.07,2.275,0.0
ATOM,2100.0,C,PHE,137,15.75,64.115,46.644,0.51,2.0,0.0
ATOM,2101.0,O,PHE,137,14.856,64.727,47.216,-0.51,1.7,0.0
ATOM,2102.0,CB,PHE,137,18.117,64.939,47.165,-0.18,2.175,0.74
ATOM,2103.0,CG,PHE,137,17.737,66.23,47.923,0.0,1.9924,0.0
ATOM,2104.0,CD1,PHE,137,17.726,66.271,49.318,-0.115,1.9924,0.0
ATOM,2105.0,CD2,PHE,137,17.325,67.382,47.235,-0.115,1.9924,0.0
ATOM,2106.0,CE1,PHE,137,17.312,67.415,50.013,-0.115,1.9924,0.0
ATOM,2107.0,CE2,PHE,137,16.925,68.537,47.898,-0.115,1.9924,0.0
ATOM,2108.0,CZ,PHE,137,16.946,68.559,49.296,-0.115,1.9924,0.0
ATOM,2109.0,H,PHE,137,18.427,62.293,46.433,0.31,0.2245,0.26
ATOM,2110.0,HA,PHE,137,16.898,63.75,48.306,0.09,1.32,0.0
ATOM,2111.0,HB2,PHE,137,18.969,64.621,47.534,0.09,1.32,0.0
ATOM,2112.0,HB3,PHE,137,18.179,65.165,46.212,0.09,1.32,0.05
ATOM,2113.0,HD1,PHE,137,18.019,65.472,49.838,0.115,1.3582,0.28
ATOM,2114.0,HD2,PHE,137,17.322,67.366,46.228,0.115,1.3582,0.0
ATOM,2115.0,HE1,PHE,137,17.28,67.405,51.011,0.115,1.3582,0.0
ATOM,2116.0,HE2,PHE,137,16.624,69.342,47.378,0.115,1.3582,0.0
ATOM,2117.0,HZ,PHE,137,16.7,69.392,49.788,0.115,1.3582,0.0
ATOM,2118.0,N,ASP,138,15.642,63.677,45.406,-0.47,1.85,0.0
ATOM,2119.0,CA,ASP,138,14.486,63.905,44.624,0.07,2.275,0.0
ATOM,2120.0,C,ASP,138,13.349,63.168,45.294,0.51,2.0,0.21
ATOM,2121.0,O,ASP,138,12.282,63.694,45.485,-0.51,1.7,0.87
ATOM,2122.0,CB,ASP,138,14.723,63.45,43.173,-0.28,2.175,3.0
ATOM,2123.0,CG,ASP,138,15.755,64.234,42.419,0.62,2.0,0.14
ATOM,2124.0,OD1,ASP,138,16.746,64.711,43.141,-0.76,1.7,0.0
ATOM,2125.0,OD2,ASP,138,15.733,64.376,41.228,-0.76,1.7,12.33
ATOM,2126.0,H,ASP,138,16.487,63.151,45.066,0.31,0.2245,0.0
ATOM,2127.0,HA,ASP,138,14.263,64.877,44.666,0.09,1.32,0.44
ATOM,2128.0,HB2,ASP,138,15.001,62.485,43.205,0.09,1.32,0.0
ATOM,2129.0,HB3,ASP,138,13.843,63.515,42.692,0.09,1.32,9.05
ATOM,2130.0,N,ASN,139,13.589,61.939,45.714,-0.47,1.85,0.0
ATOM,2131.0,CA,ASN,139,12.515,61.225,46.395,0.07,2.275,0.09
ATOM,2132.0,C,ASN,139,12.052,61.985,47.636,0.51,2.0,0.0
ATOM,2133.0,O,ASN,139,10.86,62.05,47.943,-0.51,1.7,2.04
ATOM,2134.0,CB,ASN,139,12.89,59.781,46.785,-0.18,2.175,2.42
ATOM,2135.0,CG,ASN,139,12.886,58.812,45.639,0.55,2.0,0.82
ATOM,2136.0,H,ASN,139,14.515,61.564,45.535,0.31,0.2245,0.0
ATOM,2137.0,HA,ASN,139,11.732,61.19,45.764,0.09,1.32,0.0
ATOM,2138.0,HB2,ASN,139,13.807,59.803,47.192,0.09,1.32,0.0
ATOM,2139.0,HB3,ASN,139,12.233,59.472,47.478,0.09,1.32,2.55
ATOM,2140.0,OD1,ASN,139,13.534,57.774,45.699,-0.55,1.7,3.2
ATOM,2141.0,ND2,ASN,139,12.125,59.13,44.611,-0.62,1.85,14.04
ATOM,2142.0,HD22,ASN,139,11.593,59.978,44.613,0.3,0.2245,3.13
ATOM,2143.0,HD21,ASN,139,12.073,58.521,43.813,0.32,0.2245,7.83
ATOM,2144.0,N,ILE,140,13.029,62.492,48.388,-0.47,1.85,0.0
ATOM,2145.0,CA,ILE,140,12.727,63.278,49.558,0.07,2.275,0.0
ATOM,2146.0,C,ILE,140,11.896,64.466,49.092,0.51,2.0,0.0
ATOM,2147.0,O,ILE,140,10.791,64.623,49.513,-0.51,1.7,0.0
ATOM,2148.0,CB,ILE,140,13.937,63.684,50.384,-0.09,2.275,0.0
ATOM,2149.0,CG1,ILE,140,14.979,62.592,50.398,-0.18,2.175,0.0
ATOM,2150.0,CG2,ILE,140,13.519,63.916,51.819,-0.27,2.06,0.0
ATOM,2151.0,CD1,ILE,140,16.097,62.879,51.392,-0.27,2.06,2.19
ATOM,2152.0,H,ILE,140,13.986,62.274,48.061,0.31,0.2245,0.0
ATOM,2153.0,HA,ILE,140,12.132,62.727,50.13,0.09,1.32,0.0
ATOM,2154.0,HB,ILE,140,14.342,64.498,49.964,0.09,1.32,0.0
ATOM,2155.0,HG12,ILE,140,14.55,61.732,50.646,0.09,1.32,0.0
ATOM,2156.0,HG13,ILE,140,15.38,62.515,49.492,0.09,1.32,0.0
ATOM,2157.0,HG21,ILE,140,14.312,64.194,52.361,0.09,1.32,0.0
ATOM,2158.0,HG22,ILE,140,12.826,64.636,51.857,0.09,1.32,0.0
ATOM,2159.0,HG23,ILE,140,13.139,63.073,52.201,0.09,1.32,0.0
ATOM,2160.0,HD11,ILE,140,15.708,62.954,52.307,0.09,1.32,0.0
ATOM,2161.0,HD12,ILE,140,16.758,62.132,51.364,0.09,1.32,0.02
ATOM,2162.0,HD13,ILE,140,16.543,63.735,51.143,0.09,1.32,0.0
ATOM,2163.0,N,ILE,141,12.374,65.261,48.141,-0.47,1.85,0.0
ATOM,2164.0,CA,ILE,141,11.561,66.349,47.589,0.07,2.275,0.34
ATOM,2165.0,C,ILE,141,10.093,65.882,47.236,0.51,2.0,0.0
ATOM,2166.0,O,ILE,141,9.11,66.63,47.165,-0.51,1.7,11.76
ATOM,2167.0,CB,ILE,141,12.209,66.762,46.288,-0.09,2.275,0.0
ATOM,2168.0,CG1,ILE,141,13.425,67.623,46.508,-0.18,2.175,1.08
ATOM,2169.0,CG2,ILE,141,11.173,67.428,45.381,-0.27,2.06,24.55
ATOM,2170.0,CD1,ILE,141,13.529,68.037,47.983,-0.27,2.06,0.0
ATOM,2171.0,H,ILE,141,13.337,65.054,47.833,0.31,0.2245,0.0
ATOM,2172.0,HA,ILE,141,11.454,67.032,48.317,0.09,1.32,1.85
ATOM,2173.0,HB,ILE,141,12.499,65.929,45.803,0.09,1.32,0.0
ATOM,2174.0,HG12,ILE,141,14.237,67.119,46.271,0.09,1.32,0.0
ATOM,2175.0,HG13,ILE,141,13.349,68.443,45.966,0.09,1.32,0.0
ATOM,2176.0,HG21,ILE,141,11.584,67.613,44.491,0.09,1.32,11.11
ATOM,2177.0,HG22,ILE,141,10.392,66.818,45.269,0.09,1.32,0.28
ATOM,2178.0,HG23,ILE,141,10.873,68.284,45.796,0.09,1.32,4.16
ATOM,2179.0,HD11,ILE,141,13.601,67.216,48.541,0.09,1.32,0.0
ATOM,2180.0,HD12,ILE,141,14.339,68.604,48.1,0.09,1.32,0.0
ATOM,2181.0,HD13,ILE,141,12.713,68.55,48.23,0.09,1.32,1.19
ATOM,2182.0,N,SER,142,9.894,64.6,46.988,-0.47,1.85,0.0
ATOM,2183.0,CA,SER,142,8.561,64.181,46.66,0.07,2.275,0.49
ATOM,2184.0,C,SER,142,7.648,64.028,47.839,0.51,2.0,0.12
ATOM,2185.0,O,SER,142,6.433,64.084,47.703,-0.51,1.7,28.3
ATOM,2186.0,CB,SER,142,8.622,62.915,45.907,0.05,2.175,17.68
ATOM,2187.0,OG,SER,142,8.77,63.362,44.584,-0.66,1.77,25.75
ATOM,2188.0,H,SER,142,10.709,63.994,47.048,0.31,0.2245,0.0
ATOM,2189.0,HA,SER,142,8.153,64.885,46.035,0.09,1.32,5.12
ATOM,2190.0,HB2,SER,142,9.408,62.407,46.162,0.09,1.32,0.0
ATOM,2191.0,HB3,SER,142,7.784,62.433,45.988,0.09,1.32,7.66
ATOM,2192.0,HG,SER,142,9.027,64.33,44.579,0.43,0.2245,7.81
ATOM,2193.0,N,GLN,143,8.232,63.798,48.984,-0.47,1.85,0.23
ATOM,2194.0,CA,GLN,143,7.502,63.639,50.214,0.07,2.275,1.58
ATOM,2195.0,C,GLN,143,6.851,64.921,50.712,0.51,2.0,1.07
ATOM,2196.0,O,GLN,143,6.05,64.903,51.651,-0.51,1.7,18.46
ATOM,2197.0,CB,GLN,143,8.499,63.298,51.291,-0.18,2.175,0.0
ATOM,2198.0,CG,GLN,143,7.934,62.267,52.223,-0.18,2.175,13.17
ATOM,2199.0,CD,GLN,143,8.933,61.138,52.25,0.55,2.0,3.08
ATOM,2200.0,H,GLN,143,9.282,63.738,48.933,0.31,0.2245,0.0
ATOM,2201.0,HA,GLN,143,6.756,62.961,50.057,0.09,1.32,7.91
ATOM,2202.0,HB2,GLN,143,9.319,62.929,50.872,0.09,1.32,0.0
ATOM,2203.0,HB3,GLN,143,8.708,64.115,51.814,0.09,1.32,0.0
ATOM,2204.0,HG2,GLN,143,7.858,62.644,53.12,0.09,1.32,0.07
ATOM,2205.0,HG3,GLN,143,7.088,61.934,51.868,0.09,1.32,6.84
ATOM,2206.0,OE1,GLN,143,9.257,60.569,51.186,-0.55,1.7,14.57
ATOM,2207.0,NE2,GLN,143,9.534,60.952,53.417,-0.62,1.85,7.29
ATOM,2208.0,HE21,GLN,143,10.223,60.192,53.53,0.32,0.2245,0.0
ATOM,2209.0,HE22,GLN,143,9.314,61.56,54.196,0.3,0.2245,6.11
ATOM,2210.0,N,GLY,144,7.321,66.057,50.209,-0.47,1.85,0.0
ATOM,2211.0,CA,GLY,144,6.785,67.338,50.64,-0.02,2.175,15.39
ATOM,2212.0,C,GLY,144,7.065,67.663,52.113,0.51,2.0,0.0
ATOM,2213.0,O,GLY,144,6.325,68.431,52.721,-0.51,1.7,13.7
ATOM,2214.0,H,GLY,144,8.074,65.951,49.51,0.31,0.2245,0.0
ATOM,2215.0,HA2,GLY,144,7.175,68.08,50.062,0.09,1.32,9.85
ATOM,2216.0,HA3,GLY,144,5.778,67.352,50.489,0.09,1.32,11.26
ATOM,2217.0,N,VAL,145,8.147,67.16,52.707,-0.47,1.85,0.0
ATOM,2218.0,CA,VAL,145,8.407,67.517,54.07,0.07,2.275,0.0
ATOM,2219.0,C,VAL,145,9.418,68.669,54.274,0.51,2.0,0.0
ATOM,2220.0,O,VAL,145,9.37,69.419,55.27,-0.51,1.7,0.0
ATOM,2221.0,CB,VAL,145,8.78,66.282,54.844,-0.09,2.275,1.59
ATOM,2222.0,CG1,VAL,145,7.707,65.221,54.565,-0.27,2.06,17.7
ATOM,2223.0,CG2,VAL,145,10.128,65.781,54.374,-0.27,2.06,0.84
ATOM,2224.0,H,VAL,145,8.722,66.544,52.132,0.31,0.2245,0.0
ATOM,2225.0,HA,VAL,145,7.528,67.817,54.506,0.09,1.32,2.55
ATOM,2226.0,HB,VAL,145,8.727,66.481,55.809,0.09,1.32,0.91
ATOM,2227.0,HG11,VAL,145,6.811,65.592,54.799,0.09,1.32,8.6
ATOM,2228.0,HG12,VAL,145,7.73,64.979,53.597,0.09,1.32,0.0
ATOM,2229.0,HG13,VAL,145,7.893,64.413,55.12,0.09,1.32,7.07
ATOM,2230.0,HG21,VAL,145,10.618,65.368,55.143,0.09,1.32,0.45
ATOM,2231.0,HG22,VAL,145,9.998,65.096,53.656,0.09,1.32,0.0
ATOM,2232.0,HG23,VAL,145,10.662,66.547,54.011,0.09,1.32,0.0
ATOM,2233.0,N,LEU,146,10.423,68.801,53.424,-0.47,1.85,1.11
ATOM,2234.0,CA,LEU,146,11.436,69.843,53.673,0.07,2.275,0.0
ATOM,2235.0,C,LEU,146,10.94,71.287,53.581,0.51,2.0,0.0
ATOM,2236.0,O,LEU,146,10.147,71.659,52.732,-0.51,1.7,8.02
ATOM,2237.0,CB,LEU,146,12.737,69.663,52.837,-0.18,2.175,0.0
ATOM,2238.0,CG,LEU,146,13.394,68.285,53.049,-0.09,2.275,0.0
ATOM,2239.0,CD1,LEU,146,14.56,68.155,52.101,-0.27,2.06,0.0
ATOM,2240.0,CD2,LEU,146,13.78,68.002,54.521,-0.27,2.06,0.0
ATOM,2241.0,H,LEU,146,10.441,68.164,52.631,0.31,0.2245,1.04
ATOM,2242.0,HA,LEU,146,11.813,69.695,54.613,0.09,1.32,0.0
ATOM,2243.0,HB2,LEU,146,12.494,69.736,51.892,0.09,1.32,1.78
ATOM,2244.0,HB3,LEU,146,13.373,70.346,53.127,0.09,1.32,0.0
ATOM,2245.0,HG,LEU,146,12.721,67.581,52.86,0.09,1.32,0.0
ATOM,2246.0,HD11,LEU,146,15.229,68.879,52.282,0.09,1.32,0.0
ATOM,2247.0,HD12,LEU,146,15.002,67.263,52.224,0.09,1.32,0.0
ATOM,2248.0,HD13,LEU,146,14.24,68.234,51.154,0.09,1.32,0.0
ATOM,2249.0,HD21,LEU,146,12.957,68.035,55.081,0.09,1.32,0.0
ATOM,2250.0,HD22,LEU,146,14.196,67.098,54.576,0.09,1.32,0.0
ATOM,2251.0,HD23,LEU,146,14.428,68.696,54.823,0.09,1.32,0.0
ATOM,2252.0,N,LYS,147,11.393,72.124,54.486,-0.47,1.85,0.0
ATOM,2253.0,CA,LYS,147,11.022,73.518,54.446,0.07,2.275,0.0
ATOM,2254.0,C,LYS,147,11.499,74.104,53.123,0.51,2.0,0.0
ATOM,2255.0,O,LYS,147,10.76,74.769,52.41,-0.51,1.7,22.34
ATOM,2256.0,CB,LYS,147,11.768,74.196,55.577,-0.18,2.175,0.0
ATOM,2257.0,CG,LYS,147,11.151,75.451,56.165,-0.18,2.175,3.33
ATOM,2258.0,CD,LYS,147,11.93,75.844,57.417,-0.18,2.175,8.02
ATOM,2259.0,CE,LYS,147,11.096,76.649,58.416,0.21,2.175,15.28
ATOM,2260.0,NZ,LYS,147,10.422,77.829,57.826,-0.3,1.85,12.24
ATOM,2261.0,H,LYS,147,12.016,71.711,55.203,0.31,0.2245,0.0
ATOM,2262.0,HA,LYS,147,10.027,73.6,54.491,0.09,1.32,0.0
ATOM,2263.0,HB2,LYS,147,11.881,73.524,56.329,0.09,1.32,0.0
ATOM,2264.0,HB3,LYS,147,12.698,74.432,55.245,0.09,1.32,0.0
ATOM,2265.0,HG2,LYS,147,11.212,76.187,55.507,0.09,1.32,3.84
ATOM,2266.0,HG3,LYS,147,10.212,75.27,56.416,0.09,1.32,0.0
ATOM,2267.0,HD2,LYS,147,12.249,75.012,57.872,0.09,1.32,1.1
ATOM,2268.0,HD3,LYS,147,12.717,76.398,57.147,0.09,1.32,9.09
ATOM,2269.0,HE2,LYS,147,10.4,76.033,58.819,0.05,1.32,0.0
ATOM,2270.0,HE3,LYS,147,11.704,76.952,59.167,0.05,1.32,12.1
ATOM,2271.0,HZ1,LYS,147,10.124,78.444,58.557,0.33,0.2245,20.42
ATOM,2272.0,HZ2,LYS,147,11.059,78.312,57.224,0.33,0.2245,16.19
ATOM,2273.0,HZ3,LYS,147,9.626,77.531,57.297,0.33,0.2245,8.85
ATOM,2274.0,N,GLU,148,12.769,73.883,52.805,-0.47,1.85,0.0
ATOM,2275.0,CA,GLU,148,13.319,74.348,51.554,0.07,2.275,0.93
ATOM,2276.0,C,GLU,148,13.897,73.186,50.798,0.51,2.0,0.44
ATOM,2277.0,O,GLU,148,14.237,72.145,51.41,-0.51,1.7,0.0
ATOM,2278.0,CB,GLU,148,14.449,75.361,51.741,-0.18,2.175,0.48
ATOM,2279.0,CG,GLU,148,13.991,76.675,52.37,-0.28,2.175,11.37
ATOM,2280.0,CD,GLU,148,15.185,77.547,52.645,0.62,2.0,3.82
ATOM,2281.0,OE1,GLU,148,16.07,77.226,53.429,-0.76,1.7,15.19
ATOM,2282.0,OE2,GLU,148,15.236,78.61,51.852,-0.76,1.7,41.08
ATOM,2283.0,H,GLU,148,13.312,73.36,53.519,0.31,0.2245,0.0
ATOM,2284.0,HA,GLU,148,12.599,74.787,51.007,0.09,1.32,3.73
ATOM,2285.0,HB2,GLU,148,15.115,74.962,52.342,0.09,1.32,0.0
ATOM,2286.0,HB3,GLU,148,14.817,75.57,50.856,0.09,1.32,0.56
ATOM,2287.0,HG2,GLU,148,13.421,77.132,51.731,0.09,1.32,8.85
ATOM,2288.0,HG3,GLU,148,13.562,76.472,53.217,0.09,1.32,0.0
ATOM,2289.0,N,ASP,149,14.006,73.431,49.478,-0.47,1.85,1.29
ATOM,2290.0,CA,ASP,149,14.604,72.572,48.465,0.07,2.275,0.0
ATOM,2291.0,C,ASP,149,16.098,72.789,48.301,0.51,2.0,0.0
ATOM,2292.0,O,ASP,149,16.642,72.956,47.19,-0.51,1.7,0.0
ATOM,2293.0,CB,ASP,149,14.001,72.865,47.114,-0.28,2.175,0.13
ATOM,2294.0,CG,ASP,149,13.42,71.605,46.564,0.62,2.0,2.12
ATOM,2295.0,OD1,ASP,149,12.389,71.144,47.311,-0.76,1.7,19.32
ATOM,2296.0,OD2,ASP,149,13.901,71.075,45.563,-0.76,1.7,10.53
ATOM,2297.0,H,ASP,149,13.581,74.387,49.219,0.31,0.2245,1.82
ATOM,2298.0,HA,ASP,149,14.475,71.612,48.774,0.09,1.32,0.0
ATOM,2299.0,HB2,ASP,149,13.286,73.529,47.23,0.09,1.32,0.93
ATOM,2300.0,HB3,ASP,149,14.713,73.182,46.518,0.09,1.32,0.0
ATOM,2301.0,N,VAL,150,16.751,72.763,49.438,-0.47,1.85,0.0
ATOM,2302.0,CA,VAL,150,18.134,72.939,49.495,0.07,2.275,0.0
ATOM,2303.0,C,VAL,150,18.712,71.923,50.444,0.51,2.0,0.0
ATOM,2304.0,O,VAL,150,17.985,71.326,51.264,-0.51,1.7,0.0
ATOM,2305.0,CB,VAL,150,18.426,74.383,49.956,-0.09,2.275,0.0
ATOM,2306.0,CG1,VAL,150,17.511,75.33,49.214,-0.27,2.06,3.16
ATOM,2307.0,CG2,VAL,150,18.227,74.559,51.453,-0.27,2.06,0.0
ATOM,2308.0,H,VAL,150,16.136,72.6,50.277,0.31,0.2245,0.0
ATOM,2309.0,HA,VAL,150,18.535,72.768,48.587,0.09,1.32,0.0
ATOM,2310.0,HB,VAL,150,19.355,74.599,49.69,0.09,1.32,0.0
ATOM,2311.0,HG11,VAL,150,16.564,75.012,49.285,0.09,1.32,0.0
ATOM,2312.0,HG12,VAL,150,17.58,76.248,49.609,0.09,1.32,1.93
ATOM,2313.0,HG13,VAL,150,17.773,75.368,48.248,0.09,1.32,0.0
ATOM,2314.0,HG21,VAL,150,17.82,75.455,51.629,0.09,1.32,0.0
ATOM,2315.0,HG22,VAL,150,17.619,73.841,51.793,0.09,1.32,0.0
ATOM,2316.0,HG23,VAL,150,19.112,74.495,51.914,0.09,1.32,0.0
ATOM,2317.0,N,PHE,151,20.024,71.722,50.309,-0.47,1.85,0.0
ATOM,2318.0,CA,PHE,151,20.759,70.92,51.239,0.07,2.275,0.0
ATOM,2319.0,C,PHE,151,22.088,71.64,51.376,0.51,2.0,0.0
ATOM,2320.0,O,PHE,151,22.477,72.319,50.408,-0.51,1.7,0.0
ATOM,2321.0,CB,PHE,151,20.788,69.407,50.908,-0.18,2.175,0.0
ATOM,2322.0,CG,PHE,151,21.4,69.054,49.585,0.0,1.9924,0.0
ATOM,2323.0,CD1,PHE,151,22.79,68.905,49.447,-0.115,1.9924,0.0
ATOM,2324.0,CD2,PHE,151,20.587,68.898,48.462,-0.115,1.9924,0.0
ATOM,2325.0,CE1,PHE,151,23.395,68.673,48.203,-0.115,1.9924,0.0
ATOM,2326.0,CE2,PHE,151,21.177,68.672,47.216,-0.115,1.9924,0.05
ATOM,2327.0,CZ,PHE,151,22.564,68.537,47.084,-0.115,1.9924,0.0
ATOM,2328.0,H,PHE,151,20.444,72.195,49.481,0.31,0.2245,0.0
ATOM,2329.0,HA,PHE,151,20.311,70.986,52.115,0.09,1.32,0.0
ATOM,2330.0,HB2,PHE,151,21.312,68.96,51.623,0.09,1.32,0.0
ATOM,2331.0,HB3,PHE,151,19.848,69.088,50.912,0.09,1.32,0.0
ATOM,2332.0,HD1,PHE,151,23.37,68.964,50.26,0.115,1.3582,0.0
ATOM,2333.0,HD2,PHE,151,19.604,68.946,48.546,0.115,1.3582,0.0
ATOM,2334.0,HE1,PHE,151,24.378,68.61,48.127,0.115,1.3582,0.0
ATOM,2335.0,HE2,PHE,151,20.584,68.606,46.391,0.115,1.3582,0.02
ATOM,2336.0,HZ,PHE,151,22.966,68.343,46.192,0.115,1.3582,0.0
ATOM,2337.0,N,SER,152,22.716,71.655,52.554,-0.47,1.85,0.0
ATOM,2338.0,CA,SER,152,24.009,72.36,52.666,0.07,2.275,0.0
ATOM,2339.0,C,SER,152,25.057,71.51,53.312,0.51,2.0,0.0
ATOM,2340.0,O,SER,152,24.725,70.553,54.011,-0.51,1.7,0.0
ATOM,2341.0,CB,SER,152,23.928,73.618,53.473,0.05,2.175,0.0
ATOM,2342.0,OG,SER,152,22.638,74.087,53.294,-0.66,1.77,0.0
ATOM,2343.0,H,SER,152,22.258,71.171,53.319,0.31,0.2245,0.0
ATOM,2344.0,HA,SER,152,24.307,72.587,51.726,0.09,1.32,0.0
ATOM,2345.0,HB2,SER,152,24.079,73.408,54.419,0.09,1.32,0.0
ATOM,2346.0,HB3,SER,152,24.572,74.271,53.123,0.09,1.32,0.0
ATOM,2347.0,HG,SER,152,21.973,73.35,53.451,0.43,0.2245,0.0
ATOM,2348.0,N,PHE,153,26.305,71.929,53.184,-0.47,1.85,0.0
ATOM,2349.0,CA,PHE,153,27.422,71.187,53.726,0.07,2.275,0.0
ATOM,2350.0,C,PHE,153,28.281,72.076,54.553,0.51,2.0,0.0
ATOM,2351.0,O,PHE,153,28.7,73.15,54.09,-0.51,1.7,0.0
ATOM,2352.0,CB,PHE,153,28.406,70.619,52.639,-0.18,2.175,0.0
ATOM,2353.0,CG,PHE,153,27.91,69.325,52.038,0.0,1.9924,0.0
ATOM,2354.0,CD1,PHE,153,26.762,69.316,51.24,-0.115,1.9924,0.0
ATOM,2355.0,CD2,PHE,153,28.475,68.093,52.363,-0.115,1.9924,0.0
ATOM,2356.0,CE1,PHE,153,26.197,68.138,50.736,-0.115,1.9924,0.0
ATOM,2357.0,CE2,PHE,153,27.918,66.915,51.868,-0.115,1.9924,0.0
ATOM,2358.0,CZ,PHE,153,26.802,66.919,51.037,-0.115,1.9924,0.0
ATOM,2359.0,H,PHE,153,26.41,72.829,52.665,0.31,0.2245,0.0
ATOM,2360.0,HA,PHE,153,27.035,70.484,54.337,0.09,1.32,0.0
ATOM,2361.0,HB2,PHE,153,28.467,71.29,51.931,0.09,1.32,0.0
ATOM,2362.0,HB3,PHE,153,29.258,70.45,53.087,0.09,1.32,0.0
ATOM,2363.0,HD1,PHE,153,26.319,70.192,51.014,0.115,1.3582,0.0
ATOM,2364.0,HD2,PHE,153,29.278,68.054,52.949,0.115,1.3582,0.0
ATOM,2365.0,HE1,PHE,153,25.376,68.181,50.174,0.115,1.3582,0.0
ATOM,2366.0,HE2,PHE,153,28.348,66.021,52.129,0.115,1.3582,0.3
ATOM,2367.0,HZ,PHE,153,26.442,66.076,50.664,0.115,1.3582,0.0
ATOM,2368.0,N,TYR,154,28.656,71.497,55.687,-0.47,1.85,0.0
ATOM,2369.0,CA,TYR,154,29.609,72.031,56.602,0.07,2.275,0.0
ATOM,2370.0,C,TYR,154,30.715,70.968,56.726,0.51,2.0,0.0
ATOM,2371.0,O,TYR,154,30.433,69.818,57.103,-0.51,1.7,0.0
ATOM,2372.0,CB,TYR,154,28.984,72.34,58.0,-0.18,2.175,0.0
ATOM,2373.0,CG,TYR,154,30.012,72.599,59.073,0.0,1.9924,0.0
ATOM,2374.0,CD1,TYR,154,30.84,73.72,59.005,-0.115,1.9924,0.0
ATOM,2375.0,CD2,TYR,154,30.193,71.726,60.15,-0.115,1.9924,0.0
ATOM,2376.0,CE1,TYR,154,31.818,73.952,59.983,-0.115,1.9924,0.86
ATOM,2377.0,CE2,TYR,154,31.18,71.918,61.126,-0.115,1.9924,0.0
ATOM,2378.0,CZ,TYR,154,32.001,73.043,61.033,0.11,1.9924,0.0
ATOM,2379.0,OH,TYR,154,32.961,73.27,62.005,-0.54,1.77,2.49
ATOM,2380.0,H,TYR,154,28.16,70.565,55.852,0.31,0.2245,0.0
ATOM,2381.0,HA,TYR,154,30.022,72.845,56.219,0.09,1.32,0.0
ATOM,2382.0,HB2,TYR,154,28.414,73.146,57.899,0.09,1.32,0.0
ATOM,2383.0,HB3,TYR,154,28.438,71.554,58.262,0.09,1.32,0.0
ATOM,2384.0,HD1,TYR,154,30.741,74.368,58.254,0.115,1.3582,0.0
ATOM,2385.0,HD2,TYR,154,29.588,70.924,60.231,0.115,1.3582,0.0
ATOM,2386.0,HE1,TYR,154,32.389,74.774,59.931,0.115,1.3582,2.41
ATOM,2387.0,HE2,TYR,154,31.292,71.27,61.864,0.115,1.3582,0.0
ATOM,2388.0,HH,TYR,154,32.96,74.239,62.24,0.43,0.2245,4.82
ATOM,2389.0,N,TYR,155,31.968,71.285,56.349,-0.47,1.85,0.0
ATOM,2390.0,CA,TYR,155,32.985,70.287,56.572,0.07,2.275,0.0
ATOM,2391.0,C,TYR,155,33.917,70.828,57.64,0.51,2.0,0.0
ATOM,2392.0,O,TYR,155,34.444,71.9,57.509,-0.51,1.7,0.48
ATOM,2393.0,CB,TYR,155,33.751,69.889,55.309,-0.18,2.175,0.0
ATOM,2394.0,CG,TYR,155,33.12,68.825,54.441,0.0,1.9924,0.0
ATOM,2395.0,CD1,TYR,155,32.028,68.044,54.817,-0.115,1.9924,0.0
ATOM,2396.0,CD2,TYR,155,33.652,68.597,53.181,-0.115,1.9924,0.0
ATOM,2397.0,CE1,TYR,155,31.463,67.101,53.944,-0.115,1.9924,0.0
ATOM,2398.0,CE2,TYR,155,33.143,67.618,52.338,-0.115,1.9924,0.0
ATOM,2399.0,CZ,TYR,155,32.062,66.839,52.718,0.11,1.9924,0.0
ATOM,2400.0,OH,TYR,155,31.568,65.91,51.852,-0.54,1.77,0.73
ATOM,2401.0,H,TYR,155,32.097,72.194,55.941,0.31,0.2245,0.0
ATOM,2402.0,HA,TYR,155,32.555,69.461,56.924,0.09,1.32,0.0
ATOM,2403.0,HB2,TYR,155,33.876,70.717,54.746,0.09,1.32,0.0
ATOM,2404.0,HB3,TYR,155,34.663,69.561,55.588,0.09,1.32,0.0
ATOM,2405.0,HD1,TYR,155,31.632,68.152,55.731,0.115,1.3582,0.0
ATOM,2406.0,HD2,TYR,155,34.426,69.155,52.867,0.115,1.3582,0.0
ATOM,2407.0,HE1,TYR,155,30.626,66.62,54.21,0.115,1.3582,0.0
ATOM,2408.0,HE2,TYR,155,33.567,67.471,51.434,0.115,1.3582,0.0
ATOM,2409.0,HH,TYR,155,32.133,65.889,51.026,0.43,0.2245,0.0
ATOM,2410.0,N,ASN,156,34.175,70.146,58.73,-0.47,1.85,0.0
ATOM,2411.0,CA,ASN,156,35.061,70.805,59.66,0.07,2.275,0.0
ATOM,2412.0,C,ASN,156,36.546,70.443,59.514,0.51,2.0,0.0
ATOM,2413.0,O,ASN,156,36.976,69.552,58.748,-0.51,1.7,0.0
ATOM,2414.0,CB,ASN,156,34.505,70.384,61.028,-0.18,2.175,0.0
ATOM,2415.0,CG,ASN,156,35.015,71.203,62.194,0.55,2.0,0.0
ATOM,2416.0,OD1,ASN,156,35.611,72.251,62.001,-0.55,1.7,9.24
ATOM,2417.0,ND2,ASN,156,34.641,70.85,63.404,-0.62,1.85,1.58
ATOM,2418.0,H,ASN,156,33.757,69.248,58.841,0.31,0.2245,0.0
ATOM,2419.0,HA,ASN,156,34.993,71.811,59.489,0.09,1.32,0.39
ATOM,2420.0,HB2,ASN,156,33.505,70.463,60.995,0.09,1.32,0.0
ATOM,2421.0,HB3,ASN,156,34.75,69.422,61.18,0.09,1.32,0.0
ATOM,2422.0,HD22,ASN,156,34.037,70.049,63.518,0.3,0.2245,0.0
ATOM,2423.0,HD21,ASN,156,34.944,71.358,64.204,0.32,0.2245,9.08
ATOM,2424.0,N,ARG,157,37.371,71.127,60.282,-0.47,1.85,0.0
ATOM,2425.0,CA,ARG,157,38.737,70.698,60.481,0.07,2.275,0.0
ATOM,2426.0,C,ARG,157,38.84,69.617,61.637,0.51,2.0,0.09
ATOM,2427.0,O,ARG,157,37.911,69.245,62.402,-0.51,1.7,0.78
ATOM,2428.0,CB,ARG,157,39.723,71.8,60.62,-0.18,2.175,6.12
ATOM,2429.0,CG,ARG,157,39.327,73.107,59.954,-0.18,2.175,1.52
ATOM,2430.0,CD,ARG,157,39.83,74.32,60.785,0.2,2.175,18.26
ATOM,2431.0,NE,ARG,157,40.099,75.477,59.948,-0.7,1.85,7.24
ATOM,2432.0,CZ,ARG,157,39.139,76.148,59.301,0.64,2.0,1.88
ATOM,2433.0,NH1,ARG,157,37.848,75.879,59.506,-0.8,1.85,15.9
ATOM,2434.0,NH2,ARG,157,39.48,77.153,58.457,-0.8,1.85,17.49
ATOM,2435.0,H,ARG,157,36.964,71.977,60.719,0.31,0.2245,0.0
ATOM,2436.0,HA,ARG,157,39.089,70.265,59.646,0.09,1.32,0.0
ATOM,2437.0,HB2,ARG,157,39.867,71.994,61.595,0.09,1.32,4.6
ATOM,2438.0,HB3,ARG,157,40.598,71.514,60.217,0.09,1.32,5.79
ATOM,2439.0,HG2,ARG,157,39.74,73.172,59.057,0.09,1.32,3.03
ATOM,2440.0,HG3,ARG,157,38.341,73.176,59.899,0.09,1.32,0.0
ATOM,2441.0,HD2,ARG,157,39.121,74.535,61.447,0.09,1.32,6.65
ATOM,2442.0,HD3,ARG,157,40.662,74.032,61.247,0.09,1.32,8.47
ATOM,2443.0,HE,ARG,157,41.041,75.79,59.847,0.44,0.2245,16.27
ATOM,2444.0,HH11,ARG,157,37.584,75.179,60.167,0.46,0.2245,3.36
ATOM,2445.0,HH12,ARG,157,37.149,76.38,58.998,0.46,0.2245,3.05
ATOM,2446.0,HH21,ARG,157,40.444,77.384,58.352,0.46,0.2245,10.68
ATOM,2447.0,HH22,ARG,157,38.774,77.639,57.963,0.46,0.2245,5.64
ATOM,2448.0,N,ASP,158,39.926,68.916,61.713,-0.47,1.85,1.37
ATOM,2449.0,CA,ASP,158,39.916,67.815,62.632,0.07,2.275,0.09
ATOM,2450.0,C,ASP,158,40.109,68.219,64.059,0.51,2.0,1.76
ATOM,2451.0,O,ASP,158,39.746,69.345,64.472,-0.51,1.7,17.47
ATOM,2452.0,CB,ASP,158,41.033,66.818,62.256,-0.28,2.175,11.93
ATOM,2453.0,CG,ASP,158,40.676,65.353,62.239,0.62,2.0,0.6
ATOM,2454.0,OD1,ASP,158,40.2,64.727,63.205,-0.76,1.7,16.22
ATOM,2455.0,OD2,ASP,158,41.112,64.805,61.12,-0.76,1.7,6.36
ATOM,2456.0,H,ASP,158,40.706,69.186,61.125,0.31,0.2245,4.21
ATOM,2457.0,HA,ASP,158,38.996,67.373,62.565,0.09,1.32,1.82
ATOM,2458.0,HB2,ASP,158,41.37,67.082,61.338,0.09,1.32,1.75
ATOM,2459.0,HB3,ASP,158,41.792,66.961,62.91,0.09,1.32,3.9
ATOM,2460.0,N,SER,159,40.721,67.205,64.744,-0.47,1.85,0.32
ATOM,2461.0,CA,SER,159,41.152,67.115,66.139,0.07,2.275,3.25
ATOM,2462.0,C,SER,159,42.136,65.969,66.335,0.51,2.0,0.0
ATOM,2463.0,O,SER,159,42.344,65.082,65.44,-0.51,1.7,13.82
ATOM,2464.0,CB,SER,159,40.01,66.761,67.105,0.05,2.175,14.12
ATOM,2465.0,OG,SER,159,38.765,67.159,66.593,-0.66,1.77,2.55
ATOM,2466.0,H,SER,159,40.881,66.354,64.066,0.31,0.2245,0.0
ATOM,2467.0,HA,SER,159,41.623,67.973,66.374,0.09,1.32,9.43
ATOM,2468.0,HB2,SER,159,40.012,65.774,67.245,0.09,1.32,3.52
ATOM,2469.0,HB3,SER,159,40.177,67.226,67.972,0.09,1.32,8.75
ATOM,2470.0,HG,SER,159,38.892,67.887,65.917,0.43,0.2245,0.02
ATOM,2471.0,N,GLU,160,42.654,65.952,67.574,-0.47,1.85,0.0
ATOM,2472.0,CA,GLU,160,43.434,64.815,67.984,0.07,2.275,3.45
ATOM,2473.0,C,GLU,160,42.41,63.762,68.385,0.51,2.0,26.0
ATOM,2474.0,O,GLU,160,41.521,64.186,69.18,-0.51,1.7,30.3
ATOM,2475.0,CB,GLU,160,44.456,65.095,69.114,-0.18,2.175,16.69
ATOM,2476.0,CG,GLU,160,45.3,66.346,68.835,-0.28,2.175,20.64
ATOM,2477.0,CD,GLU,160,46.055,66.291,67.534,0.62,2.0,4.05
ATOM,2478.0,OE1,GLU,160,45.272,66.486,66.465,-0.76,1.7,24.98
ATOM,2479.0,OE2,GLU,160,47.291,66.114,67.518,-0.76,1.7,48.19
ATOM,2480.0,H,GLU,160,42.448,66.771,68.147,0.31,0.2245,5.83
ATOM,2481.0,HA,GLU,160,43.978,64.477,67.235,0.09,1.32,4.73
ATOM,2482.0,HB2,GLU,160,43.953,65.253,69.932,0.09,1.32,7.71
ATOM,2483.0,HB3,GLU,160,45.06,64.334,69.16,0.09,1.32,9.89
ATOM,2484.0,HG2,GLU,160,44.687,67.118,68.801,0.09,1.32,5.78
ATOM,2485.0,HG3,GLU,160,45.957,66.435,69.566,0.09,1.32,10.57
ATOM,2486.0,N,SER,160D,36.028,67.311,67.426,-0.47,1.85,16.41
ATOM,2487.0,CA,SER,160D,35.034,68.349,67.257,0.07,2.275,9.53
ATOM,2488.0,C,SER,160D,33.842,67.722,66.495,0.51,2.0,2.34
ATOM,2489.0,O,SER,160D,33.815,66.494,66.282,-0.51,1.7,20.78
ATOM,2490.0,CB,SER,160D,35.672,69.551,66.529,0.05,2.175,16.63
ATOM,2491.0,OG,SER,160D,36.787,69.149,65.732,-0.66,1.77,3.4
ATOM,2492.0,H,SER,160D,35.989,66.362,67.123,0.31,0.2245,12.22
ATOM,2493.0,HA,SER,160D,34.7,68.625,68.149,0.09,1.32,11.79
ATOM,2494.0,HB2,SER,160D,34.987,69.965,65.939,0.09,1.32,0.0
ATOM,2495.0,HB3,SER,160D,35.983,70.206,67.21,0.09,1.32,11.48
ATOM,2496.0,HG,SER,160D,37.383,68.562,66.275,0.43,0.2245,0.63
ATOM,2497.0,N,LEU,161,32.87,68.514,66.052,-0.47,1.85,3.47
ATOM,2498.0,CA,LEU,161,31.842,67.907,65.21,0.07,2.275,3.39
ATOM,2499.0,C,LEU,161,32.416,67.819,63.798,0.51,2.0,0.0
ATOM,2500.0,O,LEU,161,32.793,68.86,63.269,-0.51,1.7,0.0
ATOM,2501.0,CB,LEU,161,30.638,68.823,65.192,-0.18,2.175,9.57
ATOM,2502.0,CG,LEU,161,29.719,68.531,64.027,-0.09,2.275,0.0
ATOM,2503.0,CD1,LEU,161,28.442,67.872,64.558,-0.27,2.06,9.15
ATOM,2504.0,CD2,LEU,161,29.395,69.846,63.315,-0.27,2.06,1.26
ATOM,2505.0,H,LEU,161,32.905,69.483,66.326,0.31,0.2245,7.34
ATOM,2506.0,HA,LEU,161,31.662,66.989,65.535,0.09,1.32,4.44
ATOM,2507.0,HB2,LEU,161,30.128,68.679,66.02,0.09,1.32,6.97
ATOM,2508.0,HB3,LEU,161,30.955,69.748,65.102,0.09,1.32,2.95
ATOM,2509.0,HG,LEU,161,30.166,67.908,63.396,0.09,1.32,0.0
ATOM,2510.0,HD11,LEU,161,27.993,68.493,65.198,0.09,1.32,9.74
ATOM,2511.0,HD12,LEU,161,27.83,67.676,63.793,0.09,1.32,0.0
ATOM,2512.0,HD13,LEU,161,28.68,67.022,65.025,0.09,1.32,3.32
ATOM,2513.0,HD21,LEU,161,30.242,70.26,62.985,0.09,1.32,0.0
ATOM,2514.0,HD22,LEU,161,28.788,69.663,62.543,0.09,1.32,0.0
ATOM,2515.0,HD23,LEU,161,28.945,70.467,63.956,0.09,1.32,3.36
ATOM,2516.0,N,GLY,162,32.507,66.601,63.225,-0.47,1.85,0.26
ATOM,2517.0,CA,GLY,162,33.135,66.369,61.932,-0.02,2.175,2.52
ATOM,2518.0,C,GLY,162,32.668,67.163,60.689,0.51,2.0,0.0
ATOM,2519.0,O,GLY,162,33.454,67.428,59.765,-0.51,1.7,0.0
ATOM,2520.0,H,GLY,162,32.081,65.837,63.802,0.31,0.2245,5.82
ATOM,2521.0,HA2,GLY,162,34.166,66.511,62.03,0.09,1.32,2.02
ATOM,2522.0,HA3,GLY,162,33.065,65.351,61.703,0.09,1.32,0.0
ATOM,2523.0,N,GLY,163,31.407,67.562,60.673,-0.47,1.85,0.0
ATOM,2524.0,CA,GLY,163,30.798,68.197,59.536,-0.02,2.175,0.0
ATOM,2525.0,C,GLY,163,29.321,67.9,59.68,0.51,2.0,0.0
ATOM,2526.0,O,GLY,163,28.842,67.233,60.637,-0.51,1.7,0.0
ATOM,2527.0,H,GLY,163,30.89,67.371,61.571,0.31,0.2245,0.0
ATOM,2528.0,HA2,GLY,163,30.944,69.17,59.567,0.09,1.32,0.0
ATOM,2529.0,HA3,GLY,163,31.135,67.801,58.7,0.09,1.32,0.0
ATOM,2530.0,N,GLN,164,28.565,68.41,58.752,-0.47,1.85,0.0
ATOM,2531.0,CA,GLN,164,27.143,68.259,58.874,0.07,2.275,0.0
ATOM,2532.0,C,GLN,164,26.46,68.606,57.606,0.51,2.0,0.0
ATOM,2533.0,O,GLN,164,26.789,69.612,57.01,-0.51,1.7,0.0
ATOM,2534.0,CB,GLN,164,26.685,69.342,59.851,-0.18,2.175,0.0
ATOM,2535.0,CG,GLN,164,25.171,69.392,60.088,-0.18,2.175,0.0
ATOM,2536.0,CD,GLN,164,24.716,70.685,60.719,0.55,2.0,0.0
ATOM,2537.0,H,GLN,164,29.039,68.893,57.984,0.31,0.2245,0.0
ATOM,2538.0,HA,GLN,164,26.95,67.287,59.087,0.09,1.32,0.0
ATOM,2539.0,HB2,GLN,164,27.128,69.188,60.738,0.09,1.32,0.0
ATOM,2540.0,HB3,GLN,164,26.969,70.239,59.498,0.09,1.32,0.0
ATOM,2541.0,HG2,GLN,164,24.712,69.282,59.206,0.09,1.32,0.0
ATOM,2542.0,HG3,GLN,164,24.923,68.631,60.689,0.09,1.32,0.0
ATOM,2543.0,OE1,GLN,164,25.114,71.815,60.342,-0.55,1.7,0.0
ATOM,2544.0,NE2,GLN,164,23.783,70.523,61.626,-0.62,1.85,10.76
ATOM,2545.0,HE21,GLN,164,23.406,71.359,62.136,0.32,0.2245,6.48
ATOM,2546.0,HE22,GLN,164,23.424,69.605,61.838,0.3,0.2245,0.64
ATOM,2547.0,N,ILE,165,25.438,67.825,57.269,-0.47,1.85,0.0
ATOM,2548.0,CA,ILE,165,24.584,68.181,56.175,0.07,2.275,0.0
ATOM,2549.0,C,ILE,165,23.251,68.553,56.821,0.51,2.0,0.0
ATOM,2550.0,O,ILE,165,22.809,67.889,57.767,-0.51,1.7,0.0
ATOM,2551.0,CB,ILE,165,24.336,67.027,55.187,-0.09,2.275,0.0
ATOM,2552.0,CG1,ILE,165,25.607,66.32,54.793,-0.18,2.175,0.0
ATOM,2553.0,CG2,ILE,165,23.49,67.393,53.94,-0.27,2.06,0.0
ATOM,2554.0,CD1,ILE,165,25.264,64.884,54.388,-0.27,2.06,0.11
ATOM,2555.0,H,ILE,165,25.329,66.976,57.85,0.31,0.2245,0.0
ATOM,2556.0,HA,ILE,165,24.941,69.013,55.784,0.09,1.32,0.0
ATOM,2557.0,HB,ILE,165,23.731,66.365,55.641,0.09,1.32,0.0
ATOM,2558.0,HG12,ILE,165,26.012,66.771,54.026,0.09,1.32,0.0
ATOM,2559.0,HG13,ILE,165,26.213,66.285,55.561,0.09,1.32,0.0
ATOM,2560.0,HG21,ILE,165,23.259,66.557,53.455,0.09,1.32,0.0
ATOM,2561.0,HG22,ILE,165,22.663,67.856,54.24,0.09,1.32,0.0
ATOM,2562.0,HG23,ILE,165,24.026,67.992,53.355,0.09,1.32,0.0
ATOM,2563.0,HD11,ILE,165,24.632,64.908,53.618,0.09,1.32,0.0
ATOM,2564.0,HD12,ILE,165,26.102,64.414,54.127,0.09,1.32,0.0
ATOM,2565.0,HD13,ILE,165,24.841,64.423,55.163,0.09,1.32,0.0
ATOM,2566.0,N,VAL,166,22.681,69.639,56.332,-0.47,1.85,0.0
ATOM,2567.0,CA,VAL,166,21.374,70.089,56.644,0.07,2.275,0.0
ATOM,2568.0,C,VAL,166,20.507,69.889,55.406,0.51,2.0,0.0
ATOM,2569.0,O,VAL,166,20.828,70.384,54.291,-0.51,1.7,0.0
ATOM,2570.0,CB,VAL,166,21.298,71.545,57.082,-0.09,2.275,0.0
ATOM,2571.0,CG1,VAL,166,19.836,71.913,57.389,-0.27,2.06,0.0
ATOM,2572.0,CG2,VAL,166,22.174,71.774,58.29,-0.27,2.06,0.0
ATOM,2573.0,H,VAL,166,23.324,70.165,55.653,0.31,0.2245,0.0
ATOM,2574.0,HA,VAL,166,20.991,69.522,57.372,0.09,1.32,0.0
ATOM,2575.0,HB,VAL,166,21.576,72.117,56.321,0.09,1.32,0.0
ATOM,2576.0,HG11,VAL,166,19.817,72.581,58.129,0.09,1.32,1.43
ATOM,2577.0,HG12,VAL,166,19.419,72.301,56.571,0.09,1.32,0.0
ATOM,2578.0,HG13,VAL,166,19.344,71.09,57.663,0.09,1.32,0.0
ATOM,2579.0,HG21,VAL,166,22.719,72.604,58.158,0.09,1.32,0.0
ATOM,2580.0,HG22,VAL,166,21.601,71.879,59.105,0.09,1.32,3.1
ATOM,2581.0,HG23,VAL,166,22.787,70.991,58.414,0.09,1.32,0.0
ATOM,2582.0,N,LEU,167,19.453,69.085,55.607,-0.47,1.85,0.0
ATOM,2583.0,CA,LEU,167,18.495,68.798,54.578,0.07,2.275,0.0
ATOM,2584.0,C,LEU,167,17.332,69.752,54.748,0.51,2.0,0.0
ATOM,2585.0,O,LEU,167,16.66,69.755,55.759,-0.51,1.7,0.0
ATOM,2586.0,CB,LEU,167,17.984,67.336,54.604,-0.18,2.175,0.0
ATOM,2587.0,CG,LEU,167,19.019,66.216,54.356,-0.09,2.275,0.0
ATOM,2588.0,CD1,LEU,167,18.35,64.875,54.59,-0.27,2.06,0.33
ATOM,2589.0,CD2,LEU,167,19.539,66.21,52.941,-0.27,2.06,0.72
ATOM,2590.0,H,LEU,167,19.403,68.695,56.577,0.31,0.2245,0.0
ATOM,2591.0,HA,LEU,167,18.91,68.962,53.685,0.09,1.32,0.0
ATOM,2592.0,HB2,LEU,167,17.584,67.173,55.504,0.09,1.32,0.0
ATOM,2593.0,HB3,LEU,167,17.282,67.25,53.901,0.09,1.32,0.0
ATOM,2594.0,HG,LEU,167,19.771,66.334,54.991,0.09,1.32,0.0
ATOM,2595.0,HD11,LEU,167,17.579,64.769,53.96,0.09,1.32,0.0
ATOM,2596.0,HD12,LEU,167,19.009,64.138,54.433,0.09,1.32,0.19
ATOM,2597.0,HD13,LEU,167,18.016,64.825,55.533,0.09,1.32,0.0
ATOM,2598.0,HD21,LEU,167,19.984,67.086,52.737,0.09,1.32,0.0
ATOM,2599.0,HD22,LEU,167,20.206,65.47,52.825,0.09,1.32,1.37
ATOM,2600.0,HD23,LEU,167,18.781,66.071,52.299,0.09,1.32,0.0
ATOM,2601.0,N,GLY,168,17.148,70.66,53.805,-0.47,1.85,0.0
ATOM,2602.0,CA,GLY,168,16.034,71.553,53.916,-0.02,2.175,0.0
ATOM,2603.0,C,GLY,168,16.341,72.994,54.169,0.51,2.0,0.0
ATOM,2604.0,O,GLY,168,15.442,73.806,54.002,-0.51,1.7,0.31
ATOM,2605.0,H,GLY,168,17.833,70.659,53.044,0.31,0.2245,0.0
ATOM,2606.0,HA2,GLY,168,15.457,71.478,53.055,0.09,1.32,0.0
ATOM,2607.0,HA3,GLY,168,15.4,71.208,54.664,0.09,1.32,0.0
ATOM,2608.0,N,GLY,169,17.563,73.3,54.553,-0.47,1.85,0.0
ATOM,2609.0,CA,GLY,169,17.962,74.659,54.802,-0.02,2.175,0.42
ATOM,2610.0,C,GLY,169,19.469,74.702,54.977,0.51,2.0,0.0
ATOM,2611.0,O,GLY,169,20.153,73.954,54.339,-0.51,1.7,0.0
ATOM,2612.0,H,GLY,169,18.204,72.481,54.658,0.31,0.2245,0.0
ATOM,2613.0,HA2,GLY,169,17.703,75.241,54.03,0.09,1.32,0.0
ATOM,2614.0,HA3,GLY,169,17.523,75.0,55.634,0.09,1.32,4.62
ATOM,2615.0,N,SER,170,19.923,75.567,55.881,-0.47,1.85,0.19
ATOM,2616.0,CA,SER,170,21.287,75.842,56.239,0.07,2.275,0.0
ATOM,2617.0,C,SER,170,21.381,75.948,57.717,0.51,2.0,0.0
ATOM,2618.0,O,SER,170,20.376,75.965,58.374,-0.51,1.7,12.88
ATOM,2619.0,CB,SER,170,21.676,77.169,55.707,0.05,2.175,1.41
ATOM,2620.0,OG,SER,170,22.011,76.921,54.355,-0.66,1.77,0.0
ATOM,2621.0,H,SER,170,19.102,76.091,56.366,0.31,0.2245,7.41
ATOM,2622.0,HA,SER,170,21.853,75.069,55.936,0.09,1.32,0.0
ATOM,2623.0,HB2,SER,170,20.918,77.782,55.737,0.09,1.32,6.91
ATOM,2624.0,HB3,SER,170,22.467,77.502,56.172,0.09,1.32,0.0
ATOM,2625.0,HG,SER,170,21.61,76.053,54.065,0.43,0.2245,0.0
ATOM,2626.0,N,ASP,171,22.584,75.987,58.267,-0.47,1.85,0.0
ATOM,2627.0,CA,ASP,171,22.695,76.141,59.691,0.07,2.275,0.0
ATOM,2628.0,C,ASP,171,23.53,77.387,60.0,0.51,2.0,0.0
ATOM,2629.0,O,ASP,171,24.761,77.353,59.909,-0.51,1.7,0.0
ATOM,2630.0,CB,ASP,171,23.146,74.867,60.356,-0.28,2.175,2.55
ATOM,2631.0,CG,ASP,171,23.33,75.032,61.822,0.62,2.0,3.54
ATOM,2632.0,OD1,ASP,171,23.331,76.095,62.38,-0.76,1.7,6.3
ATOM,2633.0,OD2,ASP,171,23.61,73.928,62.434,-0.76,1.7,17.38
ATOM,2634.0,H,ASP,171,23.374,75.902,57.62,0.31,0.2245,0.0
ATOM,2635.0,HA,ASP,171,21.778,76.314,60.057,0.09,1.32,0.75
ATOM,2636.0,HB2,ASP,171,22.454,74.168,60.189,0.09,1.32,1.18
ATOM,2637.0,HB3,ASP,171,24.012,74.592,59.946,0.09,1.32,0.0
ATOM,2638.0,N,PRO,172,22.852,78.448,60.509,-0.29,1.85,0.0
ATOM,2639.0,CA,PRO,172,23.503,79.726,60.726,0.02,2.275,0.0
ATOM,2640.0,C,PRO,172,24.59,79.72,61.794,0.51,2.0,0.56
ATOM,2641.0,O,PRO,172,25.32,80.71,61.953,-0.51,1.7,7.37
ATOM,2642.0,CB,PRO,172,22.385,80.748,60.963,-0.18,2.175,14.64
ATOM,2643.0,CG,PRO,172,21.08,80.054,60.622,-0.18,2.175,22.19
ATOM,2644.0,CD,PRO,172,21.395,78.588,60.851,0.0,2.175,13.02
ATOM,2645.0,HA,PRO,172,23.878,80.093,59.844,0.09,1.32,0.0
ATOM,2646.0,HB2,PRO,172,22.377,81.053,61.925,0.09,1.32,10.42
ATOM,2647.0,HB3,PRO,172,22.512,81.56,60.379,0.09,1.32,6.65
ATOM,2648.0,HG2,PRO,172,20.357,80.362,61.229,0.09,1.32,11.56
ATOM,2649.0,HG3,PRO,172,20.838,80.223,59.674,0.09,1.32,3.83
ATOM,2650.0,HD2,PRO,172,21.243,78.324,61.805,0.09,1.32,8.51
ATOM,2651.0,HD3,PRO,172,20.847,77.996,60.255,0.09,1.32,0.43
ATOM,2652.0,N,GLN,173,24.716,78.59,62.526,-0.47,1.85,1.44
ATOM,2653.0,CA,GLN,173,25.786,78.52,63.478,0.07,2.275,1.34
ATOM,2654.0,C,GLN,173,27.098,78.142,62.778,0.51,2.0,0.0
ATOM,2655.0,O,GLN,173,28.179,78.154,63.37,-0.51,1.7,0.0
ATOM,2656.0,CB,GLN,173,25.477,77.561,64.636,-0.18,2.175,8.08
ATOM,2657.0,CG,GLN,173,25.985,78.082,66.021,-0.18,2.175,17.17
ATOM,2658.0,CD,GLN,173,27.239,79.034,66.055,0.55,2.0,1.96
ATOM,2659.0,H,GLN,173,24.028,77.869,62.337,0.31,0.2245,0.0
ATOM,2660.0,HA,GLN,173,25.919,79.43,63.885,0.09,1.32,0.24
ATOM,2661.0,HB2,GLN,173,24.494,77.44,64.711,0.09,1.32,6.46
ATOM,2662.0,HB3,GLN,173,25.923,76.688,64.47,0.09,1.32,1.12
ATOM,2663.0,HG2,GLN,173,25.22,78.575,66.471,0.09,1.32,8.53
ATOM,2664.0,HG3,GLN,173,26.201,77.276,66.6,0.09,1.32,12.52
ATOM,2665.0,OE1,GLN,173,28.42,78.646,65.715,-0.55,1.7,19.1
ATOM,2666.0,NE2,GLN,173,27.01,80.278,66.573,-0.62,1.85,20.6
ATOM,2667.0,HE21,GLN,173,27.769,80.92,66.633,0.32,0.2245,11.14
ATOM,2668.0,HE22,GLN,173,26.077,80.499,66.875,0.3,0.2245,16.66
ATOM,2669.0,N,HIS,174,27.015,77.768,61.492,-0.47,1.85,0.0
ATOM,2670.0,CA,HIS,174,28.186,77.259,60.818,0.07,2.275,0.0
ATOM,2671.0,C,HIS,174,28.736,78.115,59.714,0.51,2.0,0.0
ATOM,2672.0,O,HIS,174,29.617,77.655,58.964,-0.51,1.7,0.0
ATOM,2673.0,CB,HIS,174,28.096,75.753,60.46,-0.09,2.175,0.0
ATOM,2674.0,CG,HIS,174,28.325,74.948,61.695,-0.05,1.8,0.0
ATOM,2675.0,ND1,HIS,174,29.402,75.178,62.558,-0.36,1.85,0.0
ATOM,2676.0,CD2,HIS,174,27.669,73.844,62.137,0.22,1.8,0.51
ATOM,2677.0,CE1,HIS,174,29.395,74.243,63.5,0.25,1.8,8.58
ATOM,2678.0,NE2,HIS,174,28.366,73.423,63.258,-0.7,1.85,11.35
ATOM,2679.0,H,HIS,174,26.089,77.876,61.065,0.31,0.2245,0.0
ATOM,2680.0,HA,HIS,174,28.927,77.129,61.524,0.09,1.32,0.0
ATOM,2681.0,HB2,HIS,174,27.195,75.564,60.112,0.09,1.32,0.0
ATOM,2682.0,HB3,HIS,174,28.798,75.543,59.802,0.09,1.32,0.0
ATOM,2683.0,HD1,HIS,174,30.053,75.918,62.472,0.32,0.2245,0.16
ATOM,2684.0,HD2,HIS,174,26.869,73.427,61.748,0.1,1.468,0.0
ATOM,2685.0,HE1,HIS,174,30.035,74.159,64.249,0.13,0.9,14.56
ATOM,2686.0,N,TYR,175,28.205,79.331,59.648,-0.47,1.85,0.0
ATOM,2687.0,CA,TYR,175,28.61,80.28,58.677,0.07,2.275,0.0
ATOM,2688.0,C,TYR,175,28.44,81.693,59.162,0.51,2.0,0.0
ATOM,2689.0,O,TYR,175,27.874,81.945,60.224,-0.51,1.7,1.28
ATOM,2690.0,CB,TYR,175,27.971,80.027,57.319,-0.18,2.175,0.0
ATOM,2691.0,CG,TYR,175,26.516,80.315,57.254,0.0,1.9924,0.0
ATOM,2692.0,CD1,TYR,175,25.586,79.324,57.557,-0.115,1.9924,0.0
ATOM,2693.0,CD2,TYR,175,26.068,81.57,56.841,-0.115,1.9924,0.0
ATOM,2694.0,CE1,TYR,175,24.22,79.578,57.434,-0.115,1.9924,0.0
ATOM,2695.0,CE2,TYR,175,24.706,81.858,56.734,-0.115,1.9924,5.64
ATOM,2696.0,CZ,TYR,175,23.797,80.841,57.018,0.11,1.9924,0.0
ATOM,2697.0,OH,TYR,175,22.471,81.133,56.954,-0.54,1.77,14.78
ATOM,2698.0,H,TYR,175,27.47,79.509,60.376,0.31,0.2245,0.0
ATOM,2699.0,HA,TYR,175,29.596,80.138,58.468,0.09,1.32,0.0
ATOM,2700.0,HB2,TYR,175,28.444,80.6,56.644,0.09,1.32,0.0
ATOM,2701.0,HB3,TYR,175,28.118,79.062,57.083,0.09,1.32,0.0
ATOM,2702.0,HD1,TYR,175,25.893,78.428,57.863,0.115,1.3582,0.0
ATOM,2703.0,HD2,TYR,175,26.735,82.28,56.618,0.115,1.3582,0.0
ATOM,2704.0,HE1,TYR,175,23.554,78.868,57.641,0.115,1.3582,0.0
ATOM,2705.0,HE2,TYR,175,24.396,82.754,56.465,0.115,1.3582,5.38
ATOM,2706.0,HH,TYR,175,22.027,80.534,56.286,0.43,0.2245,6.44
ATOM,2707.0,N,GLU,176,29.017,82.637,58.447,-0.47,1.85,0.0
ATOM,2708.0,CA,GLU,176,28.875,83.994,58.847,0.07,2.275,0.0
ATOM,2709.0,C,GLU,176,28.881,84.843,57.612,0.51,2.0,0.0
ATOM,2710.0,O,GLU,176,29.419,84.446,56.579,-0.51,1.7,0.72
ATOM,2711.0,CB,GLU,176,29.899,84.463,59.88,-0.18,2.175,1.51
ATOM,2712.0,CG,GLU,176,31.302,84.139,59.43,-0.28,2.175,2.99
ATOM,2713.0,CD,GLU,176,32.348,84.438,60.486,0.62,2.0,3.63
ATOM,2714.0,OE1,GLU,176,31.826,84.625,61.677,-0.76,1.7,16.13
ATOM,2715.0,OE2,GLU,176,33.571,84.423,60.273,-0.76,1.7,27.2
ATOM,2716.0,H,GLU,176,29.545,82.312,57.625,0.31,0.2245,0.0
ATOM,2717.0,HA,GLU,176,28.014,84.126,59.343,0.09,1.32,3.42
ATOM,2718.0,HB2,GLU,176,29.821,85.429,59.957,0.09,1.32,6.28
ATOM,2719.0,HB3,GLU,176,29.728,83.983,60.707,0.09,1.32,0.0
ATOM,2720.0,HG2,GLU,176,31.352,83.176,59.23,0.09,1.32,0.0
ATOM,2721.0,HG3,GLU,176,31.515,84.69,58.641,0.09,1.32,1.91
ATOM,2722.0,N,GLY,177,28.272,86.021,57.713,-0.47,1.85,1.79
ATOM,2723.0,CA,GLY,177,28.176,86.829,56.537,-0.02,2.175,20.59
ATOM,2724.0,C,GLY,177,27.024,86.287,55.732,0.51,2.0,0.08
ATOM,2725.0,O,GLY,177,26.17,85.581,56.304,-0.51,1.7,8.66
ATOM,2726.0,H,GLY,177,27.915,86.262,58.635,0.31,0.2245,13.4
ATOM,2727.0,HA2,GLY,177,27.995,87.776,56.782,0.09,1.32,10.89
ATOM,2728.0,HA3,GLY,177,29.014,86.766,56.004,0.09,1.32,7.27
ATOM,2729.0,N,ASN,178,26.967,86.665,54.445,-0.47,1.85,0.14
ATOM,2730.0,CA,ASN,178,25.869,86.258,53.567,0.07,2.275,0.0
ATOM,2731.0,C,ASN,178,26.289,85.42,52.416,0.51,2.0,0.0
ATOM,2732.0,O,ASN,178,27.43,85.429,51.96,-0.51,1.7,2.44
ATOM,2733.0,CB,ASN,178,25.125,87.424,52.939,-0.18,2.175,8.07
ATOM,2734.0,CG,ASN,178,24.366,88.171,53.991,0.55,2.0,3.5
ATOM,2735.0,H,ASN,178,27.758,87.261,54.136,0.31,0.2245,7.25
ATOM,2736.0,HA,ASN,178,25.233,85.704,54.143,0.09,1.32,0.52
ATOM,2737.0,HB2,ASN,178,25.785,88.031,52.523,0.09,1.32,0.53
ATOM,2738.0,HB3,ASN,178,24.489,87.068,52.271,0.09,1.32,4.21
ATOM,2739.0,OD1,ASN,178,23.715,87.54,54.87,-0.55,1.7,31.28
ATOM,2740.0,ND2,ASN,178,24.659,89.484,54.023,-0.62,1.85,24.27
ATOM,2741.0,HD22,ASN,178,25.305,89.895,53.404,0.3,0.2245,16.56
ATOM,2742.0,HD21,ASN,178,24.193,90.064,54.711,0.32,0.2245,22.43
ATOM,2743.0,N,PHE,179,25.296,84.726,51.922,-0.47,1.85,0.14
ATOM,2744.0,CA,PHE,179,25.556,83.877,50.834,0.07,2.275,0.0
ATOM,2745.0,C,PHE,179,25.846,84.68,49.62,0.51,2.0,0.0
ATOM,2746.0,O,PHE,179,25.557,85.836,49.57,-0.51,1.7,8.3
ATOM,2747.0,CB,PHE,179,24.428,82.879,50.614,-0.18,2.175,0.08
ATOM,2748.0,CG,PHE,179,24.519,81.717,51.55,0.0,1.9924,0.0
ATOM,2749.0,CD1,PHE,179,25.423,80.677,51.328,-0.115,1.9924,0.0
ATOM,2750.0,CD2,PHE,179,23.635,81.622,52.615,-0.115,1.9924,1.3
ATOM,2751.0,CE1,PHE,179,25.536,79.602,52.205,-0.115,1.9924,0.0
ATOM,2752.0,CE2,PHE,179,23.7,80.518,53.467,-0.115,1.9924,1.44
ATOM,2753.0,CZ,PHE,179,24.663,79.523,53.287,-0.115,1.9924,0.0
ATOM,2754.0,H,PHE,179,24.385,84.86,52.379,0.31,0.2245,4.07
ATOM,2755.0,HA,PHE,179,26.394,83.35,51.046,0.09,1.32,0.0
ATOM,2756.0,HB2,PHE,179,23.577,83.341,50.779,0.09,1.32,1.73
ATOM,2757.0,HB3,PHE,179,24.498,82.54,49.694,0.09,1.32,0.0
ATOM,2758.0,HD1,PHE,179,26.009,80.703,50.516,0.115,1.3582,0.0
ATOM,2759.0,HD2,PHE,179,22.961,82.331,52.774,0.115,1.3582,10.41
ATOM,2760.0,HE1,PHE,179,26.232,78.903,52.055,0.115,1.3582,0.0
ATOM,2761.0,HE2,PHE,179,23.03,80.441,54.23,0.115,1.3582,0.77
ATOM,2762.0,HZ,PHE,179,24.727,78.763,53.926,0.115,1.3582,0.0
ATOM,2763.0,N,HIS,180,26.505,84.055,48.702,-0.47,1.85,0.0
ATOM,2764.0,CA,HIS,180,26.776,84.595,47.433,0.07,2.275,0.37
ATOM,2765.0,C,HIS,180,26.454,83.455,46.525,0.51,2.0,0.0
ATOM,2766.0,O,HIS,180,27.05,82.385,46.612,-0.51,1.7,0.0
ATOM,2767.0,CB,HIS,180,28.191,85.162,47.324,-0.09,2.175,1.18
ATOM,2768.0,CG,HIS,180,28.203,86.394,48.177,-0.05,1.8,0.0
ATOM,2769.0,H,HIS,180,26.828,83.082,48.997,0.31,0.2245,0.0
ATOM,2770.0,HA,HIS,180,26.153,85.333,47.242,0.09,1.32,0.51
ATOM,2771.0,HB2,HIS,180,28.828,84.521,47.687,0.09,1.32,0.0
ATOM,2772.0,HB3,HIS,180,28.369,85.416,46.401,0.09,1.32,7.45
ATOM,2773.0,ND1,HIS,180,28.969,86.503,49.325,-0.36,1.85,0.0
ATOM,2774.0,CD2,HIS,180,27.486,87.563,48.041,0.22,1.8,13.72
ATOM,2775.0,CE1,HIS,180,28.711,87.702,49.846,0.25,1.8,5.99
ATOM,2776.0,NE2,HIS,180,27.827,88.377,49.097,-0.7,1.85,24.45
ATOM,2777.0,HD1,HIS,180,29.583,85.829,49.684,0.32,0.2245,3.95
ATOM,2778.0,HD2,HIS,180,26.845,87.769,47.313,0.1,1.468,14.04
ATOM,2779.0,HE1,HIS,180,29.123,88.06,50.693,0.13,0.9,12.87
ATOM,2780.0,N,TYR,181,25.412,83.655,45.734,-0.47,1.85,0.34
ATOM,2781.0,CA,TYR,181,24.961,82.637,44.858,0.07,2.275,0.0
ATOM,2782.0,C,TYR,181,25.524,82.693,43.477,0.51,2.0,0.0
ATOM,2783.0,O,TYR,181,25.59,83.742,42.877,-0.51,1.7,21.62
ATOM,2784.0,CB,TYR,181,23.461,82.644,44.814,-0.18,2.175,4.28
ATOM,2785.0,CG,TYR,181,22.898,82.271,46.157,0.0,1.9924,0.0
ATOM,2786.0,CD1,TYR,181,22.733,80.943,46.536,-0.115,1.9924,0.0
ATOM,2787.0,CD2,TYR,181,22.541,83.266,47.064,-0.115,1.9924,1.63
ATOM,2788.0,CE1,TYR,181,22.23,80.608,47.791,-0.115,1.9924,0.0
ATOM,2789.0,CE2,TYR,181,22.009,82.968,48.318,-0.115,1.9924,5.67
ATOM,2790.0,CZ,TYR,181,21.862,81.628,48.667,0.11,1.9924,0.0
ATOM,2791.0,OH,TYR,181,21.348,81.32,49.883,-0.54,1.77,15.01
ATOM,2792.0,H,TYR,181,24.98,84.598,45.821,0.31,0.2245,7.16
ATOM,2793.0,HA,TYR,181,25.211,81.722,45.265,0.09,1.32,0.0
ATOM,2794.0,HB2,TYR,181,23.148,83.552,44.589,0.09,1.32,5.72
ATOM,2795.0,HB3,TYR,181,23.154,81.977,44.155,0.09,1.32,0.0
ATOM,2796.0,HD1,TYR,181,22.978,80.211,45.898,0.115,1.3582,0.0
ATOM,2797.0,HD2,TYR,181,22.671,84.228,46.809,0.115,1.3582,9.52
ATOM,2798.0,HE1,TYR,181,22.135,79.655,48.06,0.115,1.3582,0.0
ATOM,2799.0,HE2,TYR,181,21.744,83.686,48.941,0.115,1.3582,12.6
ATOM,2800.0,HH,TYR,181,21.32,80.325,49.996,0.43,0.2245,0.3
ATOM,2801.0,N,ILE,182,25.964,81.553,42.974,-0.47,1.85,0.0
ATOM,2802.0,CA,ILE,182,26.355,81.425,41.596,0.07,2.275,0.0
ATOM,2803.0,C,ILE,182,25.294,80.517,40.906,0.51,2.0,0.0
ATOM,2804.0,O,ILE,182,24.73,79.606,41.513,-0.51,1.7,0.0
ATOM,2805.0,CB,ILE,182,27.711,80.872,41.488,-0.09,2.275,0.0
ATOM,2806.0,CG1,ILE,182,28.724,81.662,42.31,-0.18,2.175,0.42
ATOM,2807.0,CG2,ILE,182,28.083,80.846,40.042,-0.27,2.06,3.71
ATOM,2808.0,CD1,ILE,182,28.695,81.303,43.815,-0.27,2.06,0.69
ATOM,2809.0,H,ILE,182,26.001,80.764,43.661,0.31,0.2245,0.0
ATOM,2810.0,HA,ILE,182,26.255,82.315,41.174,0.09,1.32,1.92
ATOM,2811.0,HB,ILE,182,27.72,79.926,41.842,0.09,1.32,0.0
ATOM,2812.0,HG12,ILE,182,29.637,81.479,41.967,0.09,1.32,0.0
ATOM,2813.0,HG13,ILE,182,28.524,82.631,42.225,0.09,1.32,0.39
ATOM,2814.0,HG21,ILE,182,28.983,80.418,39.922,0.09,1.32,0.0
ATOM,2815.0,HG22,ILE,182,27.406,80.323,39.518,0.09,1.32,0.0
ATOM,2816.0,HG23,ILE,182,28.12,81.779,39.676,0.09,1.32,3.29
ATOM,2817.0,HD11,ILE,182,28.903,80.336,43.911,0.09,1.32,0.0
ATOM,2818.0,HD12,ILE,182,29.377,81.854,44.282,0.09,1.32,0.0
ATOM,2819.0,HD13,ILE,182,27.787,81.5,44.167,0.09,1.32,0.0
ATOM,2820.0,N,ASN,183,24.84,80.805,39.701,-0.47,1.85,0.0
ATOM,2821.0,CA,ASN,183,23.81,79.936,39.139,0.07,2.275,0.0
ATOM,2822.0,C,ASN,183,24.494,78.892,38.357,0.51,2.0,0.0
ATOM,2823.0,O,ASN,183,25.535,79.164,37.79,-0.51,1.7,5.72
ATOM,2824.0,CB,ASN,183,22.861,80.636,38.155,-0.18,2.175,10.55
ATOM,2825.0,CG,ASN,183,22.46,81.994,38.626,0.55,2.0,2.58
ATOM,2826.0,H,ASN,183,25.235,81.613,39.238,0.31,0.2245,4.11
ATOM,2827.0,HA,ASN,183,23.351,79.502,39.912,0.09,1.32,0.0
ATOM,2828.0,HB2,ASN,183,23.331,80.715,37.28,0.09,1.32,6.19
ATOM,2829.0,HB3,ASN,183,22.049,80.067,38.057,0.09,1.32,3.3
ATOM,2830.0,OD1,ASN,183,23.315,82.891,38.815,-0.55,1.7,27.67
ATOM,2831.0,ND2,ASN,183,21.17,82.14,38.869,-0.62,1.85,20.27
ATOM,2832.0,HD22,ASN,183,20.525,81.391,38.749,0.3,0.2245,9.56
ATOM,2833.0,HD21,ASN,183,20.821,83.036,39.187,0.32,0.2245,21.92
ATOM,2834.0,N,LEU,184,23.903,77.715,38.254,-0.47,1.85,0.26
ATOM,2835.0,CA,LEU,184,24.585,76.649,37.529,0.07,2.275,0.0
ATOM,2836.0,C,LEU,184,24.575,76.968,36.071,0.51,2.0,0.0
ATOM,2837.0,O,LEU,184,23.755,77.743,35.657,-0.51,1.7,13.86
ATOM,2838.0,CB,LEU,184,23.989,75.235,37.791,-0.18,2.175,0.04
ATOM,2839.0,CG,LEU,184,23.431,74.99,39.194,-0.09,2.275,0.0
ATOM,2840.0,CD1,LEU,184,22.604,73.739,39.163,-0.27,2.06,0.0
ATOM,2841.0,CD2,LEU,184,24.532,74.8,40.191,-0.27,2.06,0.0
ATOM,2842.0,H,LEU,184,22.989,77.623,38.696,0.31,0.2245,0.09
ATOM,2843.0,HA,LEU,184,25.533,76.606,37.852,0.09,1.32,0.0
ATOM,2844.0,HB2,LEU,184,23.248,75.104,37.142,0.09,1.32,0.52
ATOM,2845.0,HB3,LEU,184,24.714,74.576,37.632,0.09,1.32,0.0
ATOM,2846.0,HG,LEU,184,22.868,75.766,39.454,0.09,1.32,0.0
ATOM,2847.0,HD11,LEU,184,23.169,72.958,38.883,0.09,1.32,0.0
ATOM,2848.0,HD12,LEU,184,22.224,73.554,40.074,0.09,1.32,0.0
ATOM,2849.0,HD13,LEU,184,21.847,73.841,38.511,0.09,1.32,0.0
ATOM,2850.0,HD21,LEU,184,25.115,75.618,40.224,0.09,1.32,0.0
ATOM,2851.0,HD22,LEU,184,24.148,74.64,41.106,0.09,1.32,0.0
ATOM,2852.0,HD23,LEU,184,25.098,74.01,39.936,0.09,1.32,0.0
ATOM,2853.0,N,ILE,185,25.466,76.408,35.318,-0.47,1.85,0.0
ATOM,2854.0,CA,ILE,185,25.397,76.617,33.912,0.07,2.275,0.01
ATOM,2855.0,C,ILE,185,24.102,76.012,33.353,0.51,2.0,0.01
ATOM,2856.0,O,ILE,185,23.543,76.519,32.35,-0.51,1.7,21.52
ATOM,2857.0,CB,ILE,185,26.46,75.846,33.17,-0.09,2.275,0.93
ATOM,2858.0,CG1,ILE,185,27.892,76.205,33.586,-0.18,2.175,0.41
ATOM,2859.0,CG2,ILE,185,26.215,76.014,31.66,-0.27,2.06,27.09
ATOM,2860.0,CD1,ILE,185,28.16,77.694,33.593,-0.27,2.06,7.89
ATOM,2861.0,H,ILE,185,26.178,75.838,35.794,0.31,0.2245,0.0
ATOM,2862.0,HA,ILE,185,25.325,77.607,33.758,0.09,1.32,5.61
ATOM,2863.0,HB,ILE,185,26.333,74.86,33.356,0.09,1.32,1.41
ATOM,2864.0,HG12,ILE,185,28.055,75.84,34.499,0.09,1.32,0.0
ATOM,2865.0,HG13,ILE,185,28.52,75.768,32.946,0.09,1.32,0.22
ATOM,2866.0,HG21,ILE,185,26.838,75.418,31.161,0.09,1.32,10.34
ATOM,2867.0,HG22,ILE,185,25.273,75.767,31.454,0.09,1.32,0.05
ATOM,2868.0,HG23,ILE,185,26.379,76.963,31.408,0.09,1.32,6.48
ATOM,2869.0,HD11,ILE,185,27.539,78.139,34.236,0.09,1.32,1.52
ATOM,2870.0,HD12,ILE,185,29.105,77.859,33.871,0.09,1.32,0.0
ATOM,2871.0,HD13,ILE,185,28.012,78.062,32.676,0.09,1.32,4.84
ATOM,2872.0,N,LYS,186,23.698,74.838,33.873,-0.47,1.85,0.0
ATOM,2873.0,CA,LYS,186,22.481,74.155,33.408,0.07,2.275,1.79
ATOM,2874.0,C,LYS,186,22.062,73.07,34.339,0.51,2.0,0.0
ATOM,2875.0,O,LYS,186,22.865,72.585,35.121,-0.51,1.7,0.0
ATOM,2876.0,CB,LYS,186,22.567,73.61,32.008,-0.18,2.175,8.84
ATOM,2877.0,CG,LYS,186,23.415,72.365,31.875,-0.18,2.175,1.58
ATOM,2878.0,CD,LYS,186,23.023,71.577,30.64,-0.18,2.175,17.62
ATOM,2879.0,CE,LYS,186,21.64,70.92,30.794,0.21,2.175,7.57
ATOM,2880.0,NZ,LYS,186,20.556,71.426,29.887,-0.3,1.85,14.8
ATOM,2881.0,H,LYS,186,24.313,74.464,34.62,0.31,0.2245,0.14
ATOM,2882.0,HA,LYS,186,21.743,74.847,33.336,0.09,1.32,8.46
ATOM,2883.0,HB2,LYS,186,21.641,73.391,31.691,0.09,1.32,0.59
ATOM,2884.0,HB3,LYS,186,22.956,74.317,31.412,0.09,1.32,3.36
ATOM,2885.0,HG2,LYS,186,24.376,72.627,31.799,0.09,1.32,4.02
ATOM,2886.0,HG3,LYS,186,23.285,71.79,32.68,0.09,1.32,0.0
ATOM,2887.0,HD2,LYS,186,22.987,72.19,29.857,0.09,1.32,6.45
ATOM,2888.0,HD3,LYS,186,23.69,70.856,30.484,0.09,1.32,11.22
ATOM,2889.0,HE2,LYS,186,21.746,69.916,30.647,0.05,1.32,10.95
ATOM,2890.0,HE3,LYS,186,21.337,71.037,31.761,0.05,1.32,0.0
ATOM,2891.0,HZ1,LYS,186,20.056,70.648,29.513,0.33,0.2245,20.48
ATOM,2892.0,HZ2,LYS,186,19.938,72.007,30.412,0.33,0.2245,13.43
ATOM,2893.0,HZ3,LYS,186,20.97,71.951,29.147,0.33,0.2245,14.93
ATOM,2894.0,N,THR,187,20.803,72.7,34.321,-0.47,1.85,0.74
ATOM,2895.0,CA,THR,187,20.48,71.684,35.299,0.07,2.275,0.0
ATOM,2896.0,C,THR,187,21.075,70.339,34.954,0.51,2.0,0.01
ATOM,2897.0,O,THR,187,21.403,70.045,33.791,-0.51,1.7,2.53
ATOM,2898.0,CB,THR,187,19.003,71.58,35.696,0.14,2.275,6.55
ATOM,2899.0,OG1,THR,187,18.554,72.854,36.032,-0.66,1.77,15.11
ATOM,2900.0,CG2,THR,187,18.873,70.735,36.938,-0.27,2.06,5.12
ATOM,2901.0,H,THR,187,20.187,73.12,33.671,0.31,0.2245,7.13
ATOM,2902.0,HA,THR,187,20.849,71.975,36.2,0.09,1.32,0.0
ATOM,2903.0,HB,THR,187,18.477,71.239,34.891,0.09,1.32,11.11
ATOM,2904.0,HG21,THR,187,19.43,71.121,37.68,0.09,1.32,0.0
ATOM,2905.0,HG22,THR,187,17.914,70.703,37.237,0.09,1.32,7.35
ATOM,2906.0,HG23,THR,187,19.185,69.798,36.754,0.09,1.32,0.0
ATOM,2907.0,HG1,THR,187,18.994,73.19,36.88,0.43,0.2245,0.0
ATOM,2908.0,N,GLY,188,21.235,69.538,36.008,-0.47,1.85,0.0
ATOM,2909.0,CA,GLY,188,21.752,68.185,35.847,-0.02,2.175,0.51
ATOM,2910.0,C,GLY,188,23.137,67.961,36.4,0.51,2.0,0.1
ATOM,2911.0,O,GLY,188,23.511,66.827,36.603,-0.51,1.7,0.0
ATOM,2912.0,H,GLY,188,20.968,69.95,36.916,0.31,0.2245,0.0
ATOM,2913.0,HA2,GLY,188,21.1,67.528,36.29,0.09,1.32,0.0
ATOM,2914.0,HA3,GLY,188,21.743,67.945,34.849,0.09,1.32,1.03
ATOM,2915.0,N,VAL,189,23.888,69.042,36.621,-0.47,1.85,0.0
ATOM,2916.0,CA,VAL,189,25.234,68.946,37.119,0.07,2.275,0.0
ATOM,2917.0,C,VAL,189,25.572,70.163,37.985,0.51,2.0,0.0
ATOM,2918.0,O,VAL,189,25.272,71.271,37.623,-0.51,1.7,0.0
ATOM,2919.0,CB,VAL,189,26.263,68.511,36.036,-0.09,2.275,0.0
ATOM,2920.0,CG1,VAL,189,26.129,69.421,34.865,-0.27,2.06,8.63
ATOM,2921.0,CG2,VAL,189,27.687,68.635,36.501,-0.27,2.06,2.01
ATOM,2922.0,H,VAL,189,23.411,69.944,36.401,0.31,0.2245,0.0
ATOM,2923.0,HA,VAL,189,25.307,68.13,37.703,0.09,1.32,0.79
ATOM,2924.0,HB,VAL,189,26.009,67.599,35.749,0.09,1.32,0.0
ATOM,2925.0,HG11,VAL,189,25.248,69.906,34.897,0.09,1.32,0.0
ATOM,2926.0,HG12,VAL,189,26.869,70.102,34.864,0.09,1.32,0.0
ATOM,2927.0,HG13,VAL,189,26.175,68.898,34.008,0.09,1.32,10.29
ATOM,2928.0,HG21,VAL,189,28.145,69.372,35.999,0.09,1.32,0.0
ATOM,2929.0,HG22,VAL,189,27.707,68.843,37.482,0.09,1.32,0.0
ATOM,2930.0,HG23,VAL,189,28.174,67.773,36.337,0.09,1.32,0.18
ATOM,2931.0,N,TRP,190,26.121,69.932,39.193,-0.47,1.85,0.0
ATOM,2932.0,CA,TRP,190,26.469,71.022,40.095,0.07,2.275,0.0
ATOM,2933.0,C,TRP,190,27.719,71.754,39.641,0.51,2.0,0.0
ATOM,2934.0,O,TRP,190,28.776,71.702,40.264,-0.51,1.7,0.0
ATOM,2935.0,CB,TRP,190,26.606,70.559,41.54,-0.18,2.175,0.0
ATOM,2936.0,CG,TRP,190,25.339,70.047,42.148,-0.03,1.9924,0.0
ATOM,2937.0,CD1,TRP,190,25.102,68.763,42.467,0.035,1.9924,0.05
ATOM,2938.0,CD2,TRP,190,24.192,70.81,42.607,-0.02,1.8,0.0
ATOM,2939.0,NE1,TRP,190,23.906,68.674,43.101,-0.61,1.85,0.07
ATOM,2940.0,CE2,TRP,190,23.324,69.9,43.211,0.13,1.8,0.0
ATOM,2941.0,CE3,TRP,190,23.824,72.156,42.558,-0.115,1.9924,0.0
ATOM,2942.0,CZ2,TRP,190,22.11,70.297,43.758,-0.115,1.9924,0.19
ATOM,2943.0,CZ3,TRP,190,22.643,72.554,43.095,-0.115,1.9924,0.0
ATOM,2944.0,CH2,TRP,190,21.786,71.635,43.664,-0.115,1.9924,0.0
ATOM,2945.0,H,TRP,190,26.267,68.93,39.412,0.31,0.2245,1.78
ATOM,2946.0,HA,TRP,190,25.706,71.684,40.084,0.09,1.32,0.0
ATOM,2947.0,HB2,TRP,190,27.273,69.819,41.581,0.09,1.32,0.02
ATOM,2948.0,HB3,TRP,190,26.913,71.326,42.099,0.09,1.32,0.0
ATOM,2949.0,HD1,TRP,190,25.708,67.992,42.27,0.115,1.3582,0.0
ATOM,2950.0,HE1,TRP,190,23.495,67.812,43.449,0.38,0.2245,0.12
ATOM,2951.0,HE3,TRP,190,24.44,72.828,42.123,0.115,1.3582,0.0
ATOM,2952.0,HZ2,TRP,190,21.503,69.634,44.198,0.115,1.3582,0.01
ATOM,2953.0,HZ3,TRP,190,22.393,73.522,43.077,0.115,1.3582,0.0
ATOM,2954.0,HH2,TRP,190,20.899,71.945,44.022,0.115,1.3582,0.0
ATOM,2955.0,N,GLN,191,27.604,72.419,38.516,-0.47,1.85,0.0
ATOM,2956.0,CA,GLN,191,28.758,73.058,37.949,0.07,2.275,0.0
ATOM,2957.0,C,GLN,191,28.5,74.516,37.696,0.51,2.0,0.0
ATOM,2958.0,O,GLN,191,27.397,74.933,37.551,-0.51,1.7,0.0
ATOM,2959.0,CB,GLN,191,29.17,72.269,36.698,-0.18,2.175,0.0
ATOM,2960.0,CG,GLN,191,30.442,72.721,35.943,-0.18,2.175,0.0
ATOM,2961.0,CD,GLN,191,30.671,71.705,34.858,0.55,2.0,0.0
ATOM,2962.0,OE1,GLN,191,29.815,71.477,34.016,-0.55,1.7,8.89
ATOM,2963.0,NE2,GLN,191,31.943,71.412,34.643,-0.62,1.85,0.0
ATOM,2964.0,H,GLN,191,26.661,72.439,38.1,0.31,0.2245,0.0
ATOM,2965.0,HA,GLN,191,29.518,72.987,38.614,0.09,1.32,0.0
ATOM,2966.0,HB2,GLN,191,29.306,71.296,36.958,0.09,1.32,0.0
ATOM,2967.0,HB3,GLN,191,28.402,72.293,36.032,0.09,1.32,0.18
ATOM,2968.0,HG2,GLN,191,30.267,73.592,35.547,0.09,1.32,0.0
ATOM,2969.0,HG3,GLN,191,31.187,72.71,36.568,0.09,1.32,0.0
ATOM,2970.0,HE21,GLN,191,32.199,70.71,33.922,0.32,0.2245,0.0
ATOM,2971.0,HE22,GLN,191,32.665,71.872,35.18,0.3,0.2245,0.0
ATOM,2972.0,N,ILE,192,29.521,75.317,37.752,-0.47,1.85,0.0
ATOM,2973.0,CA,ILE,192,29.323,76.704,37.625,0.07,2.275,0.0
ATOM,2974.0,C,ILE,192,30.487,77.264,36.863,0.51,2.0,0.0
ATOM,2975.0,O,ILE,192,31.526,76.564,36.683,-0.51,1.7,0.0
ATOM,2976.0,CB,ILE,192,29.149,77.353,39.005,-0.09,2.275,0.0
ATOM,2977.0,CG1,ILE,192,30.267,76.975,39.94,-0.18,2.175,0.0
ATOM,2978.0,CG2,ILE,192,27.866,76.933,39.675,-0.27,2.06,0.0
ATOM,2979.0,CD1,ILE,192,30.309,77.937,41.096,-0.27,2.06,0.0
ATOM,2980.0,H,ILE,192,30.441,74.858,37.891,0.31,0.2245,0.0
ATOM,2981.0,HA,ILE,192,28.515,76.84,37.05,0.09,1.32,0.0
ATOM,2982.0,HB,ILE,192,29.163,78.347,38.877,0.09,1.32,0.0
ATOM,2983.0,HG12,ILE,192,30.11,76.065,40.282,0.09,1.32,0.0
ATOM,2984.0,HG13,ILE,192,31.123,77.024,39.453,0.09,1.32,0.0
ATOM,2985.0,HG21,ILE,192,27.769,77.406,40.552,0.09,1.32,0.0
ATOM,2986.0,HG22,ILE,192,27.086,77.163,39.092,0.09,1.32,0.0
ATOM,2987.0,HG23,ILE,192,27.873,75.945,39.836,0.09,1.32,0.0
ATOM,2988.0,HD11,ILE,192,29.44,77.906,41.59,0.09,1.32,0.0
ATOM,2989.0,HD12,ILE,192,31.052,77.684,41.716,0.09,1.32,0.0
ATOM,2990.0,HD13,ILE,192,30.463,78.865,40.755,0.09,1.32,0.0
ATOM,2991.0,N,GLN,193,30.266,78.509,36.403,-0.47,1.85,0.0
ATOM,2992.0,CA,GLN,193,31.218,79.267,35.622,0.07,2.275,0.0
ATOM,2993.0,C,GLN,193,32.308,79.809,36.506,0.51,2.0,0.0
ATOM,2994.0,O,GLN,193,32.049,80.328,37.593,-0.51,1.7,0.05
ATOM,2995.0,CB,GLN,193,30.488,80.404,34.924,-0.18,2.175,10.92
ATOM,2996.0,CG,GLN,193,31.326,81.063,33.831,-0.18,2.175,14.27
ATOM,2997.0,CD,GLN,193,31.698,80.071,32.743,0.55,2.0,2.07
ATOM,2998.0,H,GLN,193,29.316,78.883,36.672,0.31,0.2245,0.06
ATOM,2999.0,HA,GLN,193,31.64,78.643,34.952,0.09,1.32,0.0
ATOM,3000.0,HB2,GLN,193,29.658,80.049,34.502,0.09,1.32,0.25
ATOM,3001.0,HB3,GLN,193,30.255,81.104,35.596,0.09,1.32,6.25
ATOM,3002.0,HG2,GLN,193,30.797,81.799,33.424,0.09,1.32,11.26
ATOM,3003.0,HG3,GLN,193,32.16,81.418,34.239,0.09,1.32,0.0
ATOM,3004.0,OE1,GLN,193,30.857,79.244,32.345,-0.55,1.7,12.59
ATOM,3005.0,NE2,GLN,193,32.915,80.17,32.212,-0.62,1.85,11.0
ATOM,3006.0,HE21,GLN,193,33.229,79.534,31.497,0.32,0.2245,11.09
ATOM,3007.0,HE22,GLN,193,33.532,80.914,32.549,0.3,0.2245,2.56
ATOM,3008.0,N,MET,194,33.544,79.672,36.062,-0.47,1.85,0.0
ATOM,3009.0,CA,MET,194,34.615,80.214,36.835,0.07,2.275,0.0
ATOM,3010.0,C,MET,194,35.465,81.099,35.91,0.51,2.0,0.0
ATOM,3011.0,O,MET,194,35.823,80.702,34.773,-0.51,1.7,0.0
ATOM,3012.0,CB,MET,194,35.395,79.137,37.632,-0.18,2.175,0.0
ATOM,3013.0,CG,MET,194,36.685,79.598,38.328,-0.14,2.175,0.0
ATOM,3014.0,SD,MET,194,37.367,78.41,39.523,-0.09,2.0,0.0
ATOM,3015.0,CE,MET,194,37.944,77.156,38.35,-0.22,2.06,0.0
ATOM,3016.0,H,MET,194,33.647,79.174,35.172,0.31,0.2245,0.0
ATOM,3017.0,HA,MET,194,34.244,80.802,37.549,0.09,1.32,0.0
ATOM,3018.0,HB2,MET,194,34.776,78.75,38.339,0.09,1.32,0.0
ATOM,3019.0,HB3,MET,194,35.632,78.378,36.999,0.09,1.32,0.0
ATOM,3020.0,HG2,MET,194,37.38,79.817,37.598,0.09,1.32,0.0
ATOM,3021.0,HG3,MET,194,36.495,80.503,38.785,0.09,1.32,0.0
ATOM,3022.0,HE1,MET,194,38.897,77.341,38.118,0.09,1.32,0.0
ATOM,3023.0,HE2,MET,194,37.866,76.255,38.772,0.09,1.32,0.0
ATOM,3024.0,HE3,MET,194,37.381,77.196,37.527,0.09,1.32,0.0
ATOM,3025.0,N,LYS,195,35.728,82.337,36.362,-0.47,1.85,0.0
ATOM,3026.0,CA,LYS,195,36.512,83.204,35.55,0.07,2.275,0.74
ATOM,3027.0,C,LYS,195,37.826,83.46,36.173,0.51,2.0,1.51
ATOM,3028.0,O,LYS,195,37.979,84.469,36.843,-0.51,1.7,3.52
ATOM,3029.0,CB,LYS,195,35.782,84.496,35.389,-0.18,2.175,17.17
ATOM,3030.0,CG,LYS,195,34.534,84.485,36.267,-0.18,2.175,5.15
ATOM,3031.0,CD,LYS,195,34.83,84.93,37.691,-0.18,2.175,0.0
ATOM,3032.0,CE,LYS,195,33.599,85.416,38.454,0.21,2.175,0.96
ATOM,3033.0,NZ,LYS,195,32.74,84.311,38.966,-0.3,1.85,1.86
ATOM,3034.0,H,LYS,195,35.332,82.559,37.277,0.31,0.2245,0.0
ATOM,3035.0,HA,LYS,195,36.65,82.772,34.641,0.09,1.32,0.0
ATOM,3036.0,HB2,LYS,195,36.354,85.237,35.686,0.09,1.32,1.51
ATOM,3037.0,HB3,LYS,195,35.494,84.597,34.455,0.09,1.32,8.65
ATOM,3038.0,HG2,LYS,195,33.852,85.103,35.869,0.09,1.32,9.09
ATOM,3039.0,HG3,LYS,195,34.161,83.555,36.289,0.09,1.32,0.0
ATOM,3040.0,HD2,LYS,195,35.228,84.158,38.195,0.09,1.32,0.0
ATOM,3041.0,HD3,LYS,195,35.498,85.679,37.664,0.09,1.32,0.0
ATOM,3042.0,HE2,LYS,195,33.905,85.983,39.231,0.05,1.32,0.0
ATOM,3043.0,HE3,LYS,195,33.051,86.002,37.841,0.05,1.32,7.63
ATOM,3044.0,HZ1,LYS,195,32.766,83.547,38.323,0.33,0.2245,0.41
ATOM,3045.0,HZ2,LYS,195,33.082,84.012,39.856,0.33,0.2245,0.0
ATOM,3046.0,HZ3,LYS,195,31.801,84.639,39.06,0.33,0.2245,0.67
ATOM,3047.0,N,GLY,196,38.761,82.529,36.016,-0.47,1.85,0.0
ATOM,3048.0,CA,GLY,196,40.109,82.739,36.544,-0.02,2.175,0.79
ATOM,3049.0,C,GLY,196,40.457,82.115,37.878,0.51,2.0,0.89
ATOM,3050.0,O,GLY,196,39.618,81.942,38.761,-0.51,1.7,0.03
ATOM,3051.0,H,GLY,196,38.466,81.683,35.512,0.31,0.2245,0.0
ATOM,3052.0,HA2,GLY,196,40.792,82.413,35.833,0.09,1.32,0.0
ATOM,3053.0,HA3,GLY,196,40.283,83.762,36.597,0.09,1.32,0.83
ATOM,3054.0,N,VAL,197,41.742,81.766,37.988,-0.47,1.85,0.07
ATOM,3055.0,CA,VAL,197,42.362,81.208,39.179,0.07,2.275,0.52
ATOM,3056.0,C,VAL,197,43.695,81.92,39.311,0.51,2.0,0.0
ATOM,3057.0,O,VAL,197,44.467,81.991,38.353,-0.51,1.7,0.0
ATOM,3058.0,CB,VAL,197,42.584,79.686,39.127,-0.09,2.275,0.0
ATOM,3059.0,CG1,VAL,197,43.277,79.21,40.398,-0.27,2.06,0.0
ATOM,3060.0,CG2,VAL,197,41.283,78.958,38.991,-0.27,2.06,0.0
ATOM,3061.0,H,VAL,197,42.293,81.939,37.094,0.31,0.2245,0.0
ATOM,3062.0,HA,VAL,197,41.807,81.443,39.961,0.09,1.32,0.0
ATOM,3063.0,HB,VAL,197,43.201,79.495,38.371,0.09,1.32,0.0
ATOM,3064.0,HG11,VAL,197,43.06,79.833,41.149,0.09,1.32,0.0
ATOM,3065.0,HG12,VAL,197,42.96,78.29,40.626,0.09,1.32,0.0
ATOM,3066.0,HG13,VAL,197,44.266,79.195,40.253,0.09,1.32,0.0
ATOM,3067.0,HG21,VAL,197,41.095,78.433,39.826,0.09,1.32,0.0
ATOM,3068.0,HG22,VAL,197,40.537,79.614,38.843,0.09,1.32,0.0
ATOM,3069.0,HG23,VAL,197,41.323,78.327,38.211,0.09,1.32,0.0
ATOM,3070.0,N,SER,198,43.937,82.481,40.476,-0.47,1.85,0.43
ATOM,3071.0,CA,SER,198,45.145,83.25,40.716,0.07,2.275,0.0
ATOM,3072.0,C,SER,198,46.1,82.573,41.669,0.51,2.0,0.0
ATOM,3073.0,O,SER,198,45.71,82.144,42.757,-0.51,1.7,0.24
ATOM,3074.0,CB,SER,198,44.784,84.555,41.412,0.05,2.175,2.84
ATOM,3075.0,OG,SER,198,44.251,85.469,40.472,-0.66,1.77,4.75
ATOM,3076.0,H,SER,198,43.203,82.33,41.199,0.31,0.2245,0.0
ATOM,3077.0,HA,SER,198,45.621,83.368,39.825,0.09,1.32,0.0
ATOM,3078.0,HB2,SER,198,44.103,84.372,42.109,0.09,1.32,0.0
ATOM,3079.0,HB3,SER,198,45.603,84.944,41.813,0.09,1.32,0.0
ATOM,3080.0,HG,SER,198,44.815,86.294,40.451,0.43,0.2245,1.88
ATOM,3081.0,N,VAL,199,47.356,82.583,41.325,-0.47,1.85,0.0
ATOM,3082.0,CA,VAL,199,48.321,82.167,42.287,0.07,2.275,0.0
ATOM,3083.0,C,VAL,199,48.992,83.463,42.721,0.51,2.0,0.0
ATOM,3084.0,O,VAL,199,49.274,84.36,41.925,-0.51,1.7,1.23
ATOM,3085.0,CB,VAL,199,49.341,81.186,41.794,-0.09,2.275,0.0
ATOM,3086.0,CG1,VAL,199,50.31,80.938,42.918,-0.27,2.06,0.38
ATOM,3087.0,CG2,VAL,199,48.652,79.889,41.431,-0.27,2.06,0.0
ATOM,3088.0,H,VAL,199,47.567,82.894,40.372,0.31,0.2245,0.0
ATOM,3089.0,HA,VAL,199,47.86,81.791,43.072,0.09,1.32,0.0
ATOM,3090.0,HB,VAL,199,49.854,81.606,41.059,0.09,1.32,0.0
ATOM,3091.0,HG11,VAL,199,50.711,80.023,42.829,0.09,1.32,0.0
ATOM,3092.0,HG12,VAL,199,51.045,81.619,42.893,0.09,1.32,5.09
ATOM,3093.0,HG13,VAL,199,49.836,81.002,43.799,0.09,1.32,0.0
ATOM,3094.0,HG21,VAL,199,48.369,79.918,40.471,0.09,1.32,0.0
ATOM,3095.0,HG22,VAL,199,49.284,79.124,41.569,0.09,1.32,0.0
ATOM,3096.0,HG23,VAL,199,47.846,79.764,42.012,0.09,1.32,0.0
ATOM,3097.0,N,GLY,200,49.171,83.667,43.982,-0.47,1.85,0.0
ATOM,3098.0,CA,GLY,200,49.764,84.93,44.308,-0.02,2.175,7.85
ATOM,3099.0,C,GLY,200,48.868,86.099,43.924,0.51,2.0,1.26
ATOM,3100.0,O,GLY,200,47.928,86.43,44.661,-0.51,1.7,21.69
ATOM,3101.0,H,GLY,200,48.895,82.956,44.632,0.31,0.2245,0.0
ATOM,3102.0,HA2,GLY,200,49.954,84.977,45.304,0.09,1.32,3.04
ATOM,3103.0,HA3,GLY,200,50.653,85.029,43.83,0.09,1.32,7.44
ATOM,3104.0,N,SER,201,49.16,86.742,42.789,-0.47,1.85,0.0
ATOM,3105.0,CA,SER,201,48.408,87.937,42.399,0.07,2.275,1.62
ATOM,3106.0,C,SER,201,47.663,87.739,41.096,0.51,2.0,0.21
ATOM,3107.0,O,SER,201,46.453,88.039,40.931,-0.51,1.7,21.63
ATOM,3108.0,CB,SER,201,49.384,89.124,42.254,0.05,2.175,25.71
ATOM,3109.0,OG,SER,201,50.764,88.729,42.399,-0.66,1.77,26.68
ATOM,3110.0,H,SER,201,49.928,86.339,42.238,0.31,0.2245,0.62
ATOM,3111.0,HA,SER,201,47.729,88.124,43.125,0.09,1.32,6.29
ATOM,3112.0,HB2,SER,201,49.265,89.529,41.35,0.09,1.32,7.71
ATOM,3113.0,HB3,SER,201,49.174,89.8,42.958,0.09,1.32,11.63
ATOM,3114.0,HG,SER,201,50.796,87.811,42.781,0.43,0.2245,5.92
ATOM,3115.0,N,SER,202,48.499,87.193,40.219,-0.47,1.85,0.0
ATOM,3116.0,CA,SER,202,48.263,86.906,38.82,0.07,2.275,1.33
ATOM,3117.0,C,SER,202,47.336,85.763,38.495,0.51,2.0,0.0
ATOM,3118.0,O,SER,202,47.696,84.586,38.718,-0.51,1.7,0.0
ATOM,3119.0,CB,SER,202,49.612,86.635,38.135,0.05,2.175,21.78
ATOM,3120.0,OG,SER,202,50.6,86.505,39.144,-0.66,1.77,16.01
ATOM,3121.0,H,SER,202,49.456,86.96,40.678,0.31,0.2245,0.0
ATOM,3122.0,HA,SER,202,47.869,87.761,38.39,0.09,1.32,7.79
ATOM,3123.0,HB2,SER,202,49.548,85.794,37.63,0.09,1.32,0.0
ATOM,3124.0,HB3,SER,202,49.833,87.4,37.559,0.09,1.32,11.08
ATOM,3125.0,HG,SER,202,50.259,85.907,39.868,0.43,0.2245,0.71
ATOM,3126.0,N,THR,203,46.207,86.13,37.825,-0.47,1.85,1.15
ATOM,3127.0,CA,THR,203,45.273,85.155,37.262,0.07,2.275,0.0
ATOM,3128.0,C,THR,203,46.082,84.464,36.208,0.51,2.0,0.0
ATOM,3129.0,O,THR,203,45.996,84.781,35.039,-0.51,1.7,10.85
ATOM,3130.0,CB,THR,203,44.062,85.774,36.546,0.14,2.275,4.78
ATOM,3131.0,OG1,THR,203,43.228,86.445,37.484,-0.66,1.77,24.44
ATOM,3132.0,CG2,THR,203,43.279,84.733,35.726,-0.27,2.06,6.56
ATOM,3133.0,H,THR,203,46.08,87.159,37.756,0.31,0.2245,7.73
ATOM,3134.0,HA,THR,203,45.035,84.511,37.964,0.09,1.32,0.0
ATOM,3135.0,HB,THR,203,44.399,86.461,35.866,0.09,1.32,9.22
ATOM,3136.0,HG21,THR,203,43.54,84.805,34.764,0.09,1.32,0.23
ATOM,3137.0,HG22,THR,203,43.493,83.817,36.063,0.09,1.32,0.0
ATOM,3138.0,HG23,THR,203,42.299,84.905,35.822,0.09,1.32,2.43
ATOM,3139.0,HG1,THR,203,43.481,86.194,38.426,0.43,0.2245,2.76
ATOM,3140.0,N,LEU,204,46.979,83.672,36.74,-0.47,1.85,0.0
ATOM,3141.0,CA,LEU,204,47.922,82.787,36.138,0.07,2.275,0.41
ATOM,3142.0,C,LEU,204,47.136,81.822,35.235,0.51,2.0,0.0
ATOM,3143.0,O,LEU,204,47.611,81.383,34.168,-0.51,1.7,2.63
ATOM,3144.0,CB,LEU,204,48.411,81.93,37.363,-0.18,2.175,0.0
ATOM,3145.0,CG,LEU,204,49.809,82.037,38.024,-0.09,2.275,0.0
ATOM,3146.0,CD1,LEU,204,50.825,81.092,37.377,-0.27,2.06,15.25
ATOM,3147.0,CD2,LEU,204,50.361,83.444,38.28,-0.27,2.06,7.97
ATOM,3148.0,H,LEU,204,46.944,83.754,37.85,0.31,0.2245,0.0
ATOM,3149.0,HA,LEU,204,48.548,83.3,35.56,0.09,1.32,8.64
ATOM,3150.0,HB2,LEU,204,47.719,82.082,38.113,0.09,1.32,0.0
ATOM,3151.0,HB3,LEU,204,48.29,80.944,37.09,0.09,1.32,0.0
ATOM,3152.0,HG,LEU,204,49.718,81.813,38.997,0.09,1.32,0.0
ATOM,3153.0,HD11,LEU,204,50.918,81.32,36.409,0.09,1.32,6.38
ATOM,3154.0,HD12,LEU,204,51.708,81.195,37.833,0.09,1.32,3.23
ATOM,3155.0,HD13,LEU,204,50.506,80.15,37.471,0.09,1.32,0.0
ATOM,3156.0,HD21,LEU,204,49.739,83.936,38.888,0.09,1.32,0.0
ATOM,3157.0,HD22,LEU,204,51.261,83.372,38.706,0.09,1.32,8.28
ATOM,3158.0,HD23,LEU,204,50.438,83.93,37.411,0.09,1.32,3.98
ATOM,3159.0,N,LEU,205,45.942,81.443,35.715,-0.47,1.85,0.0
ATOM,3160.0,CA,LEU,205,45.173,80.432,35.037,0.07,2.275,0.0
ATOM,3161.0,C,LEU,205,43.736,80.737,34.941,0.51,2.0,0.0
ATOM,3162.0,O,LEU,205,43.227,81.525,35.724,-0.51,1.7,0.0
ATOM,3163.0,CB,LEU,205,45.323,79.012,35.657,-0.18,2.175,0.07
ATOM,3164.0,CG,LEU,205,46.745,78.673,36.138,-0.09,2.275,0.0
ATOM,3165.0,CD1,LEU,205,46.691,77.854,37.414,-0.27,2.06,0.0
ATOM,3166.0,CD2,LEU,205,47.512,77.895,35.1,-0.27,2.06,1.27
ATOM,3167.0,H,LEU,205,45.649,81.928,36.576,0.31,0.2245,0.0
ATOM,3168.0,HA,LEU,205,45.558,80.324,34.091,0.09,1.32,0.0
ATOM,3169.0,HB2,LEU,205,44.723,78.965,36.438,0.09,1.32,0.0
ATOM,3170.0,HB3,LEU,205,45.077,78.358,34.963,0.09,1.32,1.45
ATOM,3171.0,HG,LEU,205,47.237,79.525,36.306,0.09,1.32,0.0
ATOM,3172.0,HD11,LEU,205,46.194,77.002,37.246,0.09,1.32,0.0
ATOM,3173.0,HD12,LEU,205,47.621,77.64,37.716,0.09,1.32,0.0
ATOM,3174.0,HD13,LEU,205,46.222,78.375,38.129,0.09,1.32,0.0
ATOM,3175.0,HD21,LEU,205,47.588,78.433,34.256,0.09,1.32,0.0
ATOM,3176.0,HD22,LEU,205,48.433,77.688,35.439,0.09,1.32,0.0
ATOM,3177.0,HD23,LEU,205,47.037,77.035,34.898,0.09,1.32,0.01
ATOM,3178.0,N,CYS,206,43.107,80.012,34.02,-0.47,1.85,0.31
ATOM,3179.0,CA,CYS,206,41.684,80.091,33.721,0.07,2.275,3.32
ATOM,3180.0,C,CYS,206,41.273,81.449,33.2,0.51,2.0,0.0
ATOM,3181.0,O,CYS,206,40.193,81.924,33.532,-0.51,1.7,0.28
ATOM,3182.0,CB,CYS,206,40.784,79.651,34.903,-0.1,2.175,0.03
ATOM,3183.0,SG,CYS,206,38.996,79.641,34.572,-0.08,1.975,0.0
ATOM,3184.0,H,CYS,206,43.754,79.346,33.502,0.31,0.2245,9.23
ATOM,3185.0,HA,CYS,206,41.474,79.4,33.008,0.09,1.32,7.26
ATOM,3186.0,HB2,CYS,206,41.062,78.726,35.166,0.09,1.32,0.02
ATOM,3187.0,HB3,CYS,206,40.96,80.277,35.666,0.09,1.32,0.0
ATOM,3188.0,N,GLU,207,42.153,82.105,32.409,-0.47,1.85,0.14
ATOM,3189.0,CA,GLU,207,41.796,83.361,31.766,0.07,2.275,0.31
ATOM,3190.0,C,GLU,207,40.714,82.983,30.757,0.51,2.0,0.0
ATOM,3191.0,O,GLU,207,40.591,81.8,30.37,-0.51,1.7,6.83
ATOM,3192.0,CB,GLU,207,43.002,84.034,31.06,-0.18,2.175,14.44
ATOM,3193.0,CG,GLU,207,44.229,83.12,30.783,-0.28,2.175,14.36
ATOM,3194.0,CD,GLU,207,45.424,83.381,31.713,0.62,2.0,1.31
ATOM,3195.0,OE1,GLU,207,45.133,83.229,33.004,-0.76,1.7,0.0
ATOM,3196.0,OE2,GLU,207,46.583,83.603,31.316,-0.76,1.7,35.77
ATOM,3197.0,H,GLU,207,43.069,81.64,32.313,0.31,0.2245,0.28
ATOM,3198.0,HA,GLU,207,41.429,83.99,32.425,0.09,1.32,3.89
ATOM,3199.0,HB2,GLU,207,42.688,84.368,30.186,0.09,1.32,1.34
ATOM,3200.0,HB3,GLU,207,43.315,84.77,31.638,0.09,1.32,5.11
ATOM,3201.0,HG2,GLU,207,43.944,82.19,30.919,0.09,1.32,2.95
ATOM,3202.0,HG3,GLU,207,44.527,83.29,29.863,0.09,1.32,9.2
ATOM,3203.0,N,ASP,208,39.866,83.902,30.342,-0.47,1.85,2.04
ATOM,3204.0,CA,ASP,208,38.851,83.451,29.384,0.07,2.275,3.34
ATOM,3205.0,C,ASP,208,37.767,82.678,30.102,0.51,2.0,1.31
ATOM,3206.0,O,ASP,208,36.587,82.973,29.935,-0.51,1.7,31.59
ATOM,3207.0,CB,ASP,208,39.344,82.769,28.067,-0.28,2.175,15.22
ATOM,3208.0,CG,ASP,208,40.571,83.405,27.371,0.62,2.0,3.11
ATOM,3209.0,OD1,ASP,208,40.786,84.608,27.256,-0.76,1.7,35.07
ATOM,3210.0,OD2,ASP,208,41.423,82.511,26.906,-0.76,1.7,38.92
ATOM,3211.0,H,ASP,208,39.961,84.831,30.696,0.31,0.2245,15.2
ATOM,3212.0,HA,ASP,208,38.428,84.275,28.997,0.09,1.32,9.54
ATOM,3213.0,HB2,ASP,208,39.569,81.816,28.29,0.09,1.32,4.32
ATOM,3214.0,HB3,ASP,208,38.577,82.777,27.42,0.09,1.32,11.13
ATOM,3215.0,N,GLY,209,38.133,81.768,31.011,-0.47,1.85,0.1
ATOM,3216.0,CA,GLY,209,37.096,81.164,31.838,-0.02,2.175,1.86
ATOM,3217.0,C,GLY,209,37.157,79.664,31.945,0.51,2.0,0.7
ATOM,3218.0,O,GLY,209,37.788,78.987,31.122,-0.51,1.7,21.09
ATOM,3219.0,H,GLY,209,39.123,81.557,31.064,0.31,0.2245,0.0
ATOM,3220.0,HA2,GLY,209,37.145,81.574,32.778,0.09,1.32,0.0
ATOM,3221.0,HA3,GLY,209,36.178,81.441,31.47,0.09,1.32,0.28
ATOM,3222.0,N,CYS,210,36.458,79.138,32.938,-0.47,1.85,0.0
ATOM,3223.0,CA,CYS,210,36.423,77.712,33.061,0.07,2.275,0.22
ATOM,3224.0,C,CYS,210,35.247,77.251,33.869,0.51,2.0,0.0
ATOM,3225.0,O,CYS,210,34.414,78.052,34.291,-0.51,1.7,0.0
ATOM,3226.0,CB,CYS,210,37.743,77.063,33.469,-0.1,2.175,12.69
ATOM,3227.0,SG,CYS,210,38.42,77.758,34.97,-0.08,1.975,0.0
ATOM,3228.0,H,CYS,210,35.986,79.8,33.555,0.31,0.2245,0.0
ATOM,3229.0,HA,CYS,210,36.346,77.31,32.132,0.09,1.32,6.66
ATOM,3230.0,HB2,CYS,210,37.578,76.094,33.61,0.09,1.32,1.36
ATOM,3231.0,HB3,CYS,210,38.394,77.201,32.73,0.09,1.32,3.96
ATOM,3232.0,N,LEU,211,35.157,75.948,34.025,-0.47,1.85,0.0
ATOM,3233.0,CA,LEU,211,34.086,75.323,34.752,0.07,2.275,0.0
ATOM,3234.0,C,LEU,211,34.603,74.836,36.089,0.51,2.0,0.0
ATOM,3235.0,O,LEU,211,35.78,74.52,36.284,-0.51,1.7,0.0
ATOM,3236.0,CB,LEU,211,33.545,74.124,33.937,-0.18,2.175,0.0
ATOM,3237.0,CG,LEU,211,32.973,74.561,32.582,-0.09,2.275,2.72
ATOM,3238.0,CD1,LEU,211,31.897,73.586,32.161,-0.27,2.06,19.11
ATOM,3239.0,CD2,LEU,211,32.306,75.914,32.744,-0.27,2.06,2.8
ATOM,3240.0,H,LEU,211,35.936,75.406,33.572,0.31,0.2245,1.93
ATOM,3241.0,HA,LEU,211,33.363,75.999,34.919,0.09,1.32,0.0
ATOM,3242.0,HB2,LEU,211,34.292,73.519,33.765,0.09,1.32,0.0
ATOM,3243.0,HB3,LEU,211,32.823,73.716,34.45,0.09,1.32,0.0
ATOM,3244.0,HG,LEU,211,33.707,74.565,31.911,0.09,1.32,7.61
ATOM,3245.0,HD11,LEU,211,31.164,73.573,32.845,0.09,1.32,0.0
ATOM,3246.0,HD12,LEU,211,31.516,73.862,31.276,0.09,1.32,10.73
ATOM,3247.0,HD13,LEU,211,32.286,72.666,32.079,0.09,1.32,0.56
ATOM,3248.0,HD21,LEU,211,32.979,76.586,33.058,0.09,1.32,0.0
ATOM,3249.0,HD22,LEU,211,31.928,76.211,31.865,0.09,1.32,7.21
ATOM,3250.0,HD23,LEU,211,31.567,75.847,33.416,0.09,1.32,0.0
ATOM,3251.0,N,ALA,212,33.717,74.824,37.038,-0.47,1.85,0.0
ATOM,3252.0,CA,ALA,212,34.045,74.336,38.331,0.07,2.275,0.0
ATOM,3253.0,C,ALA,212,32.88,73.497,38.822,0.51,2.0,0.0
ATOM,3254.0,O,ALA,212,31.756,73.96,38.848,-0.51,1.7,0.0
ATOM,3255.0,CB,ALA,212,34.324,75.504,39.247,-0.27,2.06,0.0
ATOM,3256.0,H,ALA,212,32.777,75.192,36.774,0.31,0.2245,0.0
ATOM,3257.0,HA,ALA,212,34.854,73.75,38.279,0.09,1.32,0.0
ATOM,3258.0,HB1,ALA,212,33.53,76.114,39.272,0.09,1.32,0.0
ATOM,3259.0,HB2,ALA,212,34.512,75.172,40.173,0.09,1.32,0.0
ATOM,3260.0,HB3,ALA,212,35.119,76.015,38.914,0.09,1.32,0.0
ATOM,3261.0,N,LEU,213,33.155,72.248,39.166,-0.47,1.85,0.0
ATOM,3262.0,CA,LEU,213,32.163,71.359,39.724,0.07,2.275,0.0
ATOM,3263.0,C,LEU,213,32.31,71.497,41.204,0.51,2.0,0.0
ATOM,3264.0,O,LEU,213,33.461,71.488,41.659,-0.51,1.7,0.0
ATOM,3265.0,CB,LEU,213,32.623,69.946,39.397,-0.18,2.175,0.0
ATOM,3266.0,CG,LEU,213,31.637,68.816,39.64,-0.09,2.275,0.0
ATOM,3267.0,CD1,LEU,213,30.758,68.724,38.375,-0.27,2.06,0.57
ATOM,3268.0,CD2,LEU,213,32.489,67.542,39.708,-0.27,2.06,8.13
ATOM,3269.0,H,LEU,213,34.15,71.966,38.998,0.31,0.2245,0.0
ATOM,3270.0,HA,LEU,213,31.265,71.672,39.455,0.09,1.32,0.0
ATOM,3271.0,HB2,LEU,213,32.871,69.922,38.425,0.09,1.32,0.0
ATOM,3272.0,HB3,LEU,213,33.439,69.755,39.947,0.09,1.32,0.0
ATOM,3273.0,HG,LEU,213,31.067,69.031,40.409,0.09,1.32,0.0
ATOM,3274.0,HD11,LEU,213,31.341,68.532,37.589,0.09,1.32,0.0
ATOM,3275.0,HD12,LEU,213,30.094,67.99,38.495,0.09,1.32,2.39
ATOM,3276.0,HD13,LEU,213,30.286,69.592,38.245,0.09,1.32,0.0
ATOM,3277.0,HD21,LEU,213,33.145,67.625,40.456,0.09,1.32,0.0
ATOM,3278.0,HD22,LEU,213,31.893,66.757,39.868,0.09,1.32,1.08
ATOM,3279.0,HD23,LEU,213,32.976,67.426,38.844,0.09,1.32,0.0
ATOM,3280.0,N,VAL,214,31.211,71.643,41.96,-0.47,1.85,0.0
ATOM,3281.0,CA,VAL,214,31.343,71.681,43.402,0.07,2.275,0.0
ATOM,3282.0,C,VAL,214,30.992,70.294,43.882,0.51,2.0,0.0
ATOM,3283.0,O,VAL,214,29.882,69.817,43.77,-0.51,1.7,0.0
ATOM,3284.0,CB,VAL,214,30.552,72.804,44.042,-0.09,2.275,0.0
ATOM,3285.0,CG1,VAL,214,30.763,72.792,45.545,-0.27,2.06,0.0
ATOM,3286.0,CG2,VAL,214,31.018,74.146,43.507,-0.27,2.06,0.0
ATOM,3287.0,H,VAL,214,30.331,71.719,41.447,0.31,0.2245,0.0
ATOM,3288.0,HA,VAL,214,32.291,71.858,43.626,0.09,1.32,0.0
ATOM,3289.0,HB,VAL,214,29.584,72.632,43.887,0.09,1.32,0.0
ATOM,3290.0,HG11,VAL,214,30.106,73.407,45.982,0.09,1.32,0.0
ATOM,3291.0,HG12,VAL,214,30.631,71.864,45.896,0.09,1.32,0.0
ATOM,3292.0,HG13,VAL,214,31.692,73.097,45.756,0.09,1.32,0.0
ATOM,3293.0,HG21,VAL,214,30.305,74.536,42.923,0.09,1.32,0.0
ATOM,3294.0,HG22,VAL,214,31.199,74.764,44.273,0.09,1.32,0.0
ATOM,3295.0,HG23,VAL,214,31.855,74.018,42.974,0.09,1.32,0.0
ATOM,3296.0,N,ASP,215,31.992,69.564,44.295,-0.47,1.85,0.0
ATOM,3297.0,CA,ASP,215,31.813,68.136,44.58,0.07,2.275,0.0
ATOM,3298.0,C,ASP,215,32.309,67.718,45.945,0.51,2.0,0.0
ATOM,3299.0,O,ASP,215,33.492,67.658,46.221,-0.51,1.7,0.0
ATOM,3300.0,CB,ASP,215,32.53,67.391,43.422,-0.28,2.175,0.0
ATOM,3301.0,CG,ASP,215,32.745,65.947,43.614,0.62,2.0,0.0
ATOM,3302.0,OD1,ASP,215,32.199,65.333,44.464,-0.76,1.7,0.0
ATOM,3303.0,OD2,ASP,215,33.638,65.438,42.826,-0.76,1.7,16.81
ATOM,3304.0,H,ASP,215,32.898,70.052,44.405,0.31,0.2245,0.0
ATOM,3305.0,HA,ASP,215,30.811,67.957,44.553,0.09,1.32,0.0
ATOM,3306.0,HB2,ASP,215,31.972,67.549,42.593,0.09,1.32,0.0
ATOM,3307.0,HB3,ASP,215,33.417,67.857,43.289,0.09,1.32,0.0
ATOM,3308.0,N,THR,216,31.377,67.446,46.825,-0.47,1.85,0.0
ATOM,3309.0,CA,THR,216,31.621,67.076,48.203,0.07,2.275,0.0
ATOM,3310.0,C,THR,216,32.25,65.7,48.3,0.51,2.0,0.0
ATOM,3311.0,O,THR,216,32.757,65.348,49.343,-0.51,1.7,4.92
ATOM,3312.0,CB,THR,216,30.276,67.086,48.981,0.14,2.275,0.0
ATOM,3313.0,OG1,THR,216,29.391,66.177,48.367,-0.66,1.77,0.0
ATOM,3314.0,CG2,THR,216,29.612,68.482,49.004,-0.27,2.06,0.0
ATOM,3315.0,H,THR,216,30.389,67.521,46.432,0.31,0.2245,0.0
ATOM,3316.0,HA,THR,216,32.259,67.746,48.609,0.09,1.32,0.0
ATOM,3317.0,HB,THR,216,30.459,66.779,49.934,0.09,1.32,0.0
ATOM,3318.0,HG21,THR,216,28.628,68.379,48.872,0.09,1.32,0.0
ATOM,3319.0,HG22,THR,216,29.791,68.916,49.885,0.09,1.32,0.0
ATOM,3320.0,HG23,THR,216,29.995,69.039,48.269,0.09,1.32,0.0
ATOM,3321.0,HG1,THR,216,29.211,65.386,48.968,0.43,0.2245,0.0
ATOM,3322.0,N,GLY,217,32.137,64.903,47.241,-0.47,1.85,0.0
ATOM,3323.0,CA,GLY,217,32.667,63.549,47.21,-0.02,2.175,1.37
ATOM,3324.0,C,GLY,217,34.147,63.449,46.789,0.51,2.0,2.23
ATOM,3325.0,O,GLY,217,34.616,62.387,46.379,-0.51,1.7,32.87
ATOM,3326.0,H,GLY,217,31.632,65.337,46.431,0.31,0.2245,0.0
ATOM,3327.0,HA2,GLY,217,32.564,63.122,48.132,0.09,1.32,0.2
ATOM,3328.0,HA3,GLY,217,32.111,62.98,46.57,0.09,1.32,0.0
ATOM,3329.0,N,ALA,218,34.849,64.58,46.867,-0.47,1.85,0.76
ATOM,3330.0,CA,ALA,218,36.251,64.722,46.498,0.07,2.275,0.54
ATOM,3331.0,C,ALA,218,37.083,65.352,47.643,0.51,2.0,0.7
ATOM,3332.0,O,ALA,218,36.827,66.454,48.108,-0.51,1.7,0.0
ATOM,3333.0,CB,ALA,218,36.357,65.566,45.21,-0.27,2.06,11.91
ATOM,3334.0,H,ALA,218,34.278,65.397,47.234,0.31,0.2245,0.0
ATOM,3335.0,HA,ALA,218,36.636,63.811,46.301,0.09,1.32,4.42
ATOM,3336.0,HB1,ALA,218,37.238,66.031,45.2,0.09,1.32,0.25
ATOM,3337.0,HB2,ALA,218,36.281,64.963,44.421,0.09,1.32,7.03
ATOM,3338.0,HB3,ALA,218,35.619,66.235,45.2,0.09,1.32,0.0
ATOM,3339.0,N,SER,219,38.103,64.673,48.135,-0.47,1.85,2.31
ATOM,3340.0,CA,SER,219,38.885,65.235,49.232,0.07,2.275,0.55
ATOM,3341.0,C,SER,219,39.604,66.524,48.895,0.51,2.0,0.0
ATOM,3342.0,O,SER,219,39.669,67.421,49.711,-0.51,1.7,0.08
ATOM,3343.0,CB,SER,219,39.953,64.28,49.715,0.05,2.175,4.21
ATOM,3344.0,OG,SER,219,39.561,62.92,49.62,-0.66,1.77,19.89
ATOM,3345.0,H,SER,219,38.29,63.762,47.702,0.31,0.2245,7.79
ATOM,3346.0,HA,SER,219,38.242,65.426,50.003,0.09,1.32,0.2
ATOM,3347.0,HB2,SER,219,40.785,64.411,49.167,0.09,1.32,0.96
ATOM,3348.0,HB3,SER,219,40.166,64.483,50.676,0.09,1.32,0.0
ATOM,3349.0,HG,SER,219,39.074,62.656,50.451,0.43,0.2245,1.96
ATOM,3350.0,N,TYR,220,40.185,66.57,47.712,-0.47,1.85,0.0
ATOM,3351.0,CA,TYR,220,40.992,67.659,47.218,0.07,2.275,0.0
ATOM,3352.0,C,TYR,220,40.37,68.507,46.113,0.51,2.0,0.0
ATOM,3353.0,O,TYR,220,39.326,68.217,45.583,-0.51,1.7,0.71
ATOM,3354.0,CB,TYR,220,42.24,67.043,46.628,-0.18,2.175,0.09
ATOM,3355.0,CG,TYR,220,43.197,66.417,47.604,0.0,1.9924,0.14
ATOM,3356.0,CD1,TYR,220,42.906,66.19,48.948,-0.115,1.9924,0.37
ATOM,3357.0,CD2,TYR,220,44.421,65.996,47.104,-0.115,1.9924,0.56
ATOM,3358.0,CE1,TYR,220,43.875,65.666,49.801,-0.115,1.9924,1.83
ATOM,3359.0,CE2,TYR,220,45.373,65.403,47.925,-0.115,1.9924,6.99
ATOM,3360.0,CZ,TYR,220,45.078,65.204,49.27,0.11,1.9924,2.33
ATOM,3361.0,OH,TYR,220,46.051,64.646,50.078,-0.54,1.77,13.85
ATOM,3362.0,H,TYR,220,40.0,65.695,47.125,0.31,0.2245,2.23
ATOM,3363.0,HA,TYR,220,41.203,68.287,48.006,0.09,1.32,0.0
ATOM,3364.0,HB2,TYR,220,41.962,66.333,45.967,0.09,1.32,0.0
ATOM,3365.0,HB3,TYR,220,42.739,67.76,46.122,0.09,1.32,0.0
ATOM,3366.0,HD1,TYR,220,42.001,66.403,49.304,0.115,1.3582,0.0
ATOM,3367.0,HD2,TYR,220,44.625,66.12,46.132,0.115,1.3582,0.0
ATOM,3368.0,HE1,TYR,220,43.71,65.62,50.784,0.115,1.3582,0.0
ATOM,3369.0,HE2,TYR,220,46.255,65.124,47.558,0.115,1.3582,0.11
ATOM,3370.0,HH,TYR,220,46.862,64.46,49.528,0.43,0.2245,3.98
ATOM,3371.0,N,ILE,221,41.001,69.623,45.839,-0.47,1.85,0.0
ATOM,3372.0,CA,ILE,221,40.575,70.48,44.755,0.07,2.275,0.0
ATOM,3373.0,C,ILE,221,41.293,69.894,43.574,0.51,2.0,0.0
ATOM,3374.0,O,ILE,221,42.373,69.355,43.789,-0.51,1.7,0.0
ATOM,3375.0,CB,ILE,221,40.991,71.959,44.903,-0.09,2.275,0.0
ATOM,3376.0,CG1,ILE,221,40.331,72.642,46.124,-0.18,2.175,0.0
ATOM,3377.0,CG2,ILE,221,40.691,72.739,43.623,-0.27,2.06,0.0
ATOM,3378.0,CD1,ILE,221,40.739,74.106,46.3,-0.27,2.06,0.0
ATOM,3379.0,H,ILE,221,41.814,69.835,46.453,0.31,0.2245,0.0
ATOM,3380.0,HA,ILE,221,39.619,70.308,44.623,0.09,1.32,0.0
ATOM,3381.0,HB,ILE,221,41.982,71.99,45.039,0.09,1.32,0.0
ATOM,3382.0,HG12,ILE,221,39.344,72.594,46.013,0.09,1.32,0.0
ATOM,3383.0,HG13,ILE,221,40.596,72.138,46.94,0.09,1.32,0.0
ATOM,3384.0,HG21,ILE,221,41.05,73.666,43.709,0.09,1.32,0.0
ATOM,3385.0,HG22,ILE,221,41.125,72.283,42.849,0.09,1.32,0.0
ATOM,3386.0,HG23,ILE,221,39.704,72.774,43.481,0.09,1.32,0.0
ATOM,3387.0,HD11,ILE,221,40.472,74.616,45.487,0.09,1.32,0.0
ATOM,3388.0,HD12,ILE,221,40.277,74.476,47.101,0.09,1.32,0.0
ATOM,3389.0,HD13,ILE,221,41.726,74.153,46.423,0.09,1.32,0.0
ATOM,3390.0,N,SER,222,40.697,69.94,42.372,-0.47,1.85,0.0
ATOM,3391.0,CA,SER,222,41.325,69.385,41.199,0.07,2.275,0.0
ATOM,3392.0,C,SER,222,41.176,70.249,39.962,0.51,2.0,0.0
ATOM,3393.0,O,SER,222,40.235,70.937,39.714,-0.51,1.7,0.0
ATOM,3394.0,CB,SER,222,40.91,67.956,40.942,0.05,2.175,2.25
ATOM,3395.0,OG,SER,222,39.608,67.928,40.398,-0.66,1.77,2.33
ATOM,3396.0,H,SER,222,39.767,70.402,42.375,0.31,0.2245,0.0
ATOM,3397.0,HA,SER,222,42.322,69.287,41.389,0.09,1.32,0.0
ATOM,3398.0,HB2,SER,222,41.54,67.543,40.295,0.09,1.32,0.0
ATOM,3399.0,HB3,SER,222,40.912,67.455,41.8,0.09,1.32,0.47
ATOM,3400.0,HG,SER,222,39.018,68.557,40.905,0.43,0.2245,0.0
ATOM,3401.0,N,GLY,223,42.201,70.301,39.181,-0.47,1.85,0.0
ATOM,3402.0,CA,GLY,223,42.117,70.977,37.921,-0.02,2.175,0.0
ATOM,3403.0,C,GLY,223,42.579,69.988,36.855,0.51,2.0,0.0
ATOM,3404.0,O,GLY,223,43.069,68.895,37.16,-0.51,1.7,0.0
ATOM,3405.0,H,GLY,223,43.061,69.83,39.527,0.31,0.2245,0.0
ATOM,3406.0,HA2,GLY,223,41.18,71.246,37.73,0.09,1.32,0.0
ATOM,3407.0,HA3,GLY,223,42.715,71.77,37.909,0.09,1.32,0.0
ATOM,3408.0,N,SER,224,42.544,70.394,35.61,-0.47,1.85,0.0
ATOM,3409.0,CA,SER,224,43.064,69.507,34.575,0.07,2.275,0.27
ATOM,3410.0,C,SER,224,44.537,69.285,34.802,0.51,2.0,0.0
ATOM,3411.0,O,SER,224,45.194,70.008,35.553,-0.51,1.7,0.0
ATOM,3412.0,CB,SER,224,42.94,70.187,33.265,0.05,2.175,11.26
ATOM,3413.0,OG,SER,224,43.803,71.314,33.319,-0.66,1.77,0.98
ATOM,3414.0,H,SER,224,42.151,71.317,35.434,0.31,0.2245,1.23
ATOM,3415.0,HA,SER,224,42.595,68.626,34.659,0.09,1.32,0.0
ATOM,3416.0,HB2,SER,224,43.243,69.595,32.543,0.09,1.32,3.9
ATOM,3417.0,HB3,SER,224,42.02,70.504,33.131,0.09,1.32,3.13
ATOM,3418.0,HG,SER,224,44.434,71.286,32.545,0.43,0.2245,0.73
ATOM,3419.0,N,THR,225,45.086,68.323,34.119,-0.47,1.85,0.0
ATOM,3420.0,CA,THR,225,46.474,68.061,34.296,0.07,2.275,0.0
ATOM,3421.0,C,THR,225,47.364,69.202,33.863,0.51,2.0,0.0
ATOM,3422.0,O,THR,225,48.321,69.502,34.549,-0.51,1.7,0.0
ATOM,3423.0,CB,THR,225,46.807,66.865,33.497,0.14,2.275,2.73
ATOM,3424.0,OG1,THR,225,46.142,65.777,34.089,-0.66,1.77,7.39
ATOM,3425.0,CG2,THR,225,48.307,66.74,33.578,-0.27,2.06,30.01
ATOM,3426.0,H,THR,225,44.465,67.805,33.483,0.31,0.2245,0.0
ATOM,3427.0,HA,THR,225,46.654,67.881,35.287,0.09,1.32,0.0
ATOM,3428.0,HB,THR,225,46.456,66.971,32.545,0.09,1.32,5.93
ATOM,3429.0,HG21,THR,225,48.572,65.772,33.63,0.09,1.32,11.1
ATOM,3430.0,HG22,THR,225,48.734,67.148,32.765,0.09,1.32,7.57
ATOM,3431.0,HG23,THR,225,48.651,67.214,34.395,0.09,1.32,0.92
ATOM,3432.0,HG1,THR,225,45.488,65.356,33.444,0.43,0.2245,0.0
ATOM,3433.0,N,SER,226,47.039,69.86,32.743,-0.47,1.85,0.22
ATOM,3434.0,CA,SER,226,47.872,70.957,32.266,0.07,2.275,0.34
ATOM,3435.0,C,SER,226,47.817,72.199,33.151,0.51,2.0,0.25
ATOM,3436.0,O,SER,226,48.787,72.956,33.234,-0.51,1.7,0.13
ATOM,3437.0,CB,SER,226,47.613,71.311,30.805,0.05,2.175,19.89
ATOM,3438.0,OG,SER,226,46.197,71.368,30.545,-0.66,1.77,12.22
ATOM,3439.0,H,SER,226,46.185,69.532,32.274,0.31,0.2245,1.75
ATOM,3440.0,HA,SER,226,48.836,70.633,32.249,0.09,1.32,1.68
ATOM,3441.0,HB2,SER,226,48.003,72.2,30.608,0.09,1.32,6.44
ATOM,3442.0,HB3,SER,226,48.009,70.613,30.223,0.09,1.32,11.49
ATOM,3443.0,HG,SER,226,45.995,72.207,30.05,0.43,0.2245,23.31
ATOM,3444.0,N,SER,227,46.64,72.429,33.744,-0.47,1.85,0.4
ATOM,3445.0,CA,SER,227,46.449,73.506,34.705,0.07,2.275,1.05
ATOM,3446.0,C,SER,227,47.195,73.206,35.997,0.51,2.0,0.0
ATOM,3447.0,O,SER,227,47.98,74.012,36.503,-0.51,1.7,0.0
ATOM,3448.0,CB,SER,227,44.998,73.7,35.027,0.05,2.175,0.03
ATOM,3449.0,OG,SER,227,44.301,73.786,33.802,-0.66,1.77,19.38
ATOM,3450.0,H,SER,227,45.882,71.774,33.458,0.31,0.2245,0.0
ATOM,3451.0,HA,SER,227,46.835,74.348,34.313,0.09,1.32,0.25
ATOM,3452.0,HB2,SER,227,44.663,72.924,35.533,0.09,1.32,0.0
ATOM,3453.0,HB3,SER,227,44.878,74.543,35.524,0.09,1.32,0.0
ATOM,3454.0,HG,SER,227,44.095,72.866,33.468,0.43,0.2245,0.62
ATOM,3455.0,N,ILE,228,47.016,72.009,36.535,-0.47,1.85,0.0
ATOM,3456.0,CA,ILE,228,47.726,71.692,37.753,0.07,2.275,0.0
ATOM,3457.0,C,ILE,228,49.231,71.721,37.517,0.51,2.0,0.0
ATOM,3458.0,O,ILE,228,49.994,71.988,38.424,-0.51,1.7,0.0
ATOM,3459.0,CB,ILE,228,47.204,70.454,38.507,-0.09,2.275,0.0
ATOM,3460.0,CG1,ILE,228,45.753,70.638,38.96,-0.18,2.175,0.0
ATOM,3461.0,CG2,ILE,228,48.054,70.175,39.732,-0.27,2.06,0.0
ATOM,3462.0,CD1,ILE,228,45.543,71.87,39.877,-0.27,2.06,0.0
ATOM,3463.0,H,ILE,228,46.379,71.383,36.045,0.31,0.2245,0.0
ATOM,3464.0,HA,ILE,228,47.527,72.431,38.404,0.09,1.32,0.0
ATOM,3465.0,HB,ILE,228,47.235,69.677,37.88,0.09,1.32,0.03
ATOM,3466.0,HG12,ILE,228,45.175,70.747,38.16,0.09,1.32,0.0
ATOM,3467.0,HG13,ILE,228,45.47,69.83,39.466,0.09,1.32,0.0
ATOM,3468.0,HG21,ILE,228,47.73,69.345,40.184,0.09,1.32,0.0
ATOM,3469.0,HG22,ILE,228,49.007,70.051,39.459,0.09,1.32,0.0
ATOM,3470.0,HG23,ILE,228,47.99,70.944,40.368,0.09,1.32,0.0
ATOM,3471.0,HD11,ILE,228,45.814,72.683,39.375,0.09,1.32,0.0
ATOM,3472.0,HD12,ILE,228,44.582,71.916,40.124,0.09,1.32,0.0
ATOM,3473.0,HD13,ILE,228,46.106,71.756,40.687,0.09,1.32,0.0
ATOM,3474.0,N,GLU,229,49.64,71.456,36.283,-0.47,1.85,0.0
ATOM,3475.0,CA,GLU,229,51.055,71.493,35.888,0.07,2.275,1.25
ATOM,3476.0,C,GLU,229,51.532,72.909,36.052,0.51,2.0,0.0
ATOM,3477.0,O,GLU,229,52.54,73.199,36.663,-0.51,1.7,2.74
ATOM,3478.0,CB,GLU,229,51.278,71.101,34.396,-0.18,2.175,4.63
ATOM,3479.0,CG,GLU,229,52.466,71.859,33.695,-0.28,2.175,17.87
ATOM,3480.0,CD,GLU,229,52.099,72.764,32.501,0.62,2.0,3.06
ATOM,3481.0,OE1,GLU,229,51.21,72.47,31.676,-0.76,1.7,18.82
ATOM,3482.0,OE2,GLU,229,52.857,73.886,32.451,-0.76,1.7,28.03
ATOM,3483.0,H,GLU,229,48.875,71.218,35.613,0.31,0.2245,0.0
ATOM,3484.0,HA,GLU,229,51.577,70.881,36.473,0.09,1.32,2.13
ATOM,3485.0,HB2,GLU,229,51.495,70.148,34.365,0.09,1.32,7.69
ATOM,3486.0,HB3,GLU,229,50.467,71.329,33.901,0.09,1.32,0.0
ATOM,3487.0,HG2,GLU,229,52.893,72.43,34.383,0.09,1.32,0.16
ATOM,3488.0,HG3,GLU,229,53.098,71.171,33.365,0.09,1.32,11.3
ATOM,3489.0,N,LYS,230,50.807,73.813,35.499,-0.47,1.85,0.0
ATOM,3490.0,CA,LYS,230,51.227,75.139,35.684,0.07,2.275,0.75
ATOM,3491.0,C,LYS,230,51.257,75.446,37.167,0.51,2.0,0.0
ATOM,3492.0,O,LYS,230,52.317,75.77,37.698,-0.51,1.7,1.88
ATOM,3493.0,CB,LYS,230,50.375,76.106,34.917,-0.18,2.175,1.49
ATOM,3494.0,CG,LYS,230,50.812,76.202,33.477,-0.18,2.175,2.28
ATOM,3495.0,CD,LYS,230,49.784,76.956,32.645,-0.18,2.175,9.34
ATOM,3496.0,CE,LYS,230,49.579,78.416,33.034,0.21,2.175,5.45
ATOM,3497.0,NZ,LYS,230,48.46,79.087,32.303,-0.3,1.85,8.19
ATOM,3498.0,H,LYS,230,49.991,73.507,34.974,0.31,0.2245,0.0
ATOM,3499.0,HA,LYS,230,52.157,75.266,35.319,0.09,1.32,1.48
ATOM,3500.0,HB2,LYS,230,49.434,75.794,34.938,0.09,1.32,0.0
ATOM,3501.0,HB3,LYS,230,50.457,77.005,35.33,0.09,1.32,0.09
ATOM,3502.0,HG2,LYS,230,51.683,76.689,33.426,0.09,1.32,9.46
ATOM,3503.0,HG3,LYS,230,50.918,75.284,33.099,0.09,1.32,0.0
ATOM,3504.0,HD2,LYS,230,50.069,76.925,31.676,0.09,1.32,11.07
ATOM,3505.0,HD3,LYS,230,48.896,76.482,32.723,0.09,1.32,2.39
ATOM,3506.0,HE2,LYS,230,49.396,78.465,34.027,0.05,1.32,0.0
ATOM,3507.0,HE3,LYS,230,50.436,78.923,32.856,0.05,1.32,11.39
ATOM,3508.0,HZ1,LYS,230,48.521,78.862,31.332,0.33,0.2245,17.05
ATOM,3509.0,HZ2,LYS,230,47.589,78.765,32.67,0.33,0.2245,4.03
ATOM,3510.0,HZ3,LYS,230,48.534,80.075,32.426,0.33,0.2245,4.83
ATOM,3511.0,N,LEU,231,50.105,75.284,37.863,-0.47,1.85,0.0
ATOM,3512.0,CA,LEU,231,49.96,75.602,39.299,0.07,2.275,0.0
ATOM,3513.0,C,LEU,231,51.123,75.046,40.087,0.51,2.0,0.0
ATOM,3514.0,O,LEU,231,51.902,75.692,40.797,-0.51,1.7,0.0
ATOM,3515.0,CB,LEU,231,48.639,75.007,39.824,-0.18,2.175,0.0
ATOM,3516.0,CG,LEU,231,48.172,75.348,41.25,-0.09,2.275,0.0
ATOM,3517.0,CD1,LEU,231,47.049,76.386,41.198,-0.27,2.06,0.15
ATOM,3518.0,CD2,LEU,231,47.467,74.126,41.821,-0.27,2.06,0.0
ATOM,3519.0,H,LEU,231,49.317,74.909,37.285,0.31,0.2245,0.0
ATOM,3520.0,HA,LEU,231,49.947,76.602,39.395,0.09,1.32,0.0
ATOM,3521.0,HB2,LEU,231,47.906,75.3,39.196,0.09,1.32,0.0
ATOM,3522.0,HB3,LEU,231,48.717,74.004,39.771,0.09,1.32,0.0
ATOM,3523.0,HG,LEU,231,48.941,75.719,41.761,0.09,1.32,0.0
ATOM,3524.0,HD11,LEU,231,46.28,76.015,40.679,0.09,1.32,0.0
ATOM,3525.0,HD12,LEU,231,46.754,76.6,42.128,0.09,1.32,0.0
ATOM,3526.0,HD13,LEU,231,47.386,77.215,40.754,0.09,1.32,0.0
ATOM,3527.0,HD21,LEU,231,48.102,73.353,41.842,0.09,1.32,0.0
ATOM,3528.0,HD22,LEU,231,47.154,74.324,42.75,0.09,1.32,0.0
ATOM,3529.0,HD23,LEU,231,46.681,73.895,41.247,0.09,1.32,0.0
ATOM,3530.0,N,MET,232,51.311,73.789,39.925,-0.47,1.85,0.0
ATOM,3531.0,CA,MET,232,52.368,73.206,40.704,0.07,2.275,0.0
ATOM,3532.0,C,MET,232,53.721,73.885,40.51,0.51,2.0,0.0
ATOM,3533.0,O,MET,232,54.499,74.029,41.449,-0.51,1.7,0.0
ATOM,3534.0,CB,MET,232,52.367,71.662,40.599,-0.18,2.175,2.27
ATOM,3535.0,CG,MET,232,51.068,71.083,41.135,-0.14,2.175,0.0
ATOM,3536.0,SD,MET,232,50.973,71.313,42.928,-0.09,2.0,0.0
ATOM,3537.0,CE,MET,232,49.656,72.517,43.052,-0.22,2.06,0.0
ATOM,3538.0,H,MET,232,50.72,73.291,39.274,0.31,0.2245,0.0
ATOM,3539.0,HA,MET,232,52.125,73.287,41.691,0.09,1.32,0.0
ATOM,3540.0,HB2,MET,232,52.465,71.407,39.644,0.09,1.32,0.89
ATOM,3541.0,HB3,MET,232,53.125,71.306,41.134,0.09,1.32,0.0
ATOM,3542.0,HG2,MET,232,50.289,71.54,40.675,0.09,1.32,0.0
ATOM,3543.0,HG3,MET,232,51.023,70.099,40.899,0.09,1.32,0.0
ATOM,3544.0,HE1,MET,232,49.883,73.323,42.502,0.09,1.32,0.0
ATOM,3545.0,HE2,MET,232,48.801,72.118,42.716,0.09,1.32,0.0
ATOM,3546.0,HE3,MET,232,49.539,72.791,44.008,0.09,1.32,0.0
ATOM,3547.0,N,GLU,233,53.994,74.309,39.289,-0.47,1.85,0.92
ATOM,3548.0,CA,GLU,233,55.237,74.962,39.057,0.07,2.275,1.25
ATOM,3549.0,C,GLU,233,55.282,76.277,39.737,0.51,2.0,0.0
ATOM,3550.0,O,GLU,233,56.243,76.646,40.327,-0.51,1.7,3.18
ATOM,3551.0,CB,GLU,233,55.561,75.128,37.596,-0.18,2.175,8.36
ATOM,3552.0,CG,GLU,233,57.058,74.828,37.425,-0.28,2.175,21.67
ATOM,3553.0,CD,GLU,233,57.974,75.642,38.331,0.62,2.0,2.81
ATOM,3554.0,OE1,GLU,233,58.268,75.335,39.525,-0.76,1.7,19.51
ATOM,3555.0,OE2,GLU,233,58.486,76.688,37.672,-0.76,1.7,43.72
ATOM,3556.0,H,GLU,233,53.272,74.131,38.583,0.31,0.2245,0.0
ATOM,3557.0,HA,GLU,233,56.0,74.377,39.385,0.09,1.32,0.96
ATOM,3558.0,HB2,GLU,233,55.081,74.468,37.094,0.09,1.32,0.73
ATOM,3559.0,HB3,GLU,233,55.426,76.043,37.348,0.09,1.32,5.42
ATOM,3560.0,HG2,GLU,233,57.202,73.874,37.636,0.09,1.32,10.1
ATOM,3561.0,HG3,GLU,233,57.305,75.033,36.491,0.09,1.32,9.84
ATOM,3562.0,N,ALA,234,54.226,76.995,39.7,-0.47,1.85,0.91
ATOM,3563.0,CA,ALA,234,54.263,78.206,40.425,0.07,2.275,3.5
ATOM,3564.0,C,ALA,234,54.603,77.912,41.865,0.51,2.0,0.0
ATOM,3565.0,O,ALA,234,55.544,78.502,42.358,-0.51,1.7,24.15
ATOM,3566.0,CB,ALA,234,52.972,78.998,40.309,-0.27,2.06,5.41
ATOM,3567.0,H,ALA,234,53.436,76.651,39.156,0.31,0.2245,0.0
ATOM,3568.0,HA,ALA,234,54.976,78.81,40.048,0.09,1.32,9.7
ATOM,3569.0,HB1,ALA,234,52.441,78.9,41.151,0.09,1.32,0.0
ATOM,3570.0,HB2,ALA,234,53.183,79.964,40.162,0.09,1.32,7.19
ATOM,3571.0,HB3,ALA,234,52.436,78.655,39.537,0.09,1.32,0.0
ATOM,3572.0,N,LEU,235,53.9,76.993,42.572,-0.47,1.85,0.0
ATOM,3573.0,CA,LEU,235,54.258,76.686,43.979,0.07,2.275,0.71
ATOM,3574.0,C,LEU,235,55.564,75.917,44.164,0.51,2.0,1.28
ATOM,3575.0,O,LEU,235,55.991,75.576,45.277,-0.51,1.7,2.92
ATOM,3576.0,CB,LEU,235,53.162,75.875,44.659,-0.18,2.175,0.0
ATOM,3577.0,CG,LEU,235,51.823,76.449,44.326,-0.09,2.275,0.0
ATOM,3578.0,CD1,LEU,235,50.742,75.513,44.822,-0.27,2.06,0.0
ATOM,3579.0,CD2,LEU,235,51.746,77.796,45.004,-0.27,2.06,0.0
ATOM,3580.0,H,LEU,235,53.13,76.548,42.067,0.31,0.2245,0.0
ATOM,3581.0,HA,LEU,235,54.332,77.573,44.479,0.09,1.32,1.67
ATOM,3582.0,HB2,LEU,235,53.205,74.965,44.312,0.09,1.32,0.0
ATOM,3583.0,HB3,LEU,235,53.297,75.937,45.621,0.09,1.32,0.0
ATOM,3584.0,HG,LEU,235,51.736,76.555,43.337,0.09,1.32,0.0
ATOM,3585.0,HD11,LEU,235,50.82,75.402,45.814,0.09,1.32,0.0
ATOM,3586.0,HD12,LEU,235,49.84,75.891,44.603,0.09,1.32,0.0
ATOM,3587.0,HD13,LEU,235,50.84,74.619,44.382,0.09,1.32,0.0
ATOM,3588.0,HD21,LEU,235,52.479,78.39,44.665,0.09,1.32,0.0
ATOM,3589.0,HD22,LEU,235,50.861,78.225,44.81,0.09,1.32,0.0
ATOM,3590.0,HD23,LEU,235,51.846,77.684,45.995,0.09,1.32,0.0
ATOM,3591.0,N,GLY,236,56.23,75.577,43.106,-0.47,1.85,0.0
ATOM,3592.0,CA,GLY,236,57.46,74.831,43.308,-0.02,2.175,14.99
ATOM,3593.0,C,GLY,236,57.229,73.499,44.014,0.51,2.0,0.51
ATOM,3594.0,O,GLY,236,58.057,73.032,44.767,-0.51,1.7,14.67
ATOM,3595.0,H,GLY,236,55.859,75.848,42.203,0.31,0.2245,0.0
ATOM,3596.0,HA2,GLY,236,57.901,74.657,42.411,0.09,1.32,1.85
ATOM,3597.0,HA3,GLY,236,58.107,75.387,43.856,0.09,1.32,9.39
ATOM,3598.0,N,ALA,237,56.081,72.885,43.73,-0.47,1.85,0.0
ATOM,3599.0,CA,ALA,237,55.678,71.595,44.247,0.07,2.275,0.0
ATOM,3600.0,C,ALA,237,56.252,70.493,43.399,0.51,2.0,0.22
ATOM,3601.0,O,ALA,237,56.465,70.65,42.233,-0.51,1.7,16.2
ATOM,3602.0,CB,ALA,237,54.167,71.517,44.218,-0.27,2.06,0.0
ATOM,3603.0,H,ALA,237,55.467,73.447,43.067,0.31,0.2245,0.0
ATOM,3604.0,HA,ALA,237,56.026,71.498,45.188,0.09,1.32,0.0
ATOM,3605.0,HB1,ALA,237,53.793,72.345,43.797,0.09,1.32,0.0
ATOM,3606.0,HB2,ALA,237,53.879,70.719,43.686,0.09,1.32,0.0
ATOM,3607.0,HB3,ALA,237,53.814,71.435,45.151,0.09,1.32,0.0
ATOM,3608.0,N,LYS,238,56.401,69.348,43.997,-0.47,1.85,0.0
ATOM,3609.0,CA,LYS,238,57.053,68.212,43.425,0.07,2.275,0.7
ATOM,3610.0,C,LYS,238,56.102,67.06,43.398,0.51,2.0,0.0
ATOM,3611.0,O,LYS,238,55.608,66.592,44.424,-0.51,1.7,0.0
ATOM,3612.0,CB,LYS,238,58.176,67.903,44.41,-0.18,2.175,1.64
ATOM,3613.0,CG,LYS,238,59.403,67.114,43.963,-0.18,2.175,6.87
ATOM,3614.0,CD,LYS,238,60.478,67.182,45.09,-0.18,2.175,6.61
ATOM,3615.0,CE,LYS,238,61.574,66.106,45.123,0.21,2.175,14.55
ATOM,3616.0,NZ,LYS,238,62.363,66.009,43.875,-0.3,1.85,12.7
ATOM,3617.0,H,LYS,238,55.984,69.326,44.98,0.31,0.2245,0.0
ATOM,3618.0,HA,LYS,238,57.334,68.429,42.482,0.09,1.32,3.41
ATOM,3619.0,HB2,LYS,238,58.508,68.796,44.794,0.09,1.32,2.93
ATOM,3620.0,HB3,LYS,238,57.762,67.403,45.207,0.09,1.32,0.0
ATOM,3621.0,HG2,LYS,238,59.16,66.17,43.828,0.09,1.32,3.07
ATOM,3622.0,HG3,LYS,238,59.783,67.52,43.151,0.09,1.32,8.05
ATOM,3623.0,HD2,LYS,238,60.93,68.094,45.028,0.09,1.32,11.48
ATOM,3624.0,HD3,LYS,238,59.988,67.164,45.984,0.09,1.32,0.0
ATOM,3625.0,HE2,LYS,238,62.193,66.31,45.898,0.05,1.32,11.0
ATOM,3626.0,HE3,LYS,238,61.135,65.214,45.313,0.05,1.32,10.67
ATOM,3627.0,HZ1,LYS,238,63.297,65.719,44.09,0.33,0.2245,20.4
ATOM,3628.0,HZ2,LYS,238,61.941,65.34,43.262,0.33,0.2245,17.12
ATOM,3629.0,HZ3,LYS,238,62.389,66.902,43.424,0.33,0.2245,14.2
ATOM,3630.0,N,LYS,239,55.929,66.541,42.207,-0.47,1.85,0.44
ATOM,3631.0,CA,LYS,239,55.04,65.426,41.904,0.07,2.275,0.0
ATOM,3632.0,C,LYS,239,55.435,64.068,42.443,0.51,2.0,0.0
ATOM,3633.0,O,LYS,239,56.336,63.433,41.924,-0.51,1.7,20.62
ATOM,3634.0,CB,LYS,239,54.753,65.39,40.419,-0.18,2.175,6.6
ATOM,3635.0,CG,LYS,239,54.457,63.977,39.962,-0.18,2.175,6.45
ATOM,3636.0,CD,LYS,239,53.009,63.57,40.094,-0.18,2.175,2.62
ATOM,3637.0,CE,LYS,239,52.674,62.509,39.052,0.21,2.175,11.7
ATOM,3638.0,NZ,LYS,239,53.361,62.717,37.752,-0.3,1.85,12.94
ATOM,3639.0,H,LYS,239,56.508,67.012,41.448,0.31,0.2245,7.58
ATOM,3640.0,HA,LYS,239,54.099,65.659,42.265,0.09,1.32,0.0
ATOM,3641.0,HB2,LYS,239,53.962,65.95,40.235,0.09,1.32,0.0
ATOM,3642.0,HB3,LYS,239,55.549,65.716,39.934,0.09,1.32,8.29
ATOM,3643.0,HG2,LYS,239,54.734,63.884,38.99,0.09,1.32,2.96
ATOM,3644.0,HG3,LYS,239,55.027,63.333,40.5,0.09,1.32,0.49
ATOM,3645.0,HD2,LYS,239,52.857,63.185,40.992,0.09,1.32,0.0
ATOM,3646.0,HD3,LYS,239,52.431,64.356,39.936,0.09,1.32,0.14
ATOM,3647.0,HE2,LYS,239,52.93,61.603,39.421,0.05,1.32,3.3
ATOM,3648.0,HE3,LYS,239,51.674,62.509,38.902,0.05,1.32,11.66
ATOM,3649.0,HZ1,LYS,239,53.237,63.665,37.457,0.33,0.2245,12.66
ATOM,3650.0,HZ2,LYS,239,54.337,62.525,37.856,0.33,0.2245,13.11
ATOM,3651.0,HZ3,LYS,239,52.972,62.101,37.067,0.33,0.2245,20.83
ATOM,3652.0,N,ARG,240,54.792,63.614,43.514,-0.47,1.85,0.0
ATOM,3653.0,CA,ARG,240,55.061,62.289,43.987,0.07,2.275,1.91
ATOM,3654.0,C,ARG,240,54.068,61.409,43.238,0.51,2.0,1.42
ATOM,3655.0,O,ARG,240,53.458,61.888,42.253,-0.51,1.7,0.26
ATOM,3656.0,CB,ARG,240,54.851,62.066,45.45,-0.18,2.175,0.17
ATOM,3657.0,CG,ARG,240,55.883,62.702,46.324,-0.18,2.175,0.78
ATOM,3658.0,CD,ARG,240,56.442,61.708,47.349,0.2,2.175,14.95
ATOM,3659.0,NE,ARG,240,55.915,61.679,48.749,-0.7,1.85,4.18
ATOM,3660.0,CZ,ARG,240,54.685,61.875,49.214,0.64,2.0,2.01
ATOM,3661.0,NH1,ARG,240,53.679,62.282,48.447,-0.8,1.85,5.04
ATOM,3662.0,NH2,ARG,240,54.463,61.696,50.504,-0.8,1.85,18.45
ATOM,3663.0,H,ARG,240,54.125,64.271,43.939,0.31,0.2245,0.0
ATOM,3664.0,HA,ARG,240,55.973,62.019,43.732,0.09,1.32,5.86
ATOM,3665.0,HB2,ARG,240,53.954,62.437,45.705,0.09,1.32,0.0
ATOM,3666.0,HB3,ARG,240,54.857,61.079,45.628,0.09,1.32,0.53
ATOM,3667.0,HG2,ARG,240,56.65,63.028,45.775,0.09,1.32,4.49
ATOM,3668.0,HG3,ARG,240,55.485,63.463,46.833,0.09,1.32,0.0
ATOM,3669.0,HD2,ARG,240,56.333,60.763,46.956,0.09,1.32,7.99
ATOM,3670.0,HD3,ARG,240,57.459,61.859,47.402,0.09,1.32,7.5
ATOM,3671.0,HE,ARG,240,56.64,61.469,49.476,0.44,0.2245,8.63
ATOM,3672.0,HH11,ARG,240,53.846,62.431,47.468,0.46,0.2245,0.0
ATOM,3673.0,HH12,ARG,240,52.778,62.435,48.834,0.46,0.2245,1.32
ATOM,3674.0,HH21,ARG,240,55.194,61.401,51.118,0.46,0.2245,16.46
ATOM,3675.0,HH22,ARG,240,53.543,61.857,50.881,0.46,0.2245,11.3
ATOM,3676.0,N,LEU,242,53.88,60.14,43.668,-0.47,1.85,3.78
ATOM,3677.0,CA,LEU,242,53.047,59.197,42.885,0.07,2.275,2.05
ATOM,3678.0,C,LEU,242,51.743,59.799,42.456,0.51,2.0,0.0
ATOM,3679.0,O,LEU,242,51.527,60.15,41.292,-0.51,1.7,7.68
ATOM,3680.0,CB,LEU,242,52.892,57.766,43.47,-0.18,2.175,8.27
ATOM,3681.0,CG,LEU,242,52.096,56.753,42.61,-0.09,2.275,0.0
ATOM,3682.0,CD1,LEU,242,52.964,56.195,41.487,-0.27,2.06,35.25
ATOM,3683.0,CD2,LEU,242,51.576,55.592,43.477,-0.27,2.06,22.45
ATOM,3684.0,H,LEU,242,54.346,59.901,44.546,0.31,0.2245,4.65
ATOM,3685.0,HA,LEU,242,53.579,58.931,42.064,0.09,1.32,4.55
ATOM,3686.0,HB2,LEU,242,53.804,57.393,43.595,0.09,1.32,8.56
ATOM,3687.0,HB3,LEU,242,52.423,57.847,44.34,0.09,1.32,3.99
ATOM,3688.0,HG,LEU,242,51.304,57.221,42.221,0.09,1.32,0.0
ATOM,3689.0,HD11,LEU,242,53.758,55.731,41.879,0.09,1.32,9.63
ATOM,3690.0,HD12,LEU,242,52.431,55.545,40.946,0.09,1.32,9.48
ATOM,3691.0,HD13,LEU,242,53.271,56.944,40.901,0.09,1.32,6.51
ATOM,3692.0,HD21,LEU,242,50.977,55.958,44.187,0.09,1.32,0.48
ATOM,3693.0,HD22,LEU,242,51.068,54.956,42.899,0.09,1.32,3.75
ATOM,3694.0,HD23,LEU,242,52.352,55.125,43.895,0.09,1.32,9.64
ATOM,3695.0,N,PHE,243,50.912,59.991,43.463,-0.47,1.85,0.0
ATOM,3696.0,CA,PHE,243,49.579,60.473,43.271,0.07,2.275,2.27
ATOM,3697.0,C,PHE,243,49.365,61.878,43.836,0.51,2.0,2.34
ATOM,3698.0,O,PHE,243,48.238,62.306,44.062,-0.51,1.7,7.34
ATOM,3699.0,CB,PHE,243,48.71,59.472,44.091,-0.18,2.175,12.52
ATOM,3700.0,CG,PHE,243,48.547,58.101,43.452,0.0,1.9924,0.59
ATOM,3701.0,CD1,PHE,243,48.305,57.984,42.078,-0.115,1.9924,10.37
ATOM,3702.0,CD2,PHE,243,48.67,56.93,44.204,-0.115,1.9924,9.39
ATOM,3703.0,CE1,PHE,243,48.176,56.735,41.47,-0.115,1.9924,14.26
ATOM,3704.0,CE2,PHE,243,48.527,55.67,43.614,-0.115,1.9924,6.43
ATOM,3705.0,CZ,PHE,243,48.257,55.579,42.247,-0.115,1.9924,11.32
ATOM,3706.0,H,PHE,243,51.316,59.76,44.403,0.31,0.2245,1.54
ATOM,3707.0,HA,PHE,243,49.418,60.544,42.27,0.09,1.32,3.73
ATOM,3708.0,HB2,PHE,243,49.149,59.35,44.967,0.09,1.32,5.4
ATOM,3709.0,HB3,PHE,243,47.812,59.872,44.188,0.09,1.32,7.04
ATOM,3710.0,HD1,PHE,243,48.224,58.807,41.522,0.115,1.3582,9.29
ATOM,3711.0,HD2,PHE,243,48.865,56.993,45.184,0.115,1.3582,13.29
ATOM,3712.0,HE1,PHE,243,48.025,56.676,40.481,0.115,1.3582,17.81
ATOM,3713.0,HE2,PHE,243,48.618,54.84,44.176,0.115,1.3582,12.06
ATOM,3714.0,HZ,PHE,243,48.122,54.686,41.821,0.115,1.3582,17.9
ATOM,3715.0,N,ASP,244,50.401,62.576,44.208,-0.47,1.85,0.03
ATOM,3716.0,CA,ASP,244,50.143,63.836,44.85,0.07,2.275,0.7
ATOM,3717.0,C,ASP,244,51.257,64.759,44.568,0.51,2.0,0.0
ATOM,3718.0,O,ASP,244,52.28,64.337,44.033,-0.51,1.7,0.0
ATOM,3719.0,CB,ASP,244,50.099,63.666,46.382,-0.28,2.175,2.42
ATOM,3720.0,CG,ASP,244,51.381,63.029,46.944,0.62,2.0,2.58
ATOM,3721.0,OD1,ASP,244,52.084,62.218,46.285,-0.76,1.7,2.91
ATOM,3722.0,OD2,ASP,244,51.638,63.353,48.227,-0.76,1.7,3.87
ATOM,3723.0,H,ASP,244,51.319,62.187,44.021,0.31,0.2245,0.0
ATOM,3724.0,HA,ASP,244,49.309,64.217,44.432,0.09,1.32,0.0
ATOM,3725.0,HB2,ASP,244,49.991,64.562,46.787,0.09,1.32,0.0
ATOM,3726.0,HB3,ASP,244,49.334,63.08,46.604,0.09,1.32,5.42
ATOM,3727.0,N,TYR,245,51.056,65.992,45.009,-0.47,1.85,0.0
ATOM,3728.0,CA,TYR,245,52.053,67.02,44.919,0.07,2.275,0.0
ATOM,3729.0,C,TYR,245,52.542,67.314,46.347,0.51,2.0,0.0
ATOM,3730.0,O,TYR,245,51.834,67.075,47.29,-0.51,1.7,0.0
ATOM,3731.0,CB,TYR,245,51.496,68.202,44.152,-0.18,2.175,0.0
ATOM,3732.0,CG,TYR,245,51.534,68.026,42.64,0.0,1.9924,0.0
ATOM,3733.0,CD1,TYR,245,52.669,68.374,41.906,-0.115,1.9924,0.0
ATOM,3734.0,CD2,TYR,245,50.411,67.6,41.929,-0.115,1.9924,0.69
ATOM,3735.0,CE1,TYR,245,52.693,68.312,40.517,-0.115,1.9924,0.0
ATOM,3736.0,CE2,TYR,245,50.416,67.506,40.54,-0.115,1.9924,3.98
ATOM,3737.0,CZ,TYR,245,51.565,67.845,39.835,0.11,1.9924,0.0
ATOM,3738.0,OH,TYR,245,51.574,67.793,38.456,-0.54,1.77,17.64
ATOM,3739.0,H,TYR,245,50.104,66.144,45.428,0.31,0.2245,0.0
ATOM,3740.0,HA,TYR,245,52.831,66.682,44.399,0.09,1.32,0.0
ATOM,3741.0,HB2,TYR,245,50.545,68.339,44.418,0.09,1.32,0.0
ATOM,3742.0,HB3,TYR,245,52.032,69.012,44.376,0.09,1.32,0.0
ATOM,3743.0,HD1,TYR,245,53.494,68.679,42.395,0.115,1.3582,0.0
ATOM,3744.0,HD2,TYR,245,49.58,67.354,42.431,0.115,1.3582,0.0
ATOM,3745.0,HE1,TYR,245,53.502,68.595,40.01,0.115,1.3582,7.75
ATOM,3746.0,HE2,TYR,245,49.602,67.198,40.054,0.115,1.3582,0.97
ATOM,3747.0,HH,TYR,245,51.188,68.639,38.096,0.43,0.2245,0.36
ATOM,3748.0,N,VAL,246,53.798,67.607,46.536,-0.47,1.85,0.0
ATOM,3749.0,CA,VAL,246,54.316,67.793,47.847,0.07,2.275,0.0
ATOM,3750.0,C,VAL,246,55.23,68.985,47.761,0.51,2.0,0.0
ATOM,3751.0,O,VAL,246,55.503,69.489,46.663,-0.51,1.7,0.0
ATOM,3752.0,CB,VAL,246,55.029,66.572,48.452,-0.09,2.275,0.0
ATOM,3753.0,CG1,VAL,246,54.106,65.356,48.671,-0.27,2.06,0.0
ATOM,3754.0,CG2,VAL,246,56.235,66.195,47.584,-0.27,2.06,0.24
ATOM,3755.0,H,VAL,246,54.368,67.689,45.666,0.31,0.2245,0.0
ATOM,3756.0,HA,VAL,246,53.57,68.02,48.463,0.09,1.32,0.0
ATOM,3757.0,HB,VAL,246,55.373,66.833,49.361,0.09,1.32,0.0
ATOM,3758.0,HG11,VAL,246,53.168,65.676,48.778,0.09,1.32,0.0
ATOM,3759.0,HG12,VAL,246,54.171,64.753,47.88,0.09,1.32,0.0
ATOM,3760.0,HG13,VAL,246,54.397,64.872,49.492,0.09,1.32,0.0
ATOM,3761.0,HG21,VAL,246,56.222,66.747,46.753,0.09,1.32,0.0
ATOM,3762.0,HG22,VAL,246,57.072,66.372,48.098,0.09,1.32,0.0
ATOM,3763.0,HG23,VAL,246,56.177,65.227,47.35,0.09,1.32,0.0
ATOM,3764.0,N,VAL,247,55.654,69.453,48.942,-0.47,1.85,0.0
ATOM,3765.0,CA,VAL,247,56.489,70.637,49.122,0.07,2.275,0.01
ATOM,3766.0,C,VAL,247,57.3,70.433,50.415,0.51,2.0,0.0
ATOM,3767.0,O,VAL,247,56.861,69.647,51.27,-0.51,1.7,0.0
ATOM,3768.0,CB,VAL,247,55.577,71.874,49.138,-0.09,2.275,0.0
ATOM,3769.0,CG1,VAL,247,55.23,72.237,50.575,-0.27,2.06,0.0
ATOM,3770.0,CG2,VAL,247,56.186,73.025,48.39,-0.27,2.06,0.0
ATOM,3771.0,H,VAL,247,55.319,68.87,49.762,0.31,0.2245,0.0
ATOM,3772.0,HA,VAL,247,57.131,70.689,48.368,0.09,1.32,1.88
ATOM,3773.0,HB,VAL,247,54.727,71.631,48.687,0.09,1.32,0.0
ATOM,3774.0,HG11,VAL,247,54.92,71.419,51.06,0.09,1.32,0.0
ATOM,3775.0,HG12,VAL,247,56.039,72.608,51.03,0.09,1.32,0.0
ATOM,3776.0,HG13,VAL,247,54.502,72.922,50.58,0.09,1.32,0.0
ATOM,3777.0,HG21,VAL,247,55.773,73.886,48.696,0.09,1.32,0.0
ATOM,3778.0,HG22,VAL,247,57.174,73.056,48.56,0.09,1.32,0.0
ATOM,3779.0,HG23,VAL,247,56.025,72.914,47.406,0.09,1.32,0.0
ATOM,3780.0,N,LYS,248,58.516,71.006,50.52,-0.47,1.85,0.38
ATOM,3781.0,CA,LYS,248,59.278,70.817,51.745,0.07,2.275,0.0
ATOM,3782.0,C,LYS,248,58.457,71.417,52.881,0.51,2.0,0.0
ATOM,3783.0,O,LYS,248,58.045,72.565,52.832,-0.51,1.7,0.0
ATOM,3784.0,CB,LYS,248,60.602,71.551,51.7,-0.18,2.175,0.0
ATOM,3785.0,CG,LYS,248,61.697,70.855,50.936,-0.18,2.175,5.44
ATOM,3786.0,CD,LYS,248,62.536,71.926,50.233,-0.18,2.175,4.69
ATOM,3787.0,CE,LYS,248,64.018,72.019,50.645,0.21,2.175,13.76
ATOM,3788.0,NZ,LYS,248,64.952,71.187,49.819,-0.3,1.85,14.43
ATOM,3789.0,H,LYS,248,58.821,71.544,49.713,0.31,0.2245,0.65
ATOM,3790.0,HA,LYS,248,59.395,69.846,51.913,0.09,1.32,0.0
ATOM,3791.0,HB2,LYS,248,60.448,72.453,51.281,0.09,1.32,0.0
ATOM,3792.0,HB3,LYS,248,60.916,71.691,52.647,0.09,1.32,0.0
ATOM,3793.0,HG2,LYS,248,62.279,70.36,51.56,0.09,1.32,0.25
ATOM,3794.0,HG3,LYS,248,61.306,70.263,50.252,0.09,1.32,2.25
ATOM,3795.0,HD2,LYS,248,62.502,71.756,49.235,0.09,1.32,7.58
ATOM,3796.0,HD3,LYS,248,62.111,72.83,50.401,0.09,1.32,0.04
ATOM,3797.0,HE2,LYS,248,64.304,72.989,50.588,0.05,1.32,12.31
ATOM,3798.0,HE3,LYS,248,64.097,71.737,51.615,0.05,1.32,0.22
ATOM,3799.0,HZ1,LYS,248,64.852,70.229,50.079,0.33,0.2245,15.66
ATOM,3800.0,HZ2,LYS,248,64.724,71.301,48.854,0.33,0.2245,16.85
ATOM,3801.0,HZ3,LYS,248,65.889,71.488,49.984,0.33,0.2245,20.16
ATOM,3802.0,N,CYS,249,58.171,70.652,53.892,-0.47,1.85,0.0
ATOM,3803.0,CA,CYS,249,57.342,71.145,54.971,0.07,2.275,0.0
ATOM,3804.0,C,CYS,249,57.653,72.552,55.448,0.51,2.0,0.0
ATOM,3805.0,O,CYS,249,56.744,73.308,55.719,-0.51,1.7,0.0
ATOM,3806.0,CB,CYS,249,57.322,70.175,56.121,-0.1,2.175,0.0
ATOM,3807.0,SG,CYS,249,56.501,68.677,55.594,-0.08,1.975,1.88
ATOM,3808.0,H,CYS,249,58.569,69.696,53.866,0.31,0.2245,0.0
ATOM,3809.0,HA,CYS,249,56.365,71.132,54.653,0.09,1.32,0.0
ATOM,3810.0,HB2,CYS,249,58.242,69.954,56.368,0.09,1.32,0.0
ATOM,3811.0,HB3,CYS,249,56.81,70.565,56.858,0.09,1.32,0.0
ATOM,3812.0,N,ASN,250,58.931,72.893,55.54,-0.47,1.85,0.0
ATOM,3813.0,CA,ASN,250,59.324,74.202,55.99,0.07,2.275,0.31
ATOM,3814.0,C,ASN,250,58.899,75.304,55.017,0.51,2.0,0.0
ATOM,3815.0,O,ASN,250,58.511,76.379,55.455,-0.51,1.7,13.46
ATOM,3816.0,CB,ASN,250,60.784,74.265,56.37,-0.18,2.175,4.61
ATOM,3817.0,CG,ASN,250,61.608,74.303,55.131,0.55,2.0,0.0
ATOM,3818.0,OD1,ASN,250,62.223,75.301,54.789,-0.55,1.7,31.67
ATOM,3819.0,ND2,ASN,250,61.654,73.175,54.463,-0.62,1.85,0.0
ATOM,3820.0,H,ASN,250,59.6,72.147,55.264,0.31,0.2245,0.0
ATOM,3821.0,HA,ASN,250,58.841,74.386,56.861,0.09,1.32,0.61
ATOM,3822.0,HB2,ASN,250,60.94,75.088,56.891,0.09,1.32,10.12
ATOM,3823.0,HB3,ASN,250,61.011,73.456,56.888,0.09,1.32,0.0
ATOM,3824.0,HD22,ASN,250,61.166,72.359,54.764,0.3,0.2245,0.0
ATOM,3825.0,HD21,ASN,250,62.201,73.12,53.609,0.32,0.2245,0.39
ATOM,3826.0,N,GLU,251,58.916,75.015,53.708,-0.47,1.85,0.0
ATOM,3827.0,CA,GLU,251,58.465,75.917,52.646,0.07,2.275,1.02
ATOM,3828.0,C,GLU,251,56.962,76.175,52.847,0.51,2.0,0.0
ATOM,3829.0,O,GLU,251,56.376,77.185,52.428,-0.51,1.7,1.19
ATOM,3830.0,CB,GLU,251,58.557,75.123,51.315,-0.18,2.175,0.09
ATOM,3831.0,CG,GLU,251,59.685,75.37,50.26,-0.28,2.175,17.88
ATOM,3832.0,CD,GLU,251,59.311,74.639,48.94,0.62,2.0,4.55
ATOM,3833.0,OE1,GLU,251,58.416,75.322,48.209,-0.76,1.7,11.29
ATOM,3834.0,OE2,GLU,251,59.638,73.455,48.635,-0.76,1.7,8.48
ATOM,3835.0,H,GLU,251,59.295,74.049,53.502,0.31,0.2245,0.0
ATOM,3836.0,HA,GLU,251,58.957,76.778,52.699,0.09,1.32,6.76
ATOM,3837.0,HB2,GLU,251,58.61,74.138,51.559,0.09,1.32,0.0
ATOM,3838.0,HB3,GLU,251,57.678,75.259,50.825,0.09,1.32,0.0
ATOM,3839.0,HG2,GLU,251,59.713,76.31,50.072,0.09,1.32,9.19
ATOM,3840.0,HG3,GLU,251,60.493,74.973,50.591,0.09,1.32,1.08
ATOM,3841.0,N,GLY,252,56.285,75.184,53.43,-0.47,1.85,0.0
ATOM,3842.0,CA,GLY,252,54.831,75.242,53.584,-0.02,2.175,0.0
ATOM,3843.0,C,GLY,252,54.15,76.581,53.924,0.51,2.0,0.08
ATOM,3844.0,O,GLY,252,53.3,77.063,53.17,-0.51,1.7,0.01
ATOM,3845.0,H,GLY,252,56.865,74.391,53.755,0.31,0.2245,0.0
ATOM,3846.0,HA2,GLY,252,54.391,74.868,52.714,0.09,1.32,0.0
ATOM,3847.0,HA3,GLY,252,54.547,74.543,54.306,0.09,1.32,0.0
ATOM,3848.0,N,PRO,253,54.451,77.147,55.089,-0.29,1.85,0.0
ATOM,3849.0,CA,PRO,253,53.733,78.294,55.611,0.02,2.275,0.75
ATOM,3850.0,C,PRO,253,53.835,79.584,54.85,0.51,2.0,0.0
ATOM,3851.0,O,PRO,253,53.314,80.607,55.314,-0.51,1.7,20.27
ATOM,3852.0,CB,PRO,253,54.261,78.519,57.017,-0.18,2.175,14.33
ATOM,3853.0,CG,PRO,253,55.023,77.248,57.385,-0.18,2.175,5.16
ATOM,3854.0,CD,PRO,253,55.451,76.633,56.06,0.0,2.175,0.23
ATOM,3855.0,HA,PRO,253,52.733,78.043,55.761,0.09,1.32,6.85
ATOM,3856.0,HB2,PRO,253,54.881,79.311,57.054,0.09,1.32,4.81
ATOM,3857.0,HB3,PRO,253,53.512,78.67,57.671,0.09,1.32,12.09
ATOM,3858.0,HG2,PRO,253,55.818,77.477,57.946,0.09,1.32,9.52
ATOM,3859.0,HG3,PRO,253,54.425,76.627,57.891,0.09,1.32,0.46
ATOM,3860.0,HD2,PRO,253,56.37,76.929,55.804,0.09,1.32,0.05
ATOM,3861.0,HD3,PRO,253,55.42,75.634,56.098,0.09,1.32,0.0
ATOM,3862.0,N,THR,254,54.486,79.564,53.684,-0.47,1.85,0.0
ATOM,3863.0,CA,THR,254,54.68,80.795,52.931,0.07,2.275,1.63
ATOM,3864.0,C,THR,254,54.22,80.763,51.468,0.51,2.0,0.57
ATOM,3865.0,O,THR,254,54.411,81.754,50.732,-0.51,1.7,23.48
ATOM,3866.0,CB,THR,254,56.162,81.221,53.084,0.14,2.275,6.94
ATOM,3867.0,OG1,THR,254,57.045,80.089,53.022,-0.66,1.77,15.89
ATOM,3868.0,CG2,THR,254,56.339,81.947,54.435,-0.27,2.06,36.39
ATOM,3869.0,H,THR,254,54.821,78.64,53.383,0.31,0.2245,0.0
ATOM,3870.0,HA,THR,254,54.163,81.546,53.403,0.09,1.32,4.76
ATOM,3871.0,HB,THR,254,56.401,81.853,52.312,0.09,1.32,8.19
ATOM,3872.0,HG21,THR,254,55.447,82.05,54.872,0.09,1.32,2.18
ATOM,3873.0,HG22,THR,254,56.942,81.408,55.022,0.09,1.32,8.85
ATOM,3874.0,HG23,THR,254,56.742,82.847,54.275,0.09,1.32,11.72
ATOM,3875.0,HG1,THR,254,56.527,79.255,52.807,0.43,0.2245,0.0
ATOM,3876.0,N,LEU,255,53.688,79.584,51.061,-0.47,1.85,0.18
ATOM,3877.0,CA,LEU,255,53.202,79.29,49.751,0.07,2.275,0.4
ATOM,3878.0,C,LEU,255,52.209,80.393,49.517,0.51,2.0,0.0
ATOM,3879.0,O,LEU,255,51.676,80.89,50.49,-0.51,1.7,5.56
ATOM,3880.0,CB,LEU,255,52.51,77.916,49.86,-0.18,2.175,0.0
ATOM,3881.0,CG,LEU,255,53.127,76.726,49.083,-0.09,2.275,0.0
ATOM,3882.0,CD1,LEU,255,54.588,76.873,48.812,-0.27,2.06,6.06
ATOM,3883.0,CD2,LEU,255,52.984,75.456,49.888,-0.27,2.06,0.0
ATOM,3884.0,H,LEU,255,53.671,78.869,51.859,0.31,0.2245,0.0
ATOM,3885.0,HA,LEU,255,53.931,79.378,49.101,0.09,1.32,1.45
ATOM,3886.0,HB2,LEU,255,52.498,77.657,50.827,0.09,1.32,0.0
ATOM,3887.0,HB3,LEU,255,51.57,78.021,49.534,0.09,1.32,0.0
ATOM,3888.0,HG,LEU,255,52.618,76.631,48.21,0.09,1.32,0.0
ATOM,3889.0,HD11,LEU,255,55.097,76.95,49.676,0.09,1.32,0.0
ATOM,3890.0,HD12,LEU,255,54.931,76.074,48.307,0.09,1.32,0.0
ATOM,3891.0,HD13,LEU,255,54.76,77.698,48.263,0.09,1.32,2.59
ATOM,3892.0,HD21,LEU,255,52.014,75.268,50.058,0.09,1.32,0.0
ATOM,3893.0,HD22,LEU,255,53.384,74.687,49.384,0.09,1.32,0.0
ATOM,3894.0,HD23,LEU,255,53.458,75.555,50.766,0.09,1.32,0.0
ATOM,3895.0,N,PRO,256,51.985,80.83,48.278,-0.29,1.85,0.0
ATOM,3896.0,CA,PRO,256,51.117,81.962,48.045,0.02,2.275,0.76
ATOM,3897.0,C,PRO,256,49.67,81.55,48.025,0.51,2.0,0.0
ATOM,3898.0,O,PRO,256,49.391,80.352,47.854,-0.51,1.7,0.0
ATOM,3899.0,CB,PRO,256,51.498,82.477,46.662,-0.18,2.175,4.69
ATOM,3900.0,CG,PRO,256,52.129,81.292,45.939,-0.18,2.175,3.36
ATOM,3901.0,CD,PRO,256,52.555,80.313,47.018,0.0,2.175,2.0
ATOM,3902.0,HA,PRO,256,51.277,82.687,48.735,0.09,1.32,7.27
ATOM,3903.0,HB2,PRO,256,50.689,82.796,46.157,0.09,1.32,0.0
ATOM,3904.0,HB3,PRO,256,52.157,83.233,46.723,0.09,1.32,11.56
ATOM,3905.0,HG2,PRO,256,51.459,80.874,45.319,0.09,1.32,0.0
ATOM,3906.0,HG3,PRO,256,52.919,81.601,45.403,0.09,1.32,11.55
ATOM,3907.0,HD2,PRO,256,52.204,79.388,46.826,0.09,1.32,0.0
ATOM,3908.0,HD3,PRO,256,53.561,80.259,47.082,0.09,1.32,6.74
ATOM,3909.0,N,ASP,257,48.779,82.554,48.153,-0.47,1.85,0.0
ATOM,3910.0,CA,ASP,257,47.356,82.324,48.162,0.07,2.275,0.0
ATOM,3911.0,C,ASP,257,46.978,81.888,46.79,0.51,2.0,0.02
ATOM,3912.0,O,ASP,257,47.664,82.22,45.843,-0.51,1.7,0.3
ATOM,3913.0,CB,ASP,257,46.527,83.595,48.517,-0.28,2.175,2.3
ATOM,3914.0,CG,ASP,257,46.781,84.171,49.883,0.62,2.0,1.1
ATOM,3915.0,OD1,ASP,257,47.374,83.59,50.784,-0.76,1.7,12.63
ATOM,3916.0,OD2,ASP,257,46.359,85.394,49.992,-0.76,1.7,36.25
ATOM,3917.0,H,ASP,257,49.22,83.495,48.243,0.31,0.2245,5.5
ATOM,3918.0,HA,ASP,257,47.182,81.562,48.783,0.09,1.32,0.0
ATOM,3919.0,HB2,ASP,257,46.741,84.285,47.82,0.09,1.32,1.76
ATOM,3920.0,HB3,ASP,257,45.559,83.343,48.437,0.09,1.32,0.0
ATOM,3921.0,N,ILE,258,45.89,81.182,46.693,-0.47,1.85,0.0
ATOM,3922.0,CA,ILE,258,45.363,80.752,45.413,0.07,2.275,0.0
ATOM,3923.0,C,ILE,258,43.933,81.268,45.439,0.51,2.0,0.0
ATOM,3924.0,O,ILE,258,43.31,81.157,46.488,-0.51,1.7,0.0
ATOM,3925.0,CB,ILE,258,45.473,79.221,45.268,-0.09,2.275,0.05
ATOM,3926.0,CG1,ILE,258,46.937,78.799,45.221,-0.18,2.175,0.0
ATOM,3927.0,CG2,ILE,258,44.722,78.694,44.054,-0.27,2.06,0.09
ATOM,3928.0,CD1,ILE,258,47.181,77.315,45.44,-0.27,2.06,0.05
ATOM,3929.0,H,ILE,258,45.427,80.95,47.603,0.31,0.2245,0.0
ATOM,3930.0,HA,ILE,258,45.834,81.269,44.727,0.09,1.32,0.0
ATOM,3931.0,HB,ILE,258,45.056,78.808,46.07,0.09,1.32,0.0
ATOM,3932.0,HG12,ILE,258,47.316,79.058,44.329,0.09,1.32,0.0
ATOM,3933.0,HG13,ILE,258,47.436,79.309,45.928,0.09,1.32,0.0
ATOM,3934.0,HG21,ILE,258,44.77,77.697,44.039,0.09,1.32,0.02
ATOM,3935.0,HG22,ILE,258,43.766,78.98,44.103,0.09,1.32,0.0
ATOM,3936.0,HG23,ILE,258,45.136,79.058,43.221,0.09,1.32,0.0
ATOM,3937.0,HD11,ILE,258,46.707,76.797,44.731,0.09,1.32,0.0
ATOM,3938.0,HD12,ILE,258,48.161,77.133,45.392,0.09,1.32,0.0
ATOM,3939.0,HD13,ILE,258,46.833,77.055,46.338,0.09,1.32,0.0
ATOM,3940.0,N,SER,259,43.461,81.976,44.398,-0.47,1.85,0.13
ATOM,3941.0,CA,SER,259,42.107,82.512,44.445,0.07,2.275,0.0
ATOM,3942.0,C,SER,259,41.329,81.946,43.319,0.51,2.0,0.0
ATOM,3943.0,O,SER,259,41.88,81.662,42.266,-0.51,1.7,0.37
ATOM,3944.0,CB,SER,259,41.971,84.025,44.431,0.05,2.175,0.0
ATOM,3945.0,OG,SER,259,42.687,84.585,45.516,-0.66,1.77,7.04
ATOM,3946.0,H,SER,259,44.11,82.093,43.616,0.31,0.2245,0.0
ATOM,3947.0,HA,SER,259,41.693,82.216,45.31,0.09,1.32,0.0
ATOM,3948.0,HB2,SER,259,42.344,84.377,43.581,0.09,1.32,0.0
ATOM,3949.0,HB3,SER,259,41.012,84.265,44.519,0.09,1.32,0.0
ATOM,3950.0,HG,SER,259,42.092,84.636,46.318,0.43,0.2245,0.0
ATOM,3951.0,N,PHE,260,40.061,81.752,43.608,-0.47,1.85,0.0
ATOM,3952.0,CA,PHE,260,39.101,81.221,42.721,0.07,2.275,0.0
ATOM,3953.0,C,PHE,260,38.108,82.32,42.486,0.51,2.0,0.0
ATOM,3954.0,O,PHE,260,37.45,82.728,43.437,-0.51,1.7,0.0
ATOM,3955.0,CB,PHE,260,38.42,79.978,43.389,-0.18,2.175,0.0
ATOM,3956.0,CG,PHE,260,39.381,78.84,43.443,0.0,1.9924,0.0
ATOM,3957.0,CD1,PHE,260,39.633,78.012,42.352,-0.115,1.9924,0.0
ATOM,3958.0,CD2,PHE,260,40.049,78.581,44.633,-0.115,1.9924,0.0
ATOM,3959.0,CE1,PHE,260,40.551,76.963,42.443,-0.115,1.9924,0.0
ATOM,3960.0,CE2,PHE,260,41.038,77.598,44.716,-0.115,1.9924,0.0
ATOM,3961.0,CZ,PHE,260,41.297,76.796,43.61,-0.115,1.9924,0.0
ATOM,3962.0,H,PHE,260,39.821,82.045,44.611,0.31,0.2245,0.0
ATOM,3963.0,HA,PHE,260,39.549,81.047,41.849,0.09,1.32,0.0
ATOM,3964.0,HB2,PHE,260,38.182,80.239,44.293,0.09,1.32,0.0
ATOM,3965.0,HB3,PHE,260,37.666,79.734,42.828,0.09,1.32,0.0
ATOM,3966.0,HD1,PHE,260,39.156,78.165,41.492,0.115,1.3582,0.0
ATOM,3967.0,HD2,PHE,260,39.819,79.111,45.454,0.115,1.3582,0.0
ATOM,3968.0,HE1,PHE,260,40.667,76.336,41.669,0.115,1.3582,0.0
ATOM,3969.0,HE2,PHE,260,41.553,77.477,45.573,0.115,1.3582,0.06
ATOM,3970.0,HZ,PHE,260,42.013,76.103,43.645,0.115,1.3582,0.09
ATOM,3971.0,N,HIS,261,38.017,82.786,41.248,-0.47,1.85,0.14
ATOM,3972.0,CA,HIS,261,37.09,83.841,40.879,0.07,2.275,0.0
ATOM,3973.0,C,HIS,261,35.772,83.282,40.371,0.51,2.0,0.0
ATOM,3974.0,O,HIS,261,35.639,82.885,39.207,-0.51,1.7,0.0
ATOM,3975.0,CB,HIS,261,37.693,84.863,39.883,-0.09,2.175,5.53
ATOM,3976.0,CG,HIS,261,36.7,85.923,39.508,-0.05,1.8,0.72
ATOM,3977.0,H,HIS,261,38.666,82.331,40.567,0.31,0.2245,0.0
ATOM,3978.0,HA,HIS,261,36.9,84.402,41.699,0.09,1.32,0.0
ATOM,3979.0,HB2,HIS,261,38.48,85.298,40.309,0.09,1.32,2.53
ATOM,3980.0,HB3,HIS,261,37.97,84.379,39.059,0.09,1.32,0.0
ATOM,3981.0,ND1,HIS,261,36.91,86.796,38.434,-0.36,1.85,6.45
ATOM,3982.0,CD2,HIS,261,35.466,86.222,40.068,0.22,1.8,1.54
ATOM,3983.0,CE1,HIS,261,35.825,87.596,38.397,0.25,1.8,17.3
ATOM,3984.0,NE2,HIS,261,34.949,87.286,39.382,-0.7,1.85,1.26
ATOM,3985.0,HD1,HIS,261,37.674,86.819,37.842,0.32,0.2245,12.03
ATOM,3986.0,HD2,HIS,261,35.051,85.738,40.83,0.1,1.468,0.0
ATOM,3987.0,HE1,HIS,261,35.682,88.329,37.727,0.13,0.9,17.7
ATOM,3988.0,N,LEU,262,34.819,83.308,41.29,-0.47,1.85,0.0
ATOM,3989.0,CA,LEU,262,33.484,82.783,41.12,0.07,2.275,0.0
ATOM,3990.0,C,LEU,262,32.396,83.795,41.424,0.51,2.0,0.0
ATOM,3991.0,O,LEU,262,32.348,84.344,42.524,-0.51,1.7,0.59
ATOM,3992.0,CB,LEU,262,33.204,81.595,42.076,-0.18,2.175,0.0
ATOM,3993.0,CG,LEU,262,34.243,80.497,42.059,-0.09,2.275,0.0
ATOM,3994.0,CD1,LEU,262,33.973,79.539,43.216,-0.27,2.06,0.0
ATOM,3995.0,CD2,LEU,262,34.199,79.808,40.699,-0.27,2.06,0.0
ATOM,3996.0,H,LEU,262,35.134,83.767,42.2,0.31,0.2245,0.0
ATOM,3997.0,HA,LEU,262,33.375,82.48,40.154,0.09,1.32,0.0
ATOM,3998.0,HB2,LEU,262,33.158,81.965,42.995,0.09,1.32,0.0
ATOM,3999.0,HB3,LEU,262,32.334,81.204,41.809,0.09,1.32,0.0
ATOM,4000.0,HG,LEU,262,35.149,80.893,42.168,0.09,1.32,0.0
ATOM,4001.0,HD11,LEU,262,33.061,79.142,43.113,0.09,1.32,0.0
ATOM,4002.0,HD12,LEU,262,34.657,78.81,43.21,0.09,1.32,0.0
ATOM,4003.0,HD13,LEU,262,34.024,80.039,44.08,0.09,1.32,0.0
ATOM,4004.0,HD21,LEU,262,34.397,80.476,39.981,0.09,1.32,0.0
ATOM,4005.0,HD22,LEU,262,34.882,79.078,40.673,0.09,1.32,0.0
ATOM,4006.0,HD23,LEU,262,33.289,79.419,40.552,0.09,1.32,0.0
ATOM,4007.0,N,GLY,263,31.474,83.891,40.462,-0.47,1.85,0.0
ATOM,4008.0,CA,GLY,263,30.298,84.709,40.455,-0.02,2.175,7.18
ATOM,4009.0,C,GLY,263,30.606,86.145,40.747,0.51,2.0,2.14
ATOM,4010.0,O,GLY,263,29.788,86.852,41.369,-0.51,1.7,30.31
ATOM,4011.0,H,GLY,263,31.716,83.245,39.625,0.31,0.2245,0.3
ATOM,4012.0,HA2,GLY,263,29.84,84.639,39.549,0.09,1.32,9.83
ATOM,4013.0,HA3,GLY,263,29.635,84.359,41.144,0.09,1.32,0.49
ATOM,4014.0,N,GLY,264,31.785,86.587,40.328,-0.47,1.85,0.96
ATOM,4015.0,CA,GLY,264,32.17,87.96,40.617,-0.02,2.175,17.15
ATOM,4016.0,C,GLY,264,32.895,88.123,41.97,0.51,2.0,2.03
ATOM,4017.0,O,GLY,264,33.529,89.147,42.228,-0.51,1.7,29.53
ATOM,4018.0,H,GLY,264,32.361,85.917,39.816,0.31,0.2245,0.0
ATOM,4019.0,HA2,GLY,264,32.779,88.306,39.881,0.09,1.32,3.16
ATOM,4020.0,HA3,GLY,264,31.345,88.552,40.62,0.09,1.32,8.6
ATOM,4021.0,N,LYS,265,32.865,87.116,42.854,-0.47,1.85,0.13
ATOM,4022.0,CA,LYS,265,33.596,87.268,44.108,0.07,2.275,0.18
ATOM,4023.0,C,LYS,265,34.873,86.463,44.043,0.51,2.0,0.15
ATOM,4024.0,O,LYS,265,35.074,85.64,43.165,-0.51,1.7,0.0
ATOM,4025.0,CB,LYS,265,32.754,86.902,45.323,-0.18,2.175,1.58
ATOM,4026.0,CG,LYS,265,32.987,87.757,46.573,-0.18,2.175,6.16
ATOM,4027.0,CD,LYS,265,32.309,87.21,47.854,-0.18,2.175,0.36
ATOM,4028.0,CE,LYS,265,33.24,87.109,49.08,0.21,2.175,12.16
ATOM,4029.0,NZ,LYS,265,33.944,88.386,49.404,-0.3,1.85,13.66
ATOM,4030.0,H,LYS,265,32.325,86.3,42.586,0.31,0.2245,0.0
ATOM,4031.0,HA,LYS,265,33.824,88.236,44.234,0.09,1.32,2.95
ATOM,4032.0,HB2,LYS,265,31.784,86.982,45.073,0.09,1.32,4.09
ATOM,4033.0,HB3,LYS,265,32.946,85.945,45.565,0.09,1.32,0.0
ATOM,4034.0,HG2,LYS,265,33.978,87.821,46.747,0.09,1.32,0.05
ATOM,4035.0,HG3,LYS,265,32.636,88.687,46.406,0.09,1.32,11.34
ATOM,4036.0,HD2,LYS,265,31.545,87.816,48.089,0.09,1.32,2.13
ATOM,4037.0,HD3,LYS,265,31.952,86.295,47.655,0.09,1.32,0.0
ATOM,4038.0,HE2,LYS,265,32.688,86.824,49.874,0.05,1.32,6.68
ATOM,4039.0,HE3,LYS,265,33.924,86.39,48.9,0.05,1.32,1.39
ATOM,4040.0,HZ1,LYS,265,33.955,88.513,50.394,0.33,0.2245,20.3
ATOM,4041.0,HZ2,LYS,265,34.88,88.342,49.059,0.33,0.2245,12.27
ATOM,4042.0,HZ3,LYS,265,33.462,89.146,48.972,0.33,0.2245,12.91
ATOM,4043.0,N,GLU,266,35.789,86.716,44.93,-0.47,1.85,0.84
ATOM,4044.0,CA,GLU,266,37.046,85.997,44.858,0.07,2.275,0.0
ATOM,4045.0,C,GLU,266,37.13,85.143,46.081,0.51,2.0,0.0
ATOM,4046.0,O,GLU,266,36.849,85.677,47.137,-0.51,1.7,8.25
ATOM,4047.0,CB,GLU,266,38.214,86.996,44.83,-0.18,2.175,11.92
ATOM,4048.0,CG,GLU,266,39.565,86.435,45.263,-0.28,2.175,1.11
ATOM,4049.0,CD,GLU,266,40.622,86.695,44.209,0.62,2.0,0.82
ATOM,4050.0,OE1,GLU,266,40.559,86.184,43.072,-0.76,1.7,10.11
ATOM,4051.0,OE2,GLU,266,41.528,87.627,44.59,-0.76,1.7,38.88
ATOM,4052.0,H,GLU,266,35.567,87.42,45.64,0.31,0.2245,2.65
ATOM,4053.0,HA,GLU,266,37.064,85.432,44.039,0.09,1.32,0.0
ATOM,4054.0,HB2,GLU,266,38.309,87.316,43.9,0.09,1.32,5.13
ATOM,4055.0,HB3,GLU,266,37.988,87.736,45.444,0.09,1.32,8.48
ATOM,4056.0,HG2,GLU,266,39.838,86.893,46.079,0.09,1.32,6.33
ATOM,4057.0,HG3,GLU,266,39.477,85.469,45.366,0.09,1.32,0.0
ATOM,4058.0,N,TYR,267,37.404,83.829,45.915,-0.47,1.85,0.0
ATOM,4059.0,CA,TYR,267,37.471,82.828,46.99,0.07,2.275,0.0
ATOM,4060.0,C,TYR,267,38.908,82.457,47.204,0.51,2.0,0.0
ATOM,4061.0,O,TYR,267,39.566,81.986,46.298,-0.51,1.7,0.0
ATOM,4062.0,CB,TYR,267,36.647,81.622,46.565,-0.18,2.175,0.0
ATOM,4063.0,CG,TYR,267,35.209,82.023,46.666,0.0,1.9924,0.0
ATOM,4064.0,CD1,TYR,267,34.534,81.904,47.874,-0.115,1.9924,0.32
ATOM,4065.0,CD2,TYR,267,34.533,82.559,45.577,-0.115,1.9924,0.0
ATOM,4066.0,CE1,TYR,267,33.189,82.261,47.966,-0.115,1.9924,1.38
ATOM,4067.0,CE2,TYR,267,33.211,82.994,45.665,-0.115,1.9924,0.0
ATOM,4068.0,CZ,TYR,267,32.55,82.865,46.885,0.11,1.9924,0.0
ATOM,4069.0,OH,TYR,267,31.257,83.302,47.019,-0.54,1.77,0.0
ATOM,4070.0,H,TYR,267,37.573,83.574,44.9,0.31,0.2245,0.0
ATOM,4071.0,HA,TYR,267,37.116,83.25,47.823,0.09,1.32,0.68
ATOM,4072.0,HB2,TYR,267,36.854,81.415,45.639,0.09,1.32,0.0
ATOM,4073.0,HB3,TYR,267,36.816,80.895,47.187,0.09,1.32,0.0
ATOM,4074.0,HD1,TYR,267,35.007,81.563,48.681,0.115,1.3582,0.0
ATOM,4075.0,HD2,TYR,267,35.01,82.638,44.695,0.115,1.3582,0.0
ATOM,4076.0,HE1,TYR,267,32.681,82.084,48.812,0.115,1.3582,1.98
ATOM,4077.0,HE2,TYR,267,32.752,83.384,44.881,0.115,1.3582,0.0
ATOM,4078.0,HH,TYR,267,31.027,83.893,46.247,0.43,0.2245,0.42
ATOM,4079.0,N,THR,268,39.452,82.826,48.352,-0.47,1.85,0.0
ATOM,4080.0,CA,THR,268,40.869,82.708,48.558,0.07,2.275,0.0
ATOM,4081.0,C,THR,268,41.267,81.682,49.542,0.51,2.0,0.0
ATOM,4082.0,O,THR,268,40.74,81.654,50.654,-0.51,1.7,0.0
ATOM,4083.0,CB,THR,268,41.4,84.064,48.993,0.14,2.275,4.73
ATOM,4084.0,OG1,THR,268,41.286,84.921,47.874,-0.66,1.77,5.89
ATOM,4085.0,CG2,THR,268,42.834,84.02,49.509,-0.27,2.06,9.68
ATOM,4086.0,H,THR,268,38.787,83.192,49.056,0.31,0.2245,3.53
ATOM,4087.0,HA,THR,268,41.303,82.485,47.651,0.09,1.32,0.0
ATOM,4088.0,HB,THR,268,40.816,84.426,49.738,0.09,1.32,7.6
ATOM,4089.0,HG21,THR,268,42.832,83.949,50.509,0.09,1.32,3.53
ATOM,4090.0,HG22,THR,268,43.308,83.226,49.123,0.09,1.32,0.0
ATOM,4091.0,HG23,THR,268,43.317,84.855,49.239,0.09,1.32,4.55
ATOM,4092.0,HG1,THR,268,40.322,85.017,47.592,0.43,0.2245,0.93
ATOM,4093.0,N,LEU,269,42.268,80.893,49.149,-0.47,1.85,0.0
ATOM,4094.0,CA,LEU,269,42.825,79.902,50.026,0.07,2.275,0.0
ATOM,4095.0,C,LEU,269,44.255,80.292,50.383,0.51,2.0,0.0
ATOM,4096.0,O,LEU,269,45.106,80.626,49.586,-0.51,1.7,0.0
ATOM,4097.0,CB,LEU,269,42.754,78.432,49.539,-0.18,2.175,0.0
ATOM,4098.0,CG,LEU,269,41.397,77.847,49.136,-0.09,2.275,0.0
ATOM,4099.0,CD1,LEU,269,41.64,76.353,48.918,-0.27,2.06,0.0
ATOM,4100.0,CD2,LEU,269,40.342,78.035,50.204,-0.27,2.06,0.0
ATOM,4101.0,H,LEU,269,42.592,81.063,48.176,0.31,0.2245,0.0
ATOM,4102.0,HA,LEU,269,42.29,79.87,50.873,0.09,1.32,0.0
ATOM,4103.0,HB2,LEU,269,43.363,78.355,48.741,0.09,1.32,0.0
ATOM,4104.0,HB3,LEU,269,43.122,77.857,50.278,0.09,1.32,0.0
ATOM,4105.0,HG,LEU,269,41.103,78.257,48.297,0.09,1.32,0.0
ATOM,4106.0,HD11,LEU,269,41.975,75.945,49.766,0.09,1.32,0.0
ATOM,4107.0,HD12,LEU,269,40.783,75.914,48.651,0.09,1.32,0.0
ATOM,4108.0,HD13,LEU,269,42.319,76.23,48.195,0.09,1.32,0.17
ATOM,4109.0,HD21,LEU,269,40.212,79.012,50.383,0.09,1.32,0.0
ATOM,4110.0,HD22,LEU,269,39.474,77.638,49.897,0.09,1.32,0.0
ATOM,4111.0,HD23,LEU,269,40.631,77.581,51.05,0.09,1.32,0.0
ATOM,4112.0,N,THR,270,44.515,80.253,51.614,-0.47,1.85,0.0
ATOM,4113.0,CA,THR,270,45.805,80.606,52.071,0.07,2.275,0.0
ATOM,4114.0,C,THR,270,46.579,79.314,52.195,0.51,2.0,0.0
ATOM,4115.0,O,THR,270,46.013,78.232,52.175,-0.51,1.7,0.0
ATOM,4116.0,CB,THR,270,45.537,81.298,53.419,0.14,2.275,0.97
ATOM,4117.0,OG1,THR,270,45.672,82.72,53.407,-0.66,1.77,23.53
ATOM,4118.0,CG2,THR,270,45.778,80.493,54.713,-0.27,2.06,13.15
ATOM,4119.0,H,THR,270,43.74,79.953,52.246,0.31,0.2245,0.0
ATOM,4120.0,HA,THR,270,46.26,81.176,51.393,0.09,1.32,0.0
ATOM,4121.0,HB,THR,270,44.562,81.075,53.715,0.09,1.32,0.0
ATOM,4122.0,HG21,THR,270,46.318,79.68,54.499,0.09,1.32,0.0
ATOM,4123.0,HG22,THR,270,46.272,81.063,55.368,0.09,1.32,10.51
ATOM,4124.0,HG23,THR,270,44.898,80.221,55.1,0.09,1.32,2.68
ATOM,4125.0,HG1,THR,270,46.228,83.014,52.621,0.43,0.2245,1.84
ATOM,4126.0,N,SER,271,47.854,79.421,52.248,-0.47,1.85,0.0
ATOM,4127.0,CA,SER,271,48.717,78.285,52.403,0.07,2.275,0.0
ATOM,4128.0,C,SER,271,48.229,77.224,53.483,0.51,2.0,0.15
ATOM,4129.0,O,SER,271,48.299,75.989,53.353,-0.51,1.7,0.18
ATOM,4130.0,CB,SER,271,50.031,78.937,52.756,0.05,2.175,3.45
ATOM,4131.0,OG,SER,271,51.005,77.941,52.821,-0.66,1.77,0.51
ATOM,4132.0,H,SER,271,48.225,80.406,52.169,0.31,0.2245,1.9
ATOM,4133.0,HA,SER,271,48.769,77.776,51.523,0.09,1.32,0.0
ATOM,4134.0,HB2,SER,271,50.269,79.588,52.051,0.09,1.32,0.0
ATOM,4135.0,HB3,SER,271,49.947,79.376,53.638,0.09,1.32,4.46
ATOM,4136.0,HG,SER,271,51.509,77.895,51.955,0.43,0.2245,0.0
ATOM,4137.0,N,ALA,272,47.725,77.743,54.593,-0.47,1.85,0.66
ATOM,4138.0,CA,ALA,272,47.183,77.021,55.71,0.07,2.275,5.72
ATOM,4139.0,C,ALA,272,46.038,76.15,55.294,0.51,2.0,0.0
ATOM,4140.0,O,ALA,272,45.795,75.126,55.908,-0.51,1.7,22.45
ATOM,4141.0,CB,ALA,272,46.574,78.055,56.594,-0.27,2.06,27.12
ATOM,4142.0,H,ALA,272,47.76,78.821,54.584,0.31,0.2245,0.66
ATOM,4143.0,HA,ALA,272,47.911,76.437,56.108,0.09,1.32,7.46
ATOM,4144.0,HB1,ALA,272,47.195,78.277,57.352,0.09,1.32,11.66
ATOM,4145.0,HB2,ALA,272,46.391,78.896,56.075,0.09,1.32,0.0
ATOM,4146.0,HB3,ALA,272,45.707,77.721,56.978,0.09,1.32,6.6
ATOM,4147.0,N,ASP,273,45.301,76.615,54.297,-0.47,1.85,0.0
ATOM,4148.0,CA,ASP,273,44.111,75.948,53.776,0.07,2.275,0.49
ATOM,4149.0,C,ASP,273,44.363,74.782,52.885,0.51,2.0,0.97
ATOM,4150.0,O,ASP,273,43.459,74.002,52.66,-0.51,1.7,3.84
ATOM,4151.0,CB,ASP,273,43.211,76.938,53.014,-0.28,2.175,0.68
ATOM,4152.0,CG,ASP,273,42.577,77.874,53.984,0.62,2.0,0.0
ATOM,4153.0,OD1,ASP,273,42.112,77.471,54.964,-0.76,1.7,10.41
ATOM,4154.0,OD2,ASP,273,42.749,79.137,53.825,-0.76,1.7,1.92
ATOM,4155.0,H,ASP,273,45.652,77.529,53.899,0.31,0.2245,0.0
ATOM,4156.0,HA,ASP,273,43.589,75.608,54.594,0.09,1.32,5.34
ATOM,4157.0,HB2,ASP,273,43.782,77.438,52.392,0.09,1.32,0.0
ATOM,4158.0,HB3,ASP,273,42.52,76.416,52.553,0.09,1.32,0.0
ATOM,4159.0,N,TYR,274,45.53,74.702,52.285,-0.47,1.85,0.0
ATOM,4160.0,CA,TYR,274,45.766,73.691,51.25,0.07,2.275,0.99
ATOM,4161.0,C,TYR,274,47.05,72.882,51.404,0.51,2.0,0.15
ATOM,4162.0,O,TYR,274,47.336,72.05,50.582,-0.51,1.7,0.0
ATOM,4163.0,CB,TYR,274,45.614,74.295,49.809,-0.18,2.175,0.0
ATOM,4164.0,CG,TYR,274,46.724,75.281,49.425,0.0,1.9924,0.0
ATOM,4165.0,CD1,TYR,274,48.009,74.808,49.147,-0.115,1.9924,0.0
ATOM,4166.0,CD2,TYR,274,46.494,76.655,49.293,-0.115,1.9924,0.0
ATOM,4167.0,CE1,TYR,274,49.028,75.666,48.738,-0.115,1.9924,0.0
ATOM,4168.0,CE2,TYR,274,47.52,77.524,48.898,-0.115,1.9924,0.0
ATOM,4169.0,CZ,TYR,274,48.806,77.042,48.617,0.11,1.9924,0.0
ATOM,4170.0,OH,TYR,274,49.87,77.88,48.224,-0.54,1.77,0.0
ATOM,4171.0,H,TYR,274,46.243,75.382,52.588,0.31,0.2245,0.0
ATOM,4172.0,HA,TYR,274,44.978,73.036,51.268,0.09,1.32,0.0
ATOM,4173.0,HB2,TYR,274,45.628,73.542,49.165,0.09,1.32,0.0
ATOM,4174.0,HB3,TYR,274,44.747,74.774,49.774,0.09,1.32,0.0
ATOM,4175.0,HD1,TYR,274,48.204,73.829,49.244,0.115,1.3582,0.0
ATOM,4176.0,HD2,TYR,274,45.589,77.022,49.481,0.115,1.3582,0.0
ATOM,4177.0,HE1,TYR,274,49.939,75.293,48.524,0.115,1.3582,0.0
ATOM,4178.0,HE2,TYR,274,47.333,78.507,48.815,0.115,1.3582,0.0
ATOM,4179.0,HH,TYR,274,49.52,78.805,48.135,0.43,0.2245,0.0
ATOM,4180.0,N,VAL,275,47.78,73.099,52.485,-0.47,1.85,0.73
ATOM,4181.0,CA,VAL,275,48.94,72.317,52.809,0.07,2.275,0.0
ATOM,4182.0,C,VAL,275,48.741,71.477,54.074,0.51,2.0,1.02
ATOM,4183.0,O,VAL,275,48.412,71.999,55.128,-0.51,1.7,6.68
ATOM,4184.0,CB,VAL,275,50.134,73.205,53.083,-0.09,2.275,0.28
ATOM,4185.0,CG1,VAL,275,51.366,72.315,53.09,-0.27,2.06,0.0
ATOM,4186.0,CG2,VAL,275,50.262,74.216,51.971,-0.27,2.06,0.0
ATOM,4187.0,H,VAL,275,47.434,73.892,53.081,0.31,0.2245,0.0
ATOM,4188.0,HA,VAL,275,49.123,71.675,52.046,0.09,1.32,0.0
ATOM,4189.0,HB,VAL,275,50.046,73.576,53.992,0.09,1.32,0.57
ATOM,4190.0,HG11,VAL,275,51.097,71.372,53.286,0.09,1.32,0.0
ATOM,4191.0,HG12,VAL,275,51.813,72.354,52.196,0.09,1.32,0.0
ATOM,4192.0,HG13,VAL,275,52.003,72.631,53.793,0.09,1.32,0.0
ATOM,4193.0,HG21,VAL,275,50.998,73.941,51.349,0.09,1.32,0.0
ATOM,4194.0,HG22,VAL,275,49.4,74.268,51.462,0.09,1.32,0.0
ATOM,4195.0,HG23,VAL,275,50.473,75.116,52.357,0.09,1.32,0.0
ATOM,4196.0,N,PHE,276,49.018,70.183,54.016,-0.47,1.85,0.0
ATOM,4197.0,CA,PHE,276,48.939,69.384,55.216,0.07,2.275,0.0
ATOM,4198.0,C,PHE,276,50.225,69.559,56.018,0.51,2.0,0.0
ATOM,4199.0,O,PHE,276,51.261,68.947,55.868,-0.51,1.7,0.0
ATOM,4200.0,CB,PHE,276,48.54,67.943,54.936,-0.18,2.175,5.18
ATOM,4201.0,CG,PHE,276,47.118,67.721,54.441,0.0,1.9924,0.14
ATOM,4202.0,CD1,PHE,276,46.033,67.756,55.31,-0.115,1.9924,9.6
ATOM,4203.0,CD2,PHE,276,46.864,67.311,53.135,-0.115,1.9924,4.03
ATOM,4204.0,CE1,PHE,276,44.739,67.52,54.858,-0.115,1.9924,3.83
ATOM,4205.0,CE2,PHE,276,45.591,66.976,52.69,-0.115,1.9924,2.34
ATOM,4206.0,CZ,PHE,276,44.505,67.088,53.547,-0.115,1.9924,0.67
ATOM,4207.0,H,PHE,276,49.279,69.824,53.09,0.31,0.2245,0.0
ATOM,4208.0,HA,PHE,276,48.2,69.757,55.778,0.09,1.32,2.06
ATOM,4209.0,HB2,PHE,276,49.155,67.58,54.239,0.09,1.32,0.0
ATOM,4210.0,HB3,PHE,276,48.643,67.422,55.781,0.09,1.32,0.0
ATOM,4211.0,HD1,PHE,276,46.181,67.955,56.277,0.115,1.3582,7.96
ATOM,4212.0,HD2,PHE,276,47.638,67.256,52.484,0.115,1.3582,0.0
ATOM,4213.0,HE1,PHE,276,43.96,67.662,55.486,0.115,1.3582,0.0
ATOM,4214.0,HE2,PHE,276,45.462,66.649,51.74,0.115,1.3582,0.0
ATOM,4215.0,HZ,PHE,276,43.591,66.872,53.25,0.115,1.3582,0.13
ATOM,4216.0,N,GLN,277,50.186,70.546,56.821,-0.47,1.85,0.17
ATOM,4217.0,CA,GLN,277,51.346,70.915,57.548,0.07,2.275,0.0
ATOM,4218.0,C,GLN,277,51.592,69.935,58.654,0.51,2.0,0.0
ATOM,4219.0,O,GLN,277,51.32,70.227,59.816,-0.51,1.7,17.25
ATOM,4220.0,CB,GLN,277,51.235,72.36,58.05,-0.18,2.175,11.45
ATOM,4221.0,CG,GLN,277,52.621,72.887,58.435,-0.18,2.175,1.72
ATOM,4222.0,CD,GLN,277,53.453,73.271,57.228,0.55,2.0,0.0
ATOM,4223.0,OE1,GLN,277,52.905,73.788,56.259,-0.55,1.7,2.81
ATOM,4224.0,NE2,GLN,277,54.766,73.026,57.295,-0.62,1.85,0.0
ATOM,4225.0,H,GLN,277,49.272,71.041,56.899,0.31,0.2245,5.17
ATOM,4226.0,HA,GLN,277,52.141,70.885,56.926,0.09,1.32,0.0
ATOM,4227.0,HB2,GLN,277,50.881,72.925,57.328,0.09,1.32,0.62
ATOM,4228.0,HB3,GLN,277,50.665,72.379,58.852,0.09,1.32,6.5
ATOM,4229.0,HG2,GLN,277,52.503,73.692,59.013,0.09,1.32,0.75
ATOM,4230.0,HG3,GLN,277,53.1,72.173,58.943,0.09,1.32,0.0
ATOM,4231.0,HE21,GLN,277,55.376,73.244,56.521,0.32,0.2245,0.0
ATOM,4232.0,HE22,GLN,277,55.139,72.613,58.149,0.3,0.2245,0.0
ATOM,4233.0,N,GLU,278,52.094,68.763,58.277,-0.47,1.85,0.0
ATOM,4234.0,CA,GLU,278,52.301,67.741,59.249,0.07,2.275,0.96
ATOM,4235.0,C,GLU,278,53.642,67.859,59.951,0.51,2.0,1.15
ATOM,4236.0,O,GLU,278,53.982,67.007,60.769,-0.51,1.7,23.96
ATOM,4237.0,CB,GLU,278,52.001,66.344,58.636,-0.18,2.175,13.36
ATOM,4238.0,CG,GLU,278,50.599,65.695,59.003,-0.28,2.175,19.97
ATOM,4239.0,CD,GLU,278,49.316,66.551,58.891,0.62,2.0,2.82
ATOM,4240.0,OE1,GLU,278,49.141,67.647,59.47,-0.76,1.7,23.16
ATOM,4241.0,OE2,GLU,278,48.343,65.928,58.201,-0.76,1.7,27.19
ATOM,4242.0,H,GLU,278,52.303,68.68,57.272,0.31,0.2245,0.0
ATOM,4243.0,HA,GLU,278,51.56,67.766,59.949,0.09,1.32,2.78
ATOM,4244.0,HB2,GLU,278,52.014,66.432,57.654,0.09,1.32,2.84
ATOM,4245.0,HB3,GLU,278,52.687,65.715,58.957,0.09,1.32,6.73
ATOM,4246.0,HG2,GLU,278,50.485,64.903,58.401,0.09,1.32,10.35
ATOM,4247.0,HG3,GLU,278,50.668,65.381,59.951,0.09,1.32,10.77
ATOM,4248.0,N,SER,279,54.361,68.949,59.687,-0.47,1.85,0.54
ATOM,4249.0,CA,SER,279,55.68,69.161,60.243,0.07,2.275,1.13
ATOM,4250.0,C,SER,279,56.343,70.417,59.665,0.51,2.0,0.0
ATOM,4251.0,O,SER,279,55.874,70.991,58.702,-0.51,1.7,0.0
ATOM,4252.0,CB,SER,279,56.526,67.882,60.102,0.05,2.175,11.87
ATOM,4253.0,OG,SER,279,57.746,68.043,59.388,-0.66,1.77,0.29
ATOM,4254.0,H,SER,279,53.889,69.628,59.048,0.31,0.2245,0.0
ATOM,4255.0,HA,SER,279,55.589,69.298,61.239,0.09,1.32,8.0
ATOM,4256.0,HB2,SER,279,56.738,67.537,61.028,0.09,1.32,11.84
ATOM,4257.0,HB3,SER,279,55.968,67.183,59.632,0.09,1.32,3.75
ATOM,4258.0,HG,SER,279,57.545,68.223,58.427,0.43,0.2245,0.0
ATOM,4259.0,N,TYR,279A,57.413,70.892,60.287,-0.47,1.85,0.0
ATOM,4260.0,CA,TYR,279A,58.084,72.098,59.81,0.07,2.275,0.0
ATOM,4261.0,C,TYR,279A,59.501,71.793,59.299,0.51,2.0,0.74
ATOM,4262.0,O,TYR,279A,60.271,72.605,58.753,-0.51,1.7,5.69
ATOM,4263.0,CB,TYR,279A,58.055,73.198,60.875,-0.18,2.175,14.67
ATOM,4264.0,CG,TYR,279A,56.644,73.63,61.196,0.0,1.9924,0.45
ATOM,4265.0,CD1,TYR,279A,55.918,74.397,60.287,-0.115,1.9924,5.85
ATOM,4266.0,CD2,TYR,279A,56.047,73.282,62.411,-0.115,1.9924,10.13
ATOM,4267.0,CE1,TYR,279A,54.63,74.833,60.603,-0.115,1.9924,7.19
ATOM,4268.0,CE2,TYR,279A,54.749,73.692,62.733,-0.115,1.9924,18.5
ATOM,4269.0,CZ,TYR,279A,54.044,74.472,61.814,0.11,1.9924,1.84
ATOM,4270.0,OH,TYR,279A,52.761,74.896,62.059,-0.54,1.77,31.42
ATOM,4271.0,H,TYR,279A,57.722,70.352,61.112,0.31,0.2245,7.29
ATOM,4272.0,HA,TYR,279A,57.554,72.475,59.04,0.09,1.32,0.0
ATOM,4273.0,HB2,TYR,279A,58.47,72.844,61.699,0.09,1.32,7.97
ATOM,4274.0,HB3,TYR,279A,58.55,73.98,60.528,0.09,1.32,6.82
ATOM,4275.0,HD1,TYR,279A,56.316,74.638,59.408,0.115,1.3582,0.45
ATOM,4276.0,HD2,TYR,279A,56.558,72.726,63.066,0.115,1.3582,12.82
ATOM,4277.0,HE1,TYR,279A,54.124,75.408,59.955,0.115,1.3582,2.14
ATOM,4278.0,HE2,TYR,279A,54.338,73.435,63.596,0.115,1.3582,16.52
ATOM,4279.0,HH,TYR,279A,52.167,74.595,61.315,0.43,0.2245,11.63
ATOM,4280.0,N,SER,279B,59.824,70.534,59.428,-0.47,1.85,2.81
ATOM,4281.0,CA,SER,279B,61.105,70.088,58.961,0.07,2.275,2.49
ATOM,4282.0,C,SER,279B,61.392,70.44,57.523,0.51,2.0,0.0
ATOM,4283.0,O,SER,279B,60.573,70.239,56.642,-0.51,1.7,0.0
ATOM,4284.0,CB,SER,279B,61.266,68.597,59.08,0.05,2.175,5.22
ATOM,4285.0,OG,SER,279B,62.576,68.398,58.639,-0.66,1.77,4.31
ATOM,4286.0,H,SER,279B,59.119,69.928,59.869,0.31,0.2245,0.23
ATOM,4287.0,HA,SER,279B,61.826,70.528,59.538,0.09,1.32,7.95
ATOM,4288.0,HB2,SER,279B,61.188,68.337,60.009,0.09,1.32,8.84
ATOM,4289.0,HB3,SER,279B,60.646,68.157,58.48,0.09,1.32,0.0
ATOM,4290.0,HG,SER,279B,62.608,67.633,57.992,0.43,0.2245,0.0
ATOM,4291.0,N,SER,279C,62.608,70.865,57.313,-0.47,1.85,0.0
ATOM,4292.0,CA,SER,279C,63.14,71.126,56.021,0.07,2.275,0.0
ATOM,4293.0,C,SER,279C,63.387,69.778,55.354,0.51,2.0,0.0
ATOM,4294.0,O,SER,279C,63.609,69.702,54.153,-0.51,1.7,8.51
ATOM,4295.0,CB,SER,279C,64.508,71.822,56.165,0.05,2.175,16.69
ATOM,4296.0,OG,SER,279C,64.578,72.69,57.303,-0.66,1.77,26.37
ATOM,4297.0,H,SER,279C,63.171,71.0,58.204,0.31,0.2245,3.23
ATOM,4298.0,HA,SER,279C,62.46,71.609,55.476,0.09,1.32,0.0
ATOM,4299.0,HB2,SER,279C,65.216,71.121,56.254,0.09,1.32,0.21
ATOM,4300.0,HB3,SER,279C,64.679,72.363,55.341,0.09,1.32,4.84
ATOM,4301.0,HG,SER,279C,63.653,72.907,57.604,0.43,0.2245,4.77
ATOM,4302.0,N,LYS,279D,63.373,68.726,56.19,-0.47,1.85,0.0
ATOM,4303.0,CA,LYS,279D,63.679,67.344,55.852,0.07,2.275,3.49
ATOM,4304.0,C,LYS,279D,62.5,66.417,55.718,0.51,2.0,1.64
ATOM,4305.0,O,LYS,279D,62.679,65.218,55.881,-0.51,1.7,16.81
ATOM,4306.0,CB,LYS,279D,64.505,66.766,56.98,-0.18,2.175,1.42
ATOM,4307.0,CG,LYS,279D,65.984,66.967,56.785,-0.18,2.175,11.19
ATOM,4308.0,CD,LYS,279D,66.59,68.012,57.709,-0.18,2.175,9.86
ATOM,4309.0,CE,LYS,279D,68.073,68.227,57.387,0.21,2.175,16.83
ATOM,4310.0,NZ,LYS,279D,68.968,67.101,57.802,-0.3,1.85,14.17
ATOM,4311.0,H,LYS,279D,63.1,69.012,57.187,0.31,0.2245,0.0
ATOM,4312.0,HA,LYS,279D,64.203,67.34,54.964,0.09,1.32,6.06
ATOM,4313.0,HB2,LYS,279D,64.234,67.211,57.83,0.09,1.32,0.0
ATOM,4314.0,HB3,LYS,279D,64.322,65.787,57.035,0.09,1.32,2.15
ATOM,4315.0,HG2,LYS,279D,66.463,66.089,56.94,0.09,1.32,6.56
ATOM,4316.0,HG3,LYS,279D,66.16,67.246,55.829,0.09,1.32,5.85
ATOM,4317.0,HD2,LYS,279D,66.116,68.872,57.582,0.09,1.32,0.0
ATOM,4318.0,HD3,LYS,279D,66.517,67.7,58.646,0.09,1.32,9.73
ATOM,4319.0,HE2,LYS,279D,68.168,68.37,56.389,0.05,1.32,9.59
ATOM,4320.0,HE3,LYS,279D,68.382,69.076,57.845,0.05,1.32,12.23
ATOM,4321.0,HZ1,LYS,279D,68.485,66.236,57.677,0.33,0.2245,11.3
ATOM,4322.0,HZ2,LYS,279D,69.792,67.113,57.239,0.33,0.2245,20.32
ATOM,4323.0,HZ3,LYS,279D,69.213,67.215,58.763,0.33,0.2245,19.8
ATOM,4324.0,N,LYS,280,61.321,66.957,55.472,-0.47,1.85,1.65
ATOM,4325.0,CA,LYS,280,60.11,66.182,55.302,0.07,2.275,1.04
ATOM,4326.0,C,LYS,280,59.312,66.857,54.218,0.51,2.0,0.0
ATOM,4327.0,O,LYS,280,59.463,68.045,54.065,-0.51,1.7,0.25
ATOM,4328.0,CB,LYS,280,59.32,66.204,56.589,-0.18,2.175,1.53
ATOM,4329.0,CG,LYS,280,60.172,65.924,57.795,-0.18,2.175,1.14
ATOM,4330.0,CD,LYS,280,60.74,64.516,57.756,-0.18,2.175,9.23
ATOM,4331.0,CE,LYS,280,61.281,64.013,59.116,0.21,2.175,19.5
ATOM,4332.0,NZ,LYS,280,62.589,64.601,59.557,-0.3,1.85,7.99
ATOM,4333.0,H,LYS,280,61.337,68.009,55.409,0.31,0.2245,0.0
ATOM,4334.0,HA,LYS,280,60.348,65.263,55.009,0.09,1.32,4.38
ATOM,4335.0,HB2,LYS,280,58.91,67.105,56.693,0.09,1.32,0.0
ATOM,4336.0,HB3,LYS,280,58.608,65.509,56.534,0.09,1.32,7.26
ATOM,4337.0,HG2,LYS,280,60.933,66.575,57.825,0.09,1.32,0.0
ATOM,4338.0,HG3,LYS,280,59.621,66.024,58.625,0.09,1.32,0.45
ATOM,4339.0,HD2,LYS,280,60.023,63.88,57.46,0.09,1.32,9.53
ATOM,4340.0,HD3,LYS,280,61.496,64.483,57.097,0.09,1.32,0.0
ATOM,4341.0,HE2,LYS,280,60.578,64.205,59.825,0.05,1.32,10.24
ATOM,4342.0,HE3,LYS,280,61.376,63.002,59.063,0.05,1.32,12.38
ATOM,4343.0,HZ1,LYS,280,62.847,65.331,58.927,0.33,0.2245,0.0
ATOM,4344.0,HZ2,LYS,280,62.486,64.969,60.479,0.33,0.2245,16.69
ATOM,4345.0,HZ3,LYS,280,63.285,63.887,59.552,0.33,0.2245,19.06
ATOM,4346.0,N,LEU,281,58.512,66.111,53.452,-0.47,1.85,0.0
ATOM,4347.0,CA,LEU,281,57.672,66.665,52.39,0.07,2.275,0.0
ATOM,4348.0,C,LEU,281,56.244,66.733,52.853,0.51,2.0,0.0
ATOM,4349.0,O,LEU,281,55.784,65.846,53.548,-0.51,1.7,17.23
ATOM,4350.0,CB,LEU,281,57.74,65.832,51.134,-0.18,2.175,0.0
ATOM,4351.0,CG,LEU,281,59.185,65.723,50.712,-0.09,2.275,2.04
ATOM,4352.0,CD1,LEU,281,59.408,64.374,50.049,-0.27,2.06,21.97
ATOM,4353.0,CD2,LEU,281,59.51,66.896,49.769,-0.27,2.06,4.32
ATOM,4354.0,H,LEU,281,58.538,65.088,53.679,0.31,0.2245,8.29
ATOM,4355.0,HA,LEU,281,57.995,67.593,52.186,0.09,1.32,0.0
ATOM,4356.0,HB2,LEU,281,57.419,64.94,51.337,0.09,1.32,1.11
ATOM,4357.0,HB3,LEU,281,57.255,66.29,50.433,0.09,1.32,0.0
ATOM,4358.0,HG,LEU,281,59.773,65.796,51.513,0.09,1.32,1.98
ATOM,4359.0,HD11,LEU,281,58.816,64.293,49.246,0.09,1.32,0.0
ATOM,4360.0,HD12,LEU,281,60.364,64.293,49.766,0.09,1.32,9.99
ATOM,4361.0,HD13,LEU,281,59.191,63.642,50.696,0.09,1.32,7.34
ATOM,4362.0,HD21,LEU,281,59.358,67.755,50.253,0.09,1.32,0.0
ATOM,4363.0,HD22,LEU,281,60.464,66.831,49.485,0.09,1.32,7.16
ATOM,4364.0,HD23,LEU,281,58.914,66.846,48.97,0.09,1.32,0.0
ATOM,4365.0,N,CYS,282,55.56,67.809,52.548,-0.47,1.85,0.0
ATOM,4366.0,CA,CYS,282,54.217,67.941,53.037,0.07,2.275,0.0
ATOM,4367.0,C,CYS,282,53.299,67.969,51.887,0.51,2.0,0.0
ATOM,4368.0,O,CYS,282,53.568,68.718,50.959,-0.51,1.7,0.0
ATOM,4369.0,CB,CYS,282,54.067,69.289,53.746,-0.1,2.175,0.0
ATOM,4370.0,SG,CYS,282,54.566,69.175,55.489,-0.08,1.975,0.38
ATOM,4371.0,H,CYS,282,56.043,68.503,51.965,0.31,0.2245,0.0
ATOM,4372.0,HA,CYS,282,54.009,67.139,53.606,0.09,1.32,1.38
ATOM,4373.0,HB2,CYS,282,54.651,69.943,53.302,0.09,1.32,0.0
ATOM,4374.0,HB3,CYS,282,53.12,69.555,53.715,0.09,1.32,0.0
ATOM,4375.0,N,THR,283,52.213,67.222,51.98,-0.47,1.85,0.0
ATOM,4376.0,CA,THR,283,51.19,67.166,50.943,0.07,2.275,0.0
ATOM,4377.0,C,THR,283,50.294,68.407,50.774,0.51,2.0,0.0
ATOM,4378.0,O,THR,283,49.741,68.956,51.708,-0.51,1.7,0.0
ATOM,4379.0,CB,THR,283,50.321,65.941,51.228,0.14,2.275,4.65
ATOM,4380.0,OG1,THR,283,51.202,64.88,51.482,-0.66,1.77,14.12
ATOM,4381.0,CG2,THR,283,49.404,65.618,50.076,-0.27,2.06,1.14
ATOM,4382.0,H,THR,283,52.146,66.667,52.87,0.31,0.2245,3.39
ATOM,4383.0,HA,THR,283,51.657,66.997,50.039,0.09,1.32,0.0
ATOM,4384.0,HB,THR,283,49.77,66.12,52.059,0.09,1.32,0.14
ATOM,4385.0,HG21,THR,283,49.939,65.462,49.24,0.09,1.32,0.0
ATOM,4386.0,HG22,THR,283,48.872,64.79,50.278,0.09,1.32,4.43
ATOM,4387.0,HG23,THR,283,48.768,66.379,49.915,0.09,1.32,0.0
ATOM,4388.0,HG1,THR,283,51.392,64.354,50.64,0.43,0.2245,1.05
ATOM,4389.0,N,LEU,284,50.074,68.77,49.513,-0.47,1.85,0.0
ATOM,4390.0,CA,LEU,284,49.156,69.769,49.103,0.07,2.275,0.0
ATOM,4391.0,C,LEU,284,47.81,69.096,48.853,0.51,2.0,0.0
ATOM,4392.0,O,LEU,284,47.713,68.052,48.242,-0.51,1.7,0.0
ATOM,4393.0,CB,LEU,284,49.649,70.432,47.813,-0.18,2.175,0.0
ATOM,4394.0,CG,LEU,284,51.004,71.125,47.872,-0.09,2.275,0.0
ATOM,4395.0,CD1,LEU,284,51.128,72.132,46.736,-0.27,2.06,0.0
ATOM,4396.0,CD2,LEU,284,51.185,71.873,49.186,-0.27,2.06,0.0
ATOM,4397.0,H,LEU,284,50.676,68.217,48.823,0.31,0.2245,0.0
ATOM,4398.0,HA,LEU,284,49.032,70.439,49.834,0.09,1.32,0.0
ATOM,4399.0,HB2,LEU,284,49.705,69.723,47.11,0.09,1.32,0.0
ATOM,4400.0,HB3,LEU,284,48.972,71.116,47.546,0.09,1.32,0.0
ATOM,4401.0,HG,LEU,284,51.726,70.441,47.787,0.09,1.32,0.0
ATOM,4402.0,HD11,LEU,284,50.405,72.818,46.818,0.09,1.32,0.0
ATOM,4403.0,HD12,LEU,284,52.02,72.581,46.784,0.09,1.32,0.0
ATOM,4404.0,HD13,LEU,284,51.04,71.659,45.859,0.09,1.32,0.0
ATOM,4405.0,HD21,LEU,284,51.124,71.228,49.949,0.09,1.32,0.0
ATOM,4406.0,HD22,LEU,284,52.081,72.317,49.197,0.09,1.32,0.0
ATOM,4407.0,HD23,LEU,284,50.469,72.566,49.277,0.09,1.32,0.0
ATOM,4408.0,N,ALA,285,46.725,69.72,49.28,-0.47,1.85,0.0
ATOM,4409.0,CA,ALA,285,45.405,69.194,49.119,0.07,2.275,0.0
ATOM,4410.0,C,ALA,285,44.809,69.633,47.807,0.51,2.0,0.0
ATOM,4411.0,O,ALA,285,43.679,70.101,47.776,-0.51,1.7,0.0
ATOM,4412.0,CB,ALA,285,44.576,69.758,50.239,-0.27,2.06,1.44
ATOM,4413.0,H,ALA,285,46.927,70.643,49.751,0.31,0.2245,0.0
ATOM,4414.0,HA,ALA,285,45.445,68.183,49.132,0.09,1.32,0.0
ATOM,4415.0,HB1,ALA,285,43.704,70.102,49.882,0.09,1.32,0.0
ATOM,4416.0,HB2,ALA,285,44.39,69.046,50.921,0.09,1.32,0.0
ATOM,4417.0,HB3,ALA,285,45.065,70.513,50.682,0.09,1.32,0.0
ATOM,4418.0,N,ILE,286,45.579,69.454,46.737,-0.47,1.85,0.0
ATOM,4419.0,CA,ILE,286,45.203,69.797,45.345,0.07,2.275,0.0
ATOM,4420.0,C,ILE,286,45.83,68.788,44.391,0.51,2.0,0.0
ATOM,4421.0,O,ILE,286,46.947,68.294,44.598,-0.51,1.7,0.0
ATOM,4422.0,CB,ILE,286,45.702,71.219,44.904,-0.09,2.275,0.0
ATOM,4423.0,CG1,ILE,286,45.618,72.295,46.011,-0.18,2.175,0.0
ATOM,4424.0,CG2,ILE,286,44.995,71.714,43.639,-0.27,2.06,0.0
ATOM,4425.0,CD1,ILE,286,45.818,73.706,45.45,-0.27,2.06,0.16
ATOM,4426.0,H,ILE,286,46.523,69.029,46.962,0.31,0.2245,0.0
ATOM,4427.0,HA,ILE,286,44.215,69.673,45.292,0.09,1.32,0.0
ATOM,4428.0,HB,ILE,286,46.666,71.126,44.636,0.09,1.32,0.0
ATOM,4429.0,HG12,ILE,286,44.728,72.241,46.433,0.09,1.32,0.0
ATOM,4430.0,HG13,ILE,286,46.328,72.114,46.673,0.09,1.32,0.0
ATOM,4431.0,HG21,ILE,286,45.436,72.55,43.321,0.09,1.32,0.0
ATOM,4432.0,HG22,ILE,286,45.055,71.013,42.933,0.09,1.32,0.0
ATOM,4433.0,HG23,ILE,286,44.038,71.898,43.848,0.09,1.32,0.0
ATOM,4434.0,HD11,ILE,286,45.108,73.888,44.776,0.09,1.32,0.07
ATOM,4435.0,HD12,ILE,286,45.756,74.361,46.197,0.09,1.32,0.0
ATOM,4436.0,HD13,ILE,286,46.716,73.759,45.023,0.09,1.32,0.0
ATOM,4437.0,N,HIS,287,45.131,68.479,43.336,-0.47,1.85,0.0
ATOM,4438.0,CA,HIS,287,45.715,67.551,42.411,0.07,2.275,0.0
ATOM,4439.0,C,HIS,287,45.029,67.569,41.079,0.51,2.0,0.0
ATOM,4440.0,O,HIS,287,44.11,68.348,40.841,-0.51,1.7,0.0
ATOM,4441.0,CB,HIS,287,45.921,66.141,42.982,-0.09,2.175,0.25
ATOM,4442.0,CG,HIS,287,44.614,65.459,43.215,-0.05,1.8,0.0
ATOM,4443.0,H,HIS,287,44.219,68.915,43.237,0.31,0.2245,0.0
ATOM,4444.0,HA,HIS,287,46.691,67.803,42.273,0.09,1.32,0.0
ATOM,4445.0,HB2,HIS,287,46.452,65.604,42.334,0.09,1.32,3.26
ATOM,4446.0,HB3,HIS,287,46.404,66.211,43.849,0.09,1.32,0.0
ATOM,4447.0,ND1,HIS,287,44.535,64.226,43.832,-0.36,1.85,4.29
ATOM,4448.0,CD2,HIS,287,43.359,65.879,43.002,0.22,1.8,0.0
ATOM,4449.0,CE1,HIS,287,43.249,63.914,43.945,0.25,1.8,8.87
ATOM,4450.0,NE2,HIS,287,42.506,64.875,43.438,-0.7,1.85,5.47
ATOM,4451.0,HD1,HIS,287,45.297,63.677,44.135,0.32,0.2245,3.98
ATOM,4452.0,HD2,HIS,287,43.073,66.748,42.604,0.1,1.468,0.0
ATOM,4453.0,HE1,HIS,287,42.9,63.066,44.357,0.13,0.9,15.32
ATOM,4454.0,N,ALA,288,45.54,66.774,40.174,-0.47,1.85,0.0
ATOM,4455.0,CA,ALA,288,45.04,66.736,38.812,0.07,2.275,0.0
ATOM,4456.0,C,ALA,288,43.975,65.705,38.653,0.51,2.0,0.0
ATOM,4457.0,O,ALA,288,44.088,64.586,39.127,-0.51,1.7,11.46
ATOM,4458.0,CB,ALA,288,46.185,66.443,37.81,-0.27,2.06,11.93
ATOM,4459.0,H,ALA,288,46.329,66.175,40.507,0.31,0.2245,2.63
ATOM,4460.0,HA,ALA,288,44.659,67.647,38.586,0.09,1.32,0.0
ATOM,4461.0,HB1,ALA,288,47.041,66.371,38.313,0.09,1.32,1.48
ATOM,4462.0,HB2,ALA,288,45.99,65.587,37.341,0.09,1.32,4.31
ATOM,4463.0,HB3,ALA,288,46.235,67.189,37.154,0.09,1.32,0.0
ATOM,4464.0,N,MET,289,43.029,66.025,37.835,-0.47,1.85,0.0
ATOM,4465.0,CA,MET,289,42.054,65.05,37.527,0.07,2.275,0.19
ATOM,4466.0,C,MET,289,41.458,65.421,36.215,0.51,2.0,0.0
ATOM,4467.0,O,MET,289,40.939,66.507,36.057,-0.51,1.7,0.01
ATOM,4468.0,CB,MET,289,41.035,64.903,38.633,-0.18,2.175,0.14
ATOM,4469.0,CG,MET,289,40.293,63.6,38.503,-0.14,2.175,1.7
ATOM,4470.0,SD,MET,289,41.116,62.164,39.27,-0.09,2.0,17.32
ATOM,4471.0,CE,MET,289,41.447,62.654,40.981,-0.22,2.06,12.72
ATOM,4472.0,H,MET,289,43.051,66.982,37.458,0.31,0.2245,0.0
ATOM,4473.0,HA,MET,289,42.501,64.159,37.429,0.09,1.32,1.64
ATOM,4474.0,HB2,MET,289,41.499,64.922,39.517,0.09,1.32,0.0
ATOM,4475.0,HB3,MET,289,40.378,65.653,38.581,0.09,1.32,0.0
ATOM,4476.0,HG2,MET,289,39.343,63.716,38.901,0.09,1.32,2.97
ATOM,4477.0,HG3,MET,289,40.121,63.412,37.498,0.09,1.32,0.87
ATOM,4478.0,HE1,MET,289,41.061,63.56,41.141,0.09,1.32,1.5
ATOM,4479.0,HE2,MET,289,41.025,61.992,41.597,0.09,1.32,0.6
ATOM,4480.0,HE3,MET,289,42.434,62.675,41.129,0.09,1.32,2.99
ATOM,4481.0,N,ASP,290,41.639,64.547,35.226,-0.47,1.85,0.0
ATOM,4482.0,CA,ASP,290,41.099,64.799,33.919,0.07,2.275,0.68
ATOM,4483.0,C,ASP,290,39.716,64.195,33.769,0.51,2.0,0.0
ATOM,4484.0,O,ASP,290,39.564,62.993,33.631,-0.51,1.7,19.84
ATOM,4485.0,CB,ASP,290,42.118,64.365,32.867,-0.28,2.175,16.31
ATOM,4486.0,CG,ASP,290,43.326,65.284,32.893,0.62,2.0,2.26
ATOM,4487.0,OD1,ASP,290,43.241,66.483,33.079,-0.76,1.7,5.46
ATOM,4488.0,OD2,ASP,290,44.458,64.709,32.618,-0.76,1.7,25.34
ATOM,4489.0,H,ASP,290,42.184,63.706,35.485,0.31,0.2245,9.21
ATOM,4490.0,HA,ASP,290,40.994,65.799,33.818,0.09,1.32,0.27
ATOM,4491.0,HB2,ASP,290,42.41,63.45,33.08,0.09,1.32,8.2
ATOM,4492.0,HB3,ASP,290,41.693,64.423,31.983,0.09,1.32,10.53
ATOM,4493.0,N,ILE,291,38.689,65.035,33.871,-0.47,1.85,0.15
ATOM,4494.0,CA,ILE,291,37.279,64.636,33.793,0.07,2.275,0.0
ATOM,4495.0,C,ILE,291,36.772,64.611,32.35,0.51,2.0,0.23
ATOM,4496.0,O,ILE,291,36.873,65.582,31.636,-0.51,1.7,3.57
ATOM,4497.0,CB,ILE,291,36.434,65.521,34.699,-0.09,2.275,0.0
ATOM,4498.0,CG1,ILE,291,36.948,65.348,36.143,-0.18,2.175,0.34
ATOM,4499.0,CG2,ILE,291,34.971,65.101,34.61,-0.27,2.06,7.74
ATOM,4500.0,CD1,ILE,291,36.436,66.419,37.087,-0.27,2.06,3.93
ATOM,4501.0,H,ILE,291,38.978,66.041,34.017,0.31,0.2245,0.28
ATOM,4502.0,HA,ILE,291,37.237,63.688,34.129,0.09,1.32,1.04
ATOM,4503.0,HB,ILE,291,36.575,66.461,34.444,0.09,1.32,0.0
ATOM,4504.0,HG12,ILE,291,36.657,64.457,36.472,0.09,1.32,0.4
ATOM,4505.0,HG13,ILE,291,37.942,65.385,36.122,0.09,1.32,0.0
ATOM,4506.0,HG21,ILE,291,34.425,65.669,35.223,0.09,1.32,0.0
ATOM,4507.0,HG22,ILE,291,34.649,65.217,33.672,0.09,1.32,0.0
ATOM,4508.0,HG23,ILE,291,34.884,64.143,34.877,0.09,1.32,4.45
ATOM,4509.0,HD11,ILE,291,35.438,66.386,37.112,0.09,1.32,0.3
ATOM,4510.0,HD12,ILE,291,36.801,66.254,38.001,0.09,1.32,2.39
ATOM,4511.0,HD13,ILE,291,36.735,67.315,36.762,0.09,1.32,0.0
ATOM,4512.0,N,PRO,292,36.285,63.473,31.872,-0.29,1.85,0.01
ATOM,4513.0,CA,PRO,292,35.916,63.424,30.486,0.02,2.275,2.43
ATOM,4514.0,C,PRO,292,34.691,64.268,30.193,0.51,2.0,0.0
ATOM,4515.0,O,PRO,292,33.873,64.464,31.077,-0.51,1.7,2.3
ATOM,4516.0,CB,PRO,292,35.597,61.939,30.196,-0.18,2.175,13.52
ATOM,4517.0,CG,PRO,292,35.478,61.218,31.5,-0.18,2.175,21.58
ATOM,4518.0,CD,PRO,292,35.878,62.219,32.568,0.0,2.175,10.77
ATOM,4519.0,HA,PRO,292,36.689,63.704,29.889,0.09,1.32,4.26
ATOM,4520.0,HB2,PRO,292,34.734,61.867,29.663,0.09,1.32,1.89
ATOM,4521.0,HB3,PRO,292,36.331,61.531,29.622,0.09,1.32,12.27
ATOM,4522.0,HG2,PRO,292,34.534,60.904,31.647,0.09,1.32,11.97
ATOM,4523.0,HG3,PRO,292,36.088,60.419,31.52,0.09,1.32,11.92
ATOM,4524.0,HD2,PRO,292,35.108,62.408,33.198,0.09,1.32,4.2
ATOM,4525.0,HD3,PRO,292,36.648,61.869,33.128,0.09,1.32,5.06
ATOM,4526.0,N,PRO,293,34.547,64.743,28.952,-0.29,1.85,0.0
ATOM,4527.0,CA,PRO,293,33.352,65.426,28.525,0.02,2.275,0.0
ATOM,4528.0,C,PRO,293,32.263,64.389,28.6,0.51,2.0,0.0
ATOM,4529.0,O,PRO,293,32.612,63.229,28.456,-0.51,1.7,13.6
ATOM,4530.0,CB,PRO,293,33.58,65.753,27.06,-0.18,2.175,11.84
ATOM,4531.0,CG,PRO,293,35.055,65.518,26.767,-0.18,2.175,19.91
ATOM,4532.0,CD,PRO,293,35.645,64.845,27.978,0.0,2.175,10.81
ATOM,4533.0,HA,PRO,293,33.15,66.203,29.097,0.09,1.32,0.0
ATOM,4534.0,HB2,PRO,293,33.013,65.165,26.461,0.09,1.32,9.08
ATOM,4535.0,HB3,PRO,293,33.338,66.715,26.857,0.09,1.32,9.33
ATOM,4536.0,HG2,PRO,293,35.151,64.939,25.946,0.09,1.32,11.84
ATOM,4537.0,HG3,PRO,293,35.509,66.4,26.583,0.09,1.32,6.31
ATOM,4538.0,HD2,PRO,293,36.0,63.928,27.75,0.09,1.32,6.47
ATOM,4539.0,HD3,PRO,293,36.408,65.385,28.362,0.09,1.32,2.73
ATOM,4540.0,N,PRO,294,30.981,64.704,28.895,-0.29,1.85,0.0
ATOM,4541.0,CA,PRO,294,30.335,66.012,29.101,0.02,2.275,0.39
ATOM,4542.0,C,PRO,294,30.678,66.814,30.372,0.51,2.0,0.09
ATOM,4543.0,O,PRO,294,30.798,68.011,30.294,-0.51,1.7,18.47
ATOM,4544.0,CB,PRO,294,28.838,65.74,29.112,-0.18,2.175,16.57
ATOM,4545.0,CG,PRO,294,28.653,64.273,28.723,-0.18,2.175,22.39
ATOM,4546.0,CD,PRO,294,30.006,63.603,28.816,0.0,2.175,14.39
ATOM,4547.0,HA,PRO,294,30.483,66.61,28.263,0.09,1.32,7.34
ATOM,4548.0,HB2,PRO,294,28.443,65.902,30.027,0.09,1.32,7.88
ATOM,4549.0,HB3,PRO,294,28.353,66.331,28.454,0.09,1.32,12.19
ATOM,4550.0,HG2,PRO,294,27.99,63.839,29.347,0.09,1.32,12.15
ATOM,4551.0,HG3,PRO,294,28.284,64.216,27.786,0.09,1.32,12.01
ATOM,4552.0,HD2,PRO,294,30.066,63.019,29.634,0.09,1.32,10.94
ATOM,4553.0,HD3,PRO,294,30.185,63.03,28.006,0.09,1.32,9.43
ATOM,4554.0,N,THR,295,30.769,66.244,31.566,-0.47,1.85,0.0
ATOM,4555.0,CA,THR,295,31.067,67.126,32.652,0.07,2.275,0.88
ATOM,4556.0,C,THR,295,32.35,67.905,32.416,0.51,2.0,0.0
ATOM,4557.0,O,THR,295,32.399,69.14,32.542,-0.51,1.7,0.86
ATOM,4558.0,CB,THR,295,31.182,66.399,33.997,0.14,2.275,4.17
ATOM,4559.0,OG1,THR,295,29.946,65.81,34.306,-0.66,1.77,5.72
ATOM,4560.0,CG2,THR,295,31.61,67.351,35.121,-0.27,2.06,1.7
ATOM,4561.0,H,THR,295,30.624,65.253,31.615,0.31,0.2245,3.83
ATOM,4562.0,HA,THR,295,30.311,67.795,32.753,0.09,1.32,1.8
ATOM,4563.0,HB,THR,295,31.886,65.663,33.909,0.09,1.32,1.1
ATOM,4564.0,HG21,THR,295,30.814,67.863,35.446,0.09,1.32,0.0
ATOM,4565.0,HG22,THR,295,31.998,66.822,35.877,0.09,1.32,1.92
ATOM,4566.0,HG23,THR,295,32.298,67.99,34.774,0.09,1.32,0.0
ATOM,4567.0,HG1,THR,295,29.294,66.496,34.66,0.43,0.2245,0.62
ATOM,4568.0,N,GLY,296,33.407,67.164,32.139,-0.47,1.85,0.0
ATOM,4569.0,CA,GLY,296,34.724,67.735,32.085,-0.02,2.175,0.0
ATOM,4570.0,C,GLY,296,35.018,68.224,30.723,0.51,2.0,0.18
ATOM,4571.0,O,GLY,296,34.218,68.018,29.848,-0.51,1.7,4.11
ATOM,4572.0,H,GLY,296,33.202,66.158,31.969,0.31,0.2245,0.0
ATOM,4573.0,HA2,GLY,296,34.787,68.496,32.75,0.09,1.32,0.0
ATOM,4574.0,HA3,GLY,296,35.403,67.036,32.359,0.09,1.32,0.0
ATOM,4575.0,N,PRO,297,36.155,68.824,30.509,-0.29,1.85,0.0
ATOM,4576.0,CA,PRO,297,37.153,69.086,31.499,0.02,2.275,0.0
ATOM,4577.0,C,PRO,297,36.678,70.173,32.454,0.51,2.0,0.14
ATOM,4578.0,O,PRO,297,35.974,71.073,32.017,-0.51,1.7,8.02
ATOM,4579.0,CB,PRO,297,38.352,69.579,30.691,-0.18,2.175,6.48
ATOM,4580.0,CG,PRO,297,37.96,69.66,29.223,-0.18,2.175,21.45
ATOM,4581.0,CD,PRO,297,36.464,69.421,29.195,0.0,2.175,13.23
ATOM,4582.0,HA,PRO,297,37.398,68.253,32.012,0.09,1.32,0.0
ATOM,4583.0,HB2,PRO,297,38.657,70.495,31.018,0.09,1.32,8.28
ATOM,4584.0,HB3,PRO,297,39.147,68.952,30.802,0.09,1.32,7.36
ATOM,4585.0,HG2,PRO,297,38.186,70.563,28.858,0.09,1.32,11.69
ATOM,4586.0,HG3,PRO,297,38.446,68.959,28.701,0.09,1.32,10.95
ATOM,4587.0,HD2,PRO,297,35.962,70.281,29.073,0.09,1.32,10.09
ATOM,4588.0,HD3,PRO,297,36.211,68.791,28.454,0.09,1.32,0.4
ATOM,4589.0,N,THR,298,37.012,70.062,33.748,-0.47,1.85,0.41
ATOM,4590.0,CA,THR,298,36.58,71.011,34.768,0.07,2.275,2.73
ATOM,4591.0,C,THR,298,37.56,71.022,35.879,0.51,2.0,0.73
ATOM,4592.0,O,THR,298,38.374,70.126,35.969,-0.51,1.7,0.03
ATOM,4593.0,CB,THR,298,35.314,70.544,35.537,0.14,2.275,0.0
ATOM,4594.0,OG1,THR,298,34.737,69.387,34.983,-0.66,1.77,0.0
ATOM,4595.0,CG2,THR,298,34.271,71.612,35.778,-0.27,2.06,0.0
ATOM,4596.0,H,THR,298,37.612,69.23,33.959,0.31,0.2245,0.22
ATOM,4597.0,HA,THR,298,36.541,71.923,34.346,0.09,1.32,0.58
ATOM,4598.0,HB,THR,298,35.592,70.342,36.513,0.09,1.32,0.0
ATOM,4599.0,HG21,THR,298,33.357,71.255,35.566,0.09,1.32,0.0
ATOM,4600.0,HG22,THR,298,34.291,71.903,36.739,0.09,1.32,0.0
ATOM,4601.0,HG23,THR,298,34.452,72.408,35.194,0.09,1.32,0.0
ATOM,4602.0,HG1,THR,298,34.059,69.624,34.273,0.43,0.2245,0.0
ATOM,4603.0,N,TRP,299,37.372,71.991,36.767,-0.47,1.85,0.0
ATOM,4604.0,CA,TRP,299,38.017,72.039,38.042,0.07,2.275,0.0
ATOM,4605.0,C,TRP,299,36.956,71.414,38.916,0.51,2.0,0.0
ATOM,4606.0,O,TRP,299,35.773,71.44,38.55,-0.51,1.7,0.0
ATOM,4607.0,CB,TRP,299,38.254,73.477,38.53,-0.18,2.175,0.0
ATOM,4608.0,CG,TRP,299,39.406,74.131,37.891,-0.03,1.9924,0.0
ATOM,4609.0,CD1,TRP,299,39.432,74.614,36.598,0.035,1.9924,2.89
ATOM,4610.0,CD2,TRP,299,40.702,74.391,38.46,-0.02,1.8,0.0
ATOM,4611.0,NE1,TRP,299,40.657,75.161,36.326,-0.61,1.85,1.09
ATOM,4612.0,CE2,TRP,299,41.47,75.033,37.439,0.13,1.8,0.0
ATOM,4613.0,CE3,TRP,299,41.279,74.162,39.694,-0.115,1.9924,0.0
ATOM,4614.0,CZ2,TRP,299,42.789,75.397,37.64,-0.115,1.9924,0.0
ATOM,4615.0,CZ3,TRP,299,42.604,74.515,39.871,-0.115,1.9924,0.0
ATOM,4616.0,CH2,TRP,299,43.34,75.148,38.876,-0.115,1.9924,0.0
ATOM,4617.0,H,TRP,299,36.691,72.732,36.436,0.31,0.2245,0.0
ATOM,4618.0,HA,TRP,299,38.782,71.435,38.029,0.09,1.32,0.0
ATOM,4619.0,HB2,TRP,299,37.441,74.013,38.327,0.09,1.32,0.0
ATOM,4620.0,HB3,TRP,299,38.417,73.451,39.511,0.09,1.32,0.0
ATOM,4621.0,HD1,TRP,299,38.667,74.567,35.962,0.115,1.3582,0.27
ATOM,4622.0,HE1,TRP,299,40.932,75.587,35.466,0.38,0.2245,5.31
ATOM,4623.0,HE3,TRP,299,40.765,73.755,40.444,0.115,1.3582,0.0
ATOM,4624.0,HZ2,TRP,299,43.321,75.828,36.902,0.115,1.3582,0.25
ATOM,4625.0,HZ3,TRP,299,43.042,74.303,40.75,0.115,1.3582,0.03
ATOM,4626.0,HH2,TRP,299,44.28,75.425,39.063,0.115,1.3582,0.0
ATOM,4627.0,N,ALA,300,37.346,70.858,40.046,-0.47,1.85,0.0
ATOM,4628.0,CA,ALA,300,36.373,70.308,40.989,0.07,2.275,0.0
ATOM,4629.0,C,ALA,300,36.7,70.892,42.353,0.51,2.0,0.0
ATOM,4630.0,O,ALA,300,37.853,70.813,42.82,-0.51,1.7,0.0
ATOM,4631.0,CB,ALA,300,36.453,68.783,41.033,-0.27,2.06,3.8
ATOM,4632.0,H,ALA,300,38.368,70.843,40.207,0.31,0.2245,0.0
ATOM,4633.0,HA,ALA,300,35.464,70.602,40.722,0.09,1.32,0.0
ATOM,4634.0,HB1,ALA,300,35.68,68.426,41.554,0.09,1.32,0.0
ATOM,4635.0,HB2,ALA,300,36.424,68.423,40.102,0.09,1.32,0.0
ATOM,4636.0,HB3,ALA,300,37.307,68.509,41.471,0.09,1.32,0.21
ATOM,4637.0,N,LEU,301,35.764,71.568,42.984,-0.47,1.85,0.0
ATOM,4638.0,CA,LEU,301,36.142,72.055,44.27,0.07,2.275,0.0
ATOM,4639.0,C,LEU,301,35.76,71.013,45.322,0.51,2.0,0.0
ATOM,4640.0,O,LEU,301,34.595,70.883,45.609,-0.51,1.7,0.0
ATOM,4641.0,CB,LEU,301,35.63,73.471,44.599,-0.18,2.175,0.0
ATOM,4642.0,CG,LEU,301,35.844,74.426,43.461,-0.09,2.275,0.0
ATOM,4643.0,CD1,LEU,301,34.905,75.617,43.551,-0.27,2.06,0.0
ATOM,4644.0,CD2,LEU,301,37.283,74.854,43.454,-0.27,2.06,0.0
ATOM,4645.0,H,LEU,301,34.883,71.686,42.528,0.31,0.2245,0.0
ATOM,4646.0,HA,LEU,301,37.135,72.178,44.306,0.09,1.32,0.0
ATOM,4647.0,HB2,LEU,301,34.667,73.401,44.772,0.09,1.32,0.0
ATOM,4648.0,HB3,LEU,301,36.133,73.791,45.376,0.09,1.32,0.0
ATOM,4649.0,HG,LEU,301,35.685,73.951,42.588,0.09,1.32,0.0
ATOM,4650.0,HD11,LEU,301,35.065,76.107,44.409,0.09,1.32,0.0
ATOM,4651.0,HD12,LEU,301,35.071,76.234,42.781,0.09,1.32,0.0
ATOM,4652.0,HD13,LEU,301,33.956,75.299,43.523,0.09,1.32,0.0
ATOM,4653.0,HD21,LEU,301,37.88,74.055,43.338,0.09,1.32,0.0
ATOM,4654.0,HD22,LEU,301,37.449,75.495,42.699,0.09,1.32,0.0
ATOM,4655.0,HD23,LEU,301,37.512,75.307,44.32,0.09,1.32,0.0
ATOM,4656.0,N,GLY,302,36.753,70.284,45.903,-0.47,1.85,0.0
ATOM,4657.0,CA,GLY,302,36.546,69.202,46.875,-0.02,2.175,0.0
ATOM,4658.0,C,GLY,302,36.46,69.653,48.328,0.51,2.0,0.0
ATOM,4659.0,O,GLY,302,36.208,70.81,48.578,-0.51,1.7,0.0
ATOM,4660.0,H,GLY,302,37.714,70.579,45.579,0.31,0.2245,0.0
ATOM,4661.0,HA2,GLY,302,35.69,68.699,46.63,0.09,1.32,0.0
ATOM,4662.0,HA3,GLY,302,37.306,68.525,46.78,0.09,1.32,0.0
ATOM,4663.0,N,ALA,303,36.629,68.718,49.291,-0.47,1.85,0.0
ATOM,4664.0,CA,ALA,303,36.604,69.037,50.716,0.07,2.275,0.0
ATOM,4665.0,C,ALA,303,37.54,70.181,51.077,0.51,2.0,0.0
ATOM,4666.0,O,ALA,303,37.295,70.887,52.021,-0.51,1.7,0.0
ATOM,4667.0,CB,ALA,303,36.834,67.807,51.606,-0.27,2.06,0.0
ATOM,4668.0,H,ALA,303,36.778,67.755,48.919,0.31,0.2245,0.0
ATOM,4669.0,HA,ALA,303,35.658,69.301,50.971,0.09,1.32,0.0
ATOM,4670.0,HB1,ALA,303,36.3,67.042,51.252,0.09,1.32,1.07
ATOM,4671.0,HB2,ALA,303,37.804,67.574,51.598,0.09,1.32,0.0
ATOM,4672.0,HB3,ALA,303,36.545,68.018,52.537,0.09,1.32,0.0
ATOM,4673.0,N,THR,304,38.61,70.423,50.334,-0.47,1.85,0.0
ATOM,4674.0,CA,THR,304,39.56,71.523,50.623,0.07,2.275,0.0
ATOM,4675.0,C,THR,304,38.999,72.906,50.631,0.51,2.0,0.0
ATOM,4676.0,O,THR,304,39.486,73.795,51.325,-0.51,1.7,0.77
ATOM,4677.0,CB,THR,304,40.695,71.553,49.631,0.14,2.275,0.0
ATOM,4678.0,OG1,THR,304,41.324,70.325,49.711,-0.66,1.77,0.0
ATOM,4679.0,CG2,THR,304,41.712,72.549,50.114,-0.27,2.06,0.0
ATOM,4680.0,H,THR,304,38.737,69.777,49.523,0.31,0.2245,0.0
ATOM,4681.0,HA,THR,304,39.976,71.324,51.546,0.09,1.32,0.0
ATOM,4682.0,HB,THR,304,40.312,71.674,48.695,0.09,1.32,0.0
ATOM,4683.0,HG21,THR,304,41.671,72.632,51.115,0.09,1.32,0.0
ATOM,4684.0,HG22,THR,304,42.638,72.256,49.854,0.09,1.32,0.0
ATOM,4685.0,HG23,THR,304,41.535,73.453,49.709,0.09,1.32,0.0
ATOM,4686.0,HG1,THR,304,42.079,70.246,49.038,0.43,0.2245,0.0
ATOM,4687.0,N,PHE,305,38.042,73.096,49.749,-0.47,1.85,0.0
ATOM,4688.0,CA,PHE,305,37.361,74.348,49.527,0.07,2.275,0.0
ATOM,4689.0,C,PHE,305,36.119,74.467,50.426,0.51,2.0,0.0
ATOM,4690.0,O,PHE,305,35.987,75.404,51.175,-0.51,1.7,0.0
ATOM,4691.0,CB,PHE,305,37.042,74.413,48.029,-0.18,2.175,0.0
ATOM,4692.0,CG,PHE,305,36.381,75.678,47.628,0.0,1.9924,0.0
ATOM,4693.0,CD1,PHE,305,35.001,75.818,47.754,-0.115,1.9924,0.0
ATOM,4694.0,CD2,PHE,305,37.136,76.753,47.156,-0.115,1.9924,0.0
ATOM,4695.0,CE1,PHE,305,34.357,77.004,47.425,-0.115,1.9924,0.0
ATOM,4696.0,CE2,PHE,305,36.494,77.944,46.815,-0.115,1.9924,0.0
ATOM,4697.0,CZ,PHE,305,35.117,78.074,46.968,-0.115,1.9924,0.0
ATOM,4698.0,H,PHE,305,37.804,72.218,49.193,0.31,0.2245,0.0
ATOM,4699.0,HA,PHE,305,37.983,75.087,49.809,0.09,1.32,0.0
ATOM,4700.0,HB2,PHE,305,37.897,74.334,47.541,0.09,1.32,0.0
ATOM,4701.0,HB3,PHE,305,36.436,73.66,47.823,0.09,1.32,0.0
ATOM,4702.0,HD1,PHE,305,34.458,75.048,48.091,0.115,1.3582,0.0
ATOM,4703.0,HD2,PHE,305,38.117,76.671,47.065,0.115,1.3582,0.0
ATOM,4704.0,HE1,PHE,305,33.366,77.079,47.516,0.115,1.3582,0.0
ATOM,4705.0,HE2,PHE,305,37.042,78.717,46.452,0.115,1.3582,0.0
ATOM,4706.0,HZ,PHE,305,34.669,78.943,46.749,0.115,1.3582,0.0
ATOM,4707.0,N,ILE,306,35.237,73.471,50.408,-0.47,1.85,0.0
ATOM,4708.0,CA,ILE,306,34.068,73.416,51.241,0.07,2.275,0.0
ATOM,4709.0,C,ILE,306,34.419,73.67,52.706,0.51,2.0,0.0
ATOM,4710.0,O,ILE,306,33.63,74.267,53.456,-0.51,1.7,0.0
ATOM,4711.0,CB,ILE,306,33.392,72.074,51.213,-0.09,2.275,0.0
ATOM,4712.0,CG1,ILE,306,33.206,71.414,49.835,-0.18,2.175,0.0
ATOM,4713.0,CG2,ILE,306,32.071,72.257,51.901,-0.27,2.06,0.0
ATOM,4714.0,CD1,ILE,306,32.208,72.118,48.961,-0.27,2.06,0.0
ATOM,4715.0,H,ILE,306,35.482,72.712,49.711,0.31,0.2245,0.0
ATOM,4716.0,HA,ILE,306,33.471,74.177,50.96,0.09,1.32,0.0
ATOM,4717.0,HB,ILE,306,33.941,71.421,51.78,0.09,1.32,0.0
ATOM,4718.0,HG12,ILE,306,34.093,71.397,49.379,0.09,1.32,0.0
ATOM,4719.0,HG13,ILE,306,32.905,70.473,49.985,0.09,1.32,0.0
ATOM,4720.0,HG21,ILE,306,31.625,71.369,52.032,0.09,1.32,0.0
ATOM,4721.0,HG22,ILE,306,32.206,72.687,52.796,0.09,1.32,0.0
ATOM,4722.0,HG23,ILE,306,31.473,72.841,51.348,0.09,1.32,0.0
ATOM,4723.0,HD11,ILE,306,32.506,73.06,48.801,0.09,1.32,0.0
ATOM,4724.0,HD12,ILE,306,32.133,71.642,48.084,0.09,1.32,0.0
ATOM,4725.0,HD13,ILE,306,31.313,72.126,49.41,0.09,1.32,0.0
ATOM,4726.0,N,ARG,307,35.619,73.233,53.123,-0.47,1.85,0.0
ATOM,4727.0,CA,ARG,307,36.084,73.452,54.469,0.07,2.275,0.0
ATOM,4728.0,C,ARG,307,36.128,74.955,54.826,0.51,2.0,0.0
ATOM,4729.0,O,ARG,307,35.988,75.374,55.961,-0.51,1.7,0.18
ATOM,4730.0,CB,ARG,307,37.476,72.895,54.663,-0.18,2.175,1.72
ATOM,4731.0,CG,ARG,307,37.503,71.54,55.308,-0.18,2.175,0.0
ATOM,4732.0,CD,ARG,307,38.837,71.252,56.039,0.2,2.175,0.58
ATOM,4733.0,NE,ARG,307,39.982,70.965,55.181,-0.7,1.85,0.0
ATOM,4734.0,CZ,ARG,307,40.076,69.935,54.348,0.64,2.0,0.0
ATOM,4735.0,NH1,ARG,307,39.093,69.073,54.242,-0.8,1.85,0.0
ATOM,4736.0,NH2,ARG,307,41.165,69.748,53.605,-0.8,1.85,0.0
ATOM,4737.0,H,ARG,307,36.164,72.732,52.39,0.31,0.2245,0.0
ATOM,4738.0,HA,ARG,307,35.458,72.999,55.121,0.09,1.32,0.0
ATOM,4739.0,HB2,ARG,307,37.915,72.825,53.768,0.09,1.32,0.0
ATOM,4740.0,HB3,ARG,307,37.99,73.527,55.24,0.09,1.32,2.47
ATOM,4741.0,HG2,ARG,307,36.773,71.464,55.989,0.09,1.32,0.0
ATOM,4742.0,HG3,ARG,307,37.387,70.824,54.618,0.09,1.32,0.0
ATOM,4743.0,HD2,ARG,307,39.041,72.058,56.612,0.09,1.32,0.65
ATOM,4744.0,HD3,ARG,307,38.673,70.467,56.654,0.09,1.32,0.0
ATOM,4745.0,HE,ARG,307,40.769,71.603,55.224,0.44,0.2245,9.77
ATOM,4746.0,HH11,ARG,307,38.247,69.177,54.764,0.46,0.2245,0.0
ATOM,4747.0,HH12,ARG,307,39.182,68.281,53.619,0.46,0.2245,0.0
ATOM,4748.0,HH21,ARG,307,41.913,70.418,53.673,0.46,0.2245,3.43
ATOM,4749.0,HH22,ARG,307,41.236,68.968,52.999,0.46,0.2245,0.04
ATOM,4750.0,N,LYS,308,36.469,75.813,53.909,-0.47,1.85,0.0
ATOM,4751.0,CA,LYS,308,36.529,77.184,54.295,0.07,2.275,0.03
ATOM,4752.0,C,LYS,308,35.209,77.848,53.979,0.51,2.0,0.0
ATOM,4753.0,O,LYS,308,34.823,78.869,54.541,-0.51,1.7,0.11
ATOM,4754.0,CB,LYS,308,37.678,77.847,53.564,-0.18,2.175,0.03
ATOM,4755.0,CG,LYS,308,37.966,79.268,53.986,-0.18,2.175,0.0
ATOM,4756.0,CD,LYS,308,39.183,79.851,53.277,-0.18,2.175,0.0
ATOM,4757.0,CE,LYS,308,39.533,81.255,53.733,0.21,2.175,8.97
ATOM,4758.0,NZ,LYS,308,40.699,81.783,53.048,-0.3,1.85,2.32
ATOM,4759.0,H,LYS,308,36.669,75.447,52.982,0.31,0.2245,0.0
ATOM,4760.0,HA,LYS,308,36.692,77.251,55.285,0.09,1.32,0.65
ATOM,4761.0,HB2,LYS,308,38.507,77.3,53.716,0.09,1.32,1.27
ATOM,4762.0,HB3,LYS,308,37.468,77.846,52.581,0.09,1.32,0.0
ATOM,4763.0,HG2,LYS,308,37.169,79.844,53.777,0.09,1.32,0.0
ATOM,4764.0,HG3,LYS,308,38.131,79.294,54.977,0.09,1.32,2.41
ATOM,4765.0,HD2,LYS,308,39.97,79.253,53.45,0.09,1.32,0.0
ATOM,4766.0,HD3,LYS,308,39.0,79.872,52.291,0.09,1.32,0.0
ATOM,4767.0,HE2,LYS,308,38.735,81.851,53.566,0.05,1.32,2.59
ATOM,4768.0,HE3,LYS,308,39.699,81.233,54.729,0.05,1.32,10.54
ATOM,4769.0,HZ1,LYS,308,41.134,81.065,52.494,0.33,0.2245,0.0
ATOM,4770.0,HZ2,LYS,308,40.435,82.54,52.441,0.33,0.2245,5.26
ATOM,4771.0,HZ3,LYS,308,41.371,82.125,53.714,0.33,0.2245,10.93
ATOM,4772.0,N,PHE,309,34.498,77.251,53.058,-0.47,1.85,0.0
ATOM,4773.0,CA,PHE,309,33.264,77.837,52.616,0.07,2.275,0.0
ATOM,4774.0,C,PHE,309,32.033,76.945,52.693,0.51,2.0,0.0
ATOM,4775.0,O,PHE,309,31.796,76.075,51.85,-0.51,1.7,0.0
ATOM,4776.0,CB,PHE,309,33.447,78.413,51.206,-0.18,2.175,0.0
ATOM,4777.0,CG,PHE,309,34.609,79.351,51.085,0.0,1.9924,0.0
ATOM,4778.0,CD1,PHE,309,34.528,80.631,51.637,-0.115,1.9924,0.88
ATOM,4779.0,CD2,PHE,309,35.727,78.994,50.332,-0.115,1.9924,0.0
ATOM,4780.0,CE1,PHE,309,35.591,81.522,51.52,-0.115,1.9924,3.62
ATOM,4781.0,CE2,PHE,309,36.803,79.869,50.222,-0.115,1.9924,0.0
ATOM,4782.0,CZ,PHE,309,36.754,81.107,50.868,-0.115,1.9924,0.35
ATOM,4783.0,H,PHE,309,34.885,76.364,52.695,0.31,0.2245,0.0
ATOM,4784.0,HA,PHE,309,33.074,78.641,53.228,0.09,1.32,0.0
ATOM,4785.0,HB2,PHE,309,33.596,77.655,50.59,0.09,1.32,0.0
ATOM,4786.0,HB3,PHE,309,32.624,78.909,50.976,0.09,1.32,0.0
ATOM,4787.0,HD1,PHE,309,33.706,80.91,52.119,0.115,1.3582,0.13
ATOM,4788.0,HD2,PHE,309,35.754,78.112,49.874,0.115,1.3582,0.0
ATOM,4789.0,HE1,PHE,309,35.518,82.443,51.897,0.115,1.3582,9.44
ATOM,4790.0,HE2,PHE,309,37.611,79.609,49.678,0.115,1.3582,0.0
ATOM,4791.0,HZ,PHE,309,37.558,81.704,50.866,0.115,1.3582,0.98
ATOM,4792.0,N,TYR,310,31.168,77.265,53.64,-0.47,1.85,0.0
ATOM,4793.0,CA,TYR,310,29.927,76.575,53.761,0.07,2.275,0.0
ATOM,4794.0,C,TYR,310,29.202,76.576,52.399,0.51,2.0,0.0
ATOM,4795.0,O,TYR,310,29.129,77.598,51.707,-0.51,1.7,0.0
ATOM,4796.0,CB,TYR,310,29.107,77.311,54.824,-0.18,2.175,0.0
ATOM,4797.0,CG,TYR,310,27.892,76.554,55.312,0.0,1.9924,0.0
ATOM,4798.0,CD1,TYR,310,26.64,76.694,54.692,-0.115,1.9924,0.0
ATOM,4799.0,CD2,TYR,310,28.006,75.765,56.456,-0.115,1.9924,0.0
ATOM,4800.0,CE1,TYR,310,25.513,75.998,55.138,-0.115,1.9924,0.0
ATOM,4801.0,CE2,TYR,310,26.886,75.095,56.945,-0.115,1.9924,0.0
ATOM,4802.0,CZ,TYR,310,25.67,75.208,56.278,0.11,1.9924,0.0
ATOM,4803.0,OH,TYR,310,24.636,74.524,56.767,-0.54,1.77,0.0
ATOM,4804.0,H,TYR,310,31.474,78.04,54.262,0.31,0.2245,0.0
ATOM,4805.0,HA,TYR,310,30.097,75.617,54.005,0.09,1.32,0.0
ATOM,4806.0,HB2,TYR,310,29.7,77.489,55.608,0.09,1.32,0.0
ATOM,4807.0,HB3,TYR,310,28.798,78.178,54.435,0.09,1.32,0.0
ATOM,4808.0,HD1,TYR,310,26.551,77.312,53.906,0.115,1.3582,0.0
ATOM,4809.0,HD2,TYR,310,28.874,75.68,56.917,0.115,1.3582,0.0
ATOM,4810.0,HE1,TYR,310,24.654,76.06,54.672,0.115,1.3582,0.0
ATOM,4811.0,HE2,TYR,310,26.955,74.537,57.77,0.115,1.3582,0.0
ATOM,4812.0,HH,TYR,310,23.781,74.824,56.33,0.43,0.2245,0.0
ATOM,4813.0,N,THR,311,28.69,75.424,51.98,-0.47,1.85,0.0
ATOM,4814.0,CA,THR,311,28.037,75.341,50.7,0.07,2.275,0.0
ATOM,4815.0,C,THR,311,26.587,74.963,50.748,0.51,2.0,0.0
ATOM,4816.0,O,THR,311,26.2,74.002,51.417,-0.51,1.7,0.0
ATOM,4817.0,CB,THR,311,28.89,74.491,49.74,0.14,2.275,0.0
ATOM,4818.0,OG1,THR,311,30.144,75.133,49.781,-0.66,1.77,0.0
ATOM,4819.0,CG2,THR,311,28.414,74.484,48.27,-0.27,2.06,0.0
ATOM,4820.0,H,THR,311,28.802,74.632,52.633,0.31,0.2245,0.0
ATOM,4821.0,HA,THR,311,28.116,76.258,50.239,0.09,1.32,0.0
ATOM,4822.0,HB,THR,311,28.977,73.572,50.12,0.09,1.32,0.0
ATOM,4823.0,HG21,THR,311,29.058,73.955,47.719,0.09,1.32,0.0
ATOM,4824.0,HG22,THR,311,27.507,74.069,48.221,0.09,1.32,0.0
ATOM,4825.0,HG23,THR,311,28.374,75.423,47.933,0.09,1.32,0.0
ATOM,4826.0,HG1,THR,311,30.098,75.981,50.327,0.43,0.2245,0.0
ATOM,4827.0,N,GLU,312,25.767,75.761,50.055,-0.47,1.85,0.0
ATOM,4828.0,CA,GLU,312,24.342,75.508,49.935,0.07,2.275,0.0
ATOM,4829.0,C,GLU,312,24.002,75.125,48.534,0.51,2.0,0.0
ATOM,4830.0,O,GLU,312,24.34,75.835,47.633,-0.51,1.7,0.0
ATOM,4831.0,CB,GLU,312,23.456,76.664,50.386,-0.18,2.175,0.0
ATOM,4832.0,CG,GLU,312,21.969,76.251,50.556,-0.28,2.175,0.0
ATOM,4833.0,CD,GLU,312,21.152,77.503,50.606,0.62,2.0,0.1
ATOM,4834.0,OE1,GLU,312,21.415,78.42,49.889,-0.76,1.7,0.92
ATOM,4835.0,OE2,GLU,312,20.371,77.648,51.641,-0.76,1.7,10.11
ATOM,4836.0,H,GLU,312,26.245,76.578,49.611,0.31,0.2245,0.0
ATOM,4837.0,HA,GLU,312,24.079,74.771,50.571,0.09,1.32,0.0
ATOM,4838.0,HB2,GLU,312,23.766,76.969,51.26,0.09,1.32,0.0
ATOM,4839.0,HB3,GLU,312,23.48,77.359,49.701,0.09,1.32,0.0
ATOM,4840.0,HG2,GLU,312,21.721,75.746,49.776,0.09,1.32,0.0
ATOM,4841.0,HG3,GLU,312,21.892,75.793,51.399,0.09,1.32,0.0
ATOM,4842.0,N,PHE,313,23.458,73.945,48.374,-0.47,1.85,0.0
ATOM,4843.0,CA,PHE,313,23.073,73.41,47.111,0.07,2.275,0.0
ATOM,4844.0,C,PHE,313,21.583,73.634,47.053,0.51,2.0,0.0
ATOM,4845.0,O,PHE,313,20.846,73.14,47.9,-0.51,1.7,0.0
ATOM,4846.0,CB,PHE,313,23.433,71.927,47.046,-0.18,2.175,0.0
ATOM,4847.0,CG,PHE,313,24.915,71.707,46.915,0.0,1.9924,0.0
ATOM,4848.0,CD1,PHE,313,25.535,71.721,45.663,-0.115,1.9924,0.0
ATOM,4849.0,CD2,PHE,313,25.706,71.535,48.053,-0.115,1.9924,0.0
ATOM,4850.0,CE1,PHE,313,26.91,71.529,45.543,-0.115,1.9924,0.0
ATOM,4851.0,CE2,PHE,313,27.091,71.381,47.958,-0.115,1.9924,0.0
ATOM,4852.0,CZ,PHE,313,27.677,71.337,46.697,-0.115,1.9924,0.0
ATOM,4853.0,H,PHE,313,23.327,73.413,49.286,0.31,0.2245,0.0
ATOM,4854.0,HA,PHE,313,23.474,73.976,46.407,0.09,1.32,0.0
ATOM,4855.0,HB2,PHE,313,23.135,71.505,47.881,0.09,1.32,0.0
ATOM,4856.0,HB3,PHE,313,22.996,71.543,46.254,0.09,1.32,0.0
ATOM,4857.0,HD1,PHE,313,24.99,71.871,44.844,0.115,1.3582,0.0
ATOM,4858.0,HD2,PHE,313,25.272,71.523,48.956,0.115,1.3582,0.0
ATOM,4859.0,HE1,PHE,313,27.339,71.528,44.64,0.115,1.3582,0.0
ATOM,4860.0,HE2,PHE,313,27.646,71.303,48.79,0.115,1.3582,0.0
ATOM,4861.0,HZ,PHE,313,28.662,71.166,46.607,0.115,1.3582,0.0
ATOM,4862.0,N,ASP,314,21.17,74.528,46.159,-0.47,1.85,0.0
ATOM,4863.0,CA,ASP,314,19.782,74.981,46.045,0.07,2.275,0.0
ATOM,4864.0,C,ASP,314,19.089,74.44,44.801,0.51,2.0,0.0
ATOM,4865.0,O,ASP,314,19.343,74.911,43.692,-0.51,1.7,0.0
ATOM,4866.0,CB,ASP,314,19.775,76.516,45.968,-0.28,2.175,0.0
ATOM,4867.0,CG,ASP,314,18.426,77.16,45.939,0.62,2.0,0.0
ATOM,4868.0,OD1,ASP,314,17.436,76.611,45.491,-0.76,1.7,0.01
ATOM,4869.0,OD2,ASP,314,18.44,78.395,46.377,-0.76,1.7,4.19
ATOM,4870.0,H,ASP,314,21.933,74.888,45.532,0.31,0.2245,0.0
ATOM,4871.0,HA,ASP,314,19.284,74.613,46.846,0.09,1.32,0.0
ATOM,4872.0,HB2,ASP,314,20.287,76.856,46.768,0.09,1.32,0.0
ATOM,4873.0,HB3,ASP,314,20.283,76.775,45.137,0.09,1.32,0.0
ATOM,4874.0,N,ARG,315,18.226,73.454,45.007,-0.47,1.85,0.0
ATOM,4875.0,CA,ARG,315,17.51,72.896,43.928,0.07,2.275,0.0
ATOM,4876.0,C,ARG,315,16.431,73.871,43.468,0.51,2.0,0.55
ATOM,4877.0,O,ARG,315,16.381,74.237,42.286,-0.51,1.7,4.16
ATOM,4878.0,CB,ARG,315,16.957,71.53,44.291,-0.18,2.175,0.03
ATOM,4879.0,CG,ARG,315,18.017,70.425,44.377,-0.18,2.175,0.0
ATOM,4880.0,CD,ARG,315,18.647,70.117,43.033,0.2,2.175,0.0
ATOM,4881.0,NE,ARG,315,17.656,69.541,42.137,-0.7,1.85,0.0
ATOM,4882.0,CZ,ARG,315,17.292,68.238,42.179,0.64,2.0,0.11
ATOM,4883.0,NH1,ARG,315,17.85,67.334,43.036,-0.8,1.85,0.39
ATOM,4884.0,NH2,ARG,315,16.38,67.813,41.301,-0.8,1.85,15.77
ATOM,4885.0,H,ARG,315,18.143,73.157,45.999,0.31,0.2245,0.0
ATOM,4886.0,HA,ARG,315,18.128,72.729,43.15,0.09,1.32,0.0
ATOM,4887.0,HB2,ARG,315,16.513,71.59,45.181,0.09,1.32,0.0
ATOM,4888.0,HB3,ARG,315,16.296,71.257,43.598,0.09,1.32,3.38
ATOM,4889.0,HG2,ARG,315,18.739,70.714,45.006,0.09,1.32,0.0
ATOM,4890.0,HG3,ARG,315,17.589,69.59,44.723,0.09,1.32,0.0
ATOM,4891.0,HD2,ARG,315,18.988,70.963,42.649,0.09,1.32,0.0
ATOM,4892.0,HD3,ARG,315,19.381,69.468,43.177,0.09,1.32,0.1
ATOM,4893.0,HE,ARG,315,17.219,70.122,41.458,0.44,0.2245,2.74
ATOM,4894.0,HH11,ARG,315,18.545,67.678,43.667,0.46,0.2245,0.43
ATOM,4895.0,HH12,ARG,315,17.566,66.399,43.017,0.46,0.2245,0.0
ATOM,4896.0,HH21,ARG,315,15.968,68.443,40.65,0.46,0.2245,15.02
ATOM,4897.0,HH22,ARG,315,16.108,66.847,41.3,0.46,0.2245,0.34
ATOM,4898.0,N,ARG,316,15.601,74.387,44.377,-0.47,1.85,0.0
ATOM,4899.0,CA,ARG,316,14.586,75.358,43.958,0.07,2.275,1.03
ATOM,4900.0,C,ARG,316,15.053,76.295,42.871,0.51,2.0,0.0
ATOM,4901.0,O,ARG,316,14.413,76.425,41.833,-0.51,1.7,13.77
ATOM,4902.0,CB,ARG,316,14.057,76.233,45.076,-0.18,2.175,2.39
ATOM,4903.0,CG,ARG,316,12.69,75.805,45.555,-0.18,2.175,5.27
ATOM,4904.0,CD,ARG,316,11.487,76.41,44.816,0.2,2.175,16.85
ATOM,4905.0,NE,ARG,316,11.722,77.752,44.293,-0.7,1.85,4.78
ATOM,4906.0,CZ,ARG,316,11.321,78.192,43.057,0.64,2.0,2.05
ATOM,4907.0,NH1,ARG,316,10.621,77.422,42.19,-0.8,1.85,22.08
ATOM,4908.0,NH2,ARG,316,11.637,79.452,42.668,-0.8,1.85,18.74
ATOM,4909.0,H,ARG,316,15.73,74.063,45.336,0.31,0.2245,0.0
ATOM,4910.0,HA,ARG,316,13.773,74.842,43.622,0.09,1.32,5.47
ATOM,4911.0,HB2,ARG,316,14.685,76.18,45.843,0.09,1.32,0.45
ATOM,4912.0,HB3,ARG,316,13.99,77.166,44.743,0.09,1.32,0.0
ATOM,4913.0,HG2,ARG,316,12.606,74.793,45.486,0.09,1.32,1.55
ATOM,4914.0,HG3,ARG,316,12.585,76.041,46.539,0.09,1.32,7.49
ATOM,4915.0,HD2,ARG,316,11.256,75.793,44.059,0.09,1.32,3.67
ATOM,4916.0,HD3,ARG,316,10.718,76.434,45.461,0.09,1.32,11.95
ATOM,4917.0,HE,ARG,316,12.212,78.415,44.866,0.44,0.2245,6.42
ATOM,4918.0,HH11,ARG,316,10.377,76.498,42.49,0.46,0.2245,11.26
ATOM,4919.0,HH12,ARG,316,10.37,77.771,41.309,0.46,0.2245,17.54
ATOM,4920.0,HH21,ARG,316,12.138,80.036,43.301,0.46,0.2245,8.2
ATOM,4921.0,HH22,ARG,316,11.367,79.77,41.771,0.46,0.2245,17.76
ATOM,4922.0,N,ASN,317,16.145,76.996,43.108,-0.47,1.85,0.0
ATOM,4923.0,CA,ASN,317,16.538,77.926,42.108,0.07,2.275,1.83
ATOM,4924.0,C,ASN,317,17.771,77.529,41.352,0.51,2.0,0.28
ATOM,4925.0,O,ASN,317,18.446,78.358,40.762,-0.51,1.7,6.94
ATOM,4926.0,CB,ASN,317,16.662,79.331,42.667,-0.18,2.175,6.32
ATOM,4927.0,CG,ASN,317,15.537,79.637,43.64,0.55,2.0,2.52
ATOM,4928.0,OD1,ASN,317,14.392,79.911,43.248,-0.55,1.7,11.75
ATOM,4929.0,ND2,ASN,317,15.818,79.501,44.932,-0.62,1.85,4.01
ATOM,4930.0,H,ASN,317,16.62,76.817,43.985,0.31,0.2245,0.0
ATOM,4931.0,HA,ASN,317,15.777,77.984,41.425,0.09,1.32,5.06
ATOM,4932.0,HB2,ASN,317,17.524,79.409,43.149,0.09,1.32,0.0
ATOM,4933.0,HB3,ASN,317,16.615,79.979,41.918,0.09,1.32,10.17
ATOM,4934.0,HD22,ASN,317,16.735,79.215,45.214,0.3,0.2245,0.0
ATOM,4935.0,HD21,ASN,317,15.117,79.682,45.62,0.32,0.2245,15.08
ATOM,4936.0,N,ASN,318,18.121,76.268,41.343,-0.47,1.85,0.0
ATOM,4937.0,CA,ASN,318,19.308,75.913,40.589,0.07,2.275,0.0
ATOM,4938.0,C,ASN,318,20.524,76.798,40.82,0.51,2.0,0.0
ATOM,4939.0,O,ASN,318,21.032,77.456,39.907,-0.51,1.7,0.42
ATOM,4940.0,CB,ASN,318,18.994,75.831,39.094,-0.18,2.175,13.15
ATOM,4941.0,CG,ASN,318,18.698,74.401,38.718,0.55,2.0,0.02
ATOM,4942.0,OD1,ASN,318,19.418,73.787,37.912,-0.55,1.7,0.92
ATOM,4943.0,ND2,ASN,318,17.488,73.992,39.06,-0.62,1.85,11.22
ATOM,4944.0,H,ASN,318,17.543,75.619,41.862,0.31,0.2245,0.0
ATOM,4945.0,HA,ASN,318,19.574,74.966,40.877,0.09,1.32,0.0
ATOM,4946.0,HB2,ASN,318,18.2,76.383,38.911,0.09,1.32,5.62
ATOM,4947.0,HB3,ASN,318,19.783,76.139,38.592,0.09,1.32,2.35
ATOM,4948.0,HD22,ASN,318,16.836,74.585,39.518,0.3,0.2245,4.23
ATOM,4949.0,HD21,ASN,318,17.21,73.039,38.848,0.32,0.2245,6.48
ATOM,4950.0,N,ARG,319,21.065,76.784,42.026,-0.47,1.85,0.0
ATOM,4951.0,CA,ARG,319,22.271,77.552,42.256,0.07,2.275,0.0
ATOM,4952.0,C,ARG,319,22.98,77.028,43.47,0.51,2.0,0.0
ATOM,4953.0,O,ARG,319,22.376,76.344,44.309,-0.51,1.7,0.0
ATOM,4954.0,CB,ARG,319,21.964,79.028,42.487,-0.18,2.175,0.12
ATOM,4955.0,CG,ARG,319,20.569,79.141,42.991,-0.18,2.175,0.0
ATOM,4956.0,CD,ARG,319,20.459,79.476,44.434,0.2,2.175,0.0
ATOM,4957.0,NE,ARG,319,20.228,80.889,44.508,-0.7,1.85,0.22
ATOM,4958.0,CZ,ARG,319,19.411,81.581,45.295,0.64,2.0,0.0
ATOM,4959.0,NH1,ARG,319,18.622,81.09,46.262,-0.8,1.85,3.51
ATOM,4960.0,NH2,ARG,319,19.448,82.89,45.097,-0.8,1.85,14.9
ATOM,4961.0,H,ARG,319,20.587,76.221,42.73,0.31,0.2245,0.0
ATOM,4962.0,HA,ARG,319,22.873,77.458,41.456,0.09,1.32,0.0
ATOM,4963.0,HB2,ARG,319,22.58,79.365,43.165,0.09,1.32,0.0
ATOM,4964.0,HB3,ARG,319,22.036,79.492,41.631,0.09,1.32,0.0
ATOM,4965.0,HG2,ARG,319,20.074,79.854,42.461,0.09,1.32,1.12
ATOM,4966.0,HG3,ARG,319,20.08,78.264,42.832,0.09,1.32,0.0
ATOM,4967.0,HD2,ARG,319,19.695,78.992,44.816,0.09,1.32,0.0
ATOM,4968.0,HD3,ARG,319,21.306,79.253,44.877,0.09,1.32,0.0
ATOM,4969.0,HE,ARG,319,20.786,81.481,43.84,0.44,0.2245,1.57
ATOM,4970.0,HH11,ARG,319,18.683,80.086,46.404,0.46,0.2245,0.0
ATOM,4971.0,HH12,ARG,319,18.039,81.659,46.785,0.46,0.2245,15.51
ATOM,4972.0,HH21,ARG,319,20.034,83.342,44.447,0.46,0.2245,10.89
ATOM,4973.0,HH22,ARG,319,18.822,83.482,45.662,0.46,0.2245,17.6
ATOM,4974.0,N,ILE,320,24.221,77.483,43.587,-0.47,1.85,0.0
ATOM,4975.0,CA,ILE,320,25.125,77.199,44.692,0.07,2.275,0.0
ATOM,4976.0,C,ILE,320,25.523,78.514,45.391,0.51,2.0,0.0
ATOM,4977.0,O,ILE,320,25.897,79.502,44.755,-0.51,1.7,0.0
ATOM,4978.0,CB,ILE,320,26.356,76.42,44.166,-0.09,2.275,0.0
ATOM,4979.0,CG1,ILE,320,25.984,74.992,43.836,-0.18,2.175,0.0
ATOM,4980.0,CG2,ILE,320,27.547,76.448,45.115,-0.27,2.06,0.0
ATOM,4981.0,CD1,ILE,320,26.932,74.382,42.818,-0.27,2.06,0.0
ATOM,4982.0,H,ILE,320,24.515,78.101,42.769,0.31,0.2245,0.0
ATOM,4983.0,HA,ILE,320,24.603,76.675,45.363,0.09,1.32,0.0
ATOM,4984.0,HB,ILE,320,26.66,76.871,43.332,0.09,1.32,0.0
ATOM,4985.0,HG12,ILE,320,26.014,74.448,44.664,0.09,1.32,0.0
ATOM,4986.0,HG13,ILE,320,25.066,74.978,43.458,0.09,1.32,0.0
ATOM,4987.0,HG21,ILE,320,28.327,75.999,44.683,0.09,1.32,0.0
ATOM,4988.0,HG22,ILE,320,27.783,77.395,45.325,0.09,1.32,0.0
ATOM,4989.0,HG23,ILE,320,27.312,75.969,45.959,0.09,1.32,0.0
ATOM,4990.0,HD11,ILE,320,27.859,74.389,43.187,0.09,1.32,0.0
ATOM,4991.0,HD12,ILE,320,26.651,73.443,42.629,0.09,1.32,0.0
ATOM,4992.0,HD13,ILE,320,26.9,74.918,41.977,0.09,1.32,0.0
ATOM,4993.0,N,GLY,321,25.409,78.539,46.712,-0.47,1.85,0.0
ATOM,4994.0,CA,GLY,321,25.809,79.71,47.475,-0.02,2.175,0.0
ATOM,4995.0,C,GLY,321,26.955,79.394,48.45,0.51,2.0,0.0
ATOM,4996.0,O,GLY,321,26.931,78.396,49.133,-0.51,1.7,0.0
ATOM,4997.0,H,GLY,321,25.022,77.678,47.137,0.31,0.2245,0.0
ATOM,4998.0,HA2,GLY,321,26.109,80.441,46.846,0.09,1.32,0.0
ATOM,4999.0,HA3,GLY,321,25.022,80.059,48.001,0.09,1.32,0.0
ATOM,5000.0,N,PHE,322,27.967,80.225,48.548,-0.47,1.85,0.0
ATOM,5001.0,CA,PHE,322,29.01,79.962,49.509,0.07,2.275,0.0
ATOM,5002.0,C,PHE,322,28.948,81.015,50.552,0.51,2.0,0.0
ATOM,5003.0,O,PHE,322,28.627,82.149,50.252,-0.51,1.7,0.46
ATOM,5004.0,CB,PHE,322,30.425,79.993,48.886,-0.18,2.175,0.0
ATOM,5005.0,CG,PHE,322,30.572,79.009,47.764,0.0,1.9924,0.0
ATOM,5006.0,CD1,PHE,322,30.626,77.641,48.025,-0.115,1.9924,0.0
ATOM,5007.0,CD2,PHE,322,30.598,79.442,46.439,-0.115,1.9924,0.0
ATOM,5008.0,CE1,PHE,322,30.688,76.707,46.996,-0.115,1.9924,0.0
ATOM,5009.0,CE2,PHE,322,30.715,78.516,45.402,-0.115,1.9924,0.0
ATOM,5010.0,CZ,PHE,322,30.734,77.149,45.68,-0.115,1.9924,0.0
ATOM,5011.0,H,PHE,322,27.95,81.034,47.914,0.31,0.2245,0.0
ATOM,5012.0,HA,PHE,322,28.79,79.089,49.946,0.09,1.32,0.0
ATOM,5013.0,HB2,PHE,322,30.57,80.895,48.53,0.09,1.32,0.0
ATOM,5014.0,HB3,PHE,322,31.063,79.757,49.593,0.09,1.32,0.0
ATOM,5015.0,HD1,PHE,322,30.619,77.32,48.972,0.115,1.3582,0.0
ATOM,5016.0,HD2,PHE,322,30.532,80.412,46.232,0.115,1.3582,0.0
ATOM,5017.0,HE1,PHE,322,30.7,75.729,47.21,0.115,1.3582,0.0
ATOM,5018.0,HE2,PHE,322,30.787,78.843,44.447,0.115,1.3582,0.0
ATOM,5019.0,HZ,PHE,322,30.78,76.487,44.933,0.115,1.3582,0.0
ATOM,5020.0,N,ALA,323,29.247,80.639,51.765,-0.47,1.85,0.0
ATOM,5021.0,CA,ALA,323,29.404,81.579,52.857,0.07,2.275,1.27
ATOM,5022.0,C,ALA,323,30.667,81.122,53.566,0.51,2.0,0.0
ATOM,5023.0,O,ALA,323,31.087,79.993,53.332,-0.51,1.7,0.0
ATOM,5024.0,CB,ALA,323,28.226,81.613,53.816,-0.27,2.06,0.0
ATOM,5025.0,H,ALA,323,29.365,79.603,51.889,0.31,0.2245,0.0
ATOM,5026.0,HA,ALA,323,29.552,82.481,52.494,0.09,1.32,2.35
ATOM,5027.0,HB1,ALA,323,28.471,81.145,54.665,0.09,1.32,0.0
ATOM,5028.0,HB2,ALA,323,27.985,82.562,54.018,0.09,1.32,0.0
ATOM,5029.0,HB3,ALA,323,27.441,81.154,53.4,0.09,1.32,0.0
ATOM,5030.0,N,LEU,324,31.257,82.003,54.382,-0.47,1.85,2.07
ATOM,5031.0,CA,LEU,324,32.454,81.817,55.2,0.07,2.275,0.07
ATOM,5032.0,C,LEU,324,32.139,80.911,56.383,0.51,2.0,0.0
ATOM,5033.0,O,LEU,324,31.359,81.267,57.265,-0.51,1.7,0.0
ATOM,5034.0,CB,LEU,324,32.916,83.195,55.71,-0.18,2.175,3.02
ATOM,5035.0,CG,LEU,324,34.418,83.442,55.704,-0.09,2.275,3.44
ATOM,5036.0,CD1,LEU,324,34.793,84.243,56.926,-0.27,2.06,25.29
ATOM,5037.0,CD2,LEU,324,35.196,82.143,55.655,-0.27,2.06,7.37
ATOM,5038.0,H,LEU,324,30.729,82.949,54.388,0.31,0.2245,2.62
ATOM,5039.0,HA,LEU,324,33.159,81.376,54.64,0.09,1.32,0.0
ATOM,5040.0,HB2,LEU,324,32.493,83.885,55.13,0.09,1.32,6.91
ATOM,5041.0,HB3,LEU,324,32.596,83.29,56.647,0.09,1.32,0.0
ATOM,5042.0,HG,LEU,324,34.661,83.949,54.882,0.09,1.32,8.24
ATOM,5043.0,HD11,LEU,324,34.542,83.738,57.755,0.09,1.32,0.31
ATOM,5044.0,HD12,LEU,324,35.781,84.412,56.933,0.09,1.32,10.43
ATOM,5045.0,HD13,LEU,324,34.311,85.122,56.919,0.09,1.32,9.3
ATOM,5046.0,HD21,LEU,324,34.957,81.637,54.824,0.09,1.32,0.0
ATOM,5047.0,HD22,LEU,324,36.179,82.337,55.652,0.09,1.32,3.11
ATOM,5048.0,HD23,LEU,324,34.973,81.585,56.456,0.09,1.32,0.0
ATOM,5049.0,N,ALA,325,32.666,79.684,56.395,-0.47,1.85,0.0
ATOM,5050.0,CA,ALA,325,32.339,78.771,57.469,0.07,2.275,0.0
ATOM,5051.0,C,ALA,325,32.876,79.238,58.813,0.51,2.0,0.0
ATOM,5052.0,O,ALA,325,33.799,79.997,58.917,-0.51,1.7,11.84
ATOM,5053.0,CB,ALA,325,32.833,77.368,57.164,-0.27,2.06,0.4
ATOM,5054.0,H,ALA,325,33.291,79.466,55.61,0.31,0.2245,0.0
ATOM,5055.0,HA,ALA,325,31.329,78.693,57.538,0.09,1.32,0.0
ATOM,5056.0,HB1,ALA,325,32.11,76.849,56.708,0.09,1.32,0.0
ATOM,5057.0,HB2,ALA,325,33.633,77.416,56.566,0.09,1.32,0.0
ATOM,5058.0,HB3,ALA,325,33.084,76.908,58.016,0.09,1.32,0.67
ATOM,5059.0,N,ARG,326,32.232,78.766,59.853,-0.47,1.85,0.0
ATOM,5060.0,CA,ARG,326,32.589,78.974,61.233,0.07,2.275,2.26
ATOM,5061.0,C,ARG,326,32.276,77.73,62.067,0.34,2.0,0.44
ATOM,5062.0,O,ARG,326,33.082,77.386,62.938,-0.67,1.7,32.49
ATOM,5063.0,CB,ARG,326,32.114,80.281,61.845,-0.18,2.175,7.27
ATOM,5064.0,CG,ARG,326,30.609,80.401,62.008,-0.18,2.175,0.0
ATOM,5065.0,CD,ARG,326,30.166,81.118,63.287,0.2,2.175,5.86
ATOM,5066.0,NE,ARG,326,29.11,82.109,63.033,-0.7,1.85,0.0
ATOM,5067.0,CZ,ARG,326,29.129,83.357,63.555,0.64,2.0,0.07
ATOM,5068.0,NH1,ARG,326,30.096,83.774,64.374,-0.8,1.85,14.23
ATOM,5069.0,NH2,ARG,326,28.169,84.229,63.236,-0.8,1.85,17.11
ATOM,5070.0,OXT,ARG,326,31.331,76.934,61.746,-0.67,1.7,0.0
ATOM,5071.0,H,ARG,326,31.373,78.182,59.579,0.31,0.2245,0.0
ATOM,5072.0,HA,ARG,326,33.578,79.156,61.299,0.09,1.32,7.46
ATOM,5073.0,HB2,ARG,326,32.529,80.375,62.75,0.09,1.32,7.09
ATOM,5074.0,HB3,ARG,326,32.42,81.033,61.261,0.09,1.32,0.0
ATOM,5075.0,HG2,ARG,326,30.226,80.908,61.226,0.09,1.32,0.0
ATOM,5076.0,HG3,ARG,326,30.198,79.481,62.018,0.09,1.32,0.0
ATOM,5077.0,HD2,ARG,326,29.825,80.431,63.922,0.09,1.32,0.0
ATOM,5078.0,HD3,ARG,326,30.961,81.577,63.671,0.09,1.32,1.14
ATOM,5079.0,HE,ARG,326,28.346,81.855,62.453,0.44,0.2245,0.0
ATOM,5080.0,HH11,ARG,326,30.846,83.147,64.596,0.46,0.2245,10.57
ATOM,5081.0,HH12,ARG,326,30.071,84.69,64.755,0.46,0.2245,17.63
ATOM,5082.0,HH21,ARG,326,27.452,83.95,62.593,0.46,0.2245,7.31
ATOM,5083.0,HH22,ARG,326,28.169,85.14,63.631,0.46,0.2245,18.09
