atom,serial,name,resname,resid,x,y,z,charges,radius,sasa
ATOM,1.0,N,TYR,50.0,106.967,-25.926,84.774,-0.3,1.85,12.1
ATOM,2.0,CA,TYR,50.0,106.436,-25.018,83.713,0.21,2.275,3.59
ATOM,3.0,C,TYR,50.0,106.657,-23.577,84.136,0.51,2.0,0.22
ATOM,4.0,O,TYR,50.0,107.474,-22.859,83.555,-0.51,1.7,24.44
ATOM,5.0,CB,TYR,50.0,104.93,-25.264,83.492,-0.18,2.175,0.19
ATOM,6.0,CG,TYR,50.0,104.308,-24.531,82.302,0.0,1.9924,0.0
ATOM,7.0,CD1,TYR,50.0,104.689,-24.826,80.989,-0.115,1.9924,4.91
ATOM,8.0,CD2,TYR,50.0,103.317,-23.564,82.492,-0.115,1.9924,0.11
ATOM,9.0,CE1,TYR,50.0,104.097,-24.174,79.894,-0.115,1.9924,5.68
ATOM,10.0,CE2,TYR,50.0,102.721,-22.909,81.408,-0.115,1.9924,0.0
ATOM,11.0,CZ,TYR,50.0,103.113,-23.218,80.112,0.11,1.9924,0.0
ATOM,12.0,OH,TYR,50.0,102.521,-22.574,79.044,-0.54,1.77,0.3
ATOM,13.0,H,TYR,50.0,107.101,-26.834,84.387,0.33,0.2245,11.34
ATOM,14.0,HA,TYR,50.0,106.956,-25.194,82.881,0.1,1.32,7.0
ATOM,15.0,HB2,TYR,50.0,104.792,-26.246,83.354,0.09,1.32,0.0
ATOM,16.0,HB3,TYR,50.0,104.443,-24.975,84.318,0.09,1.32,0.0
ATOM,17.0,HD1,TYR,50.0,105.395,-25.512,80.82,0.115,1.3582,11.76
ATOM,18.0,HD2,TYR,50.0,103.026,-23.335,83.418,0.115,1.3582,0.0
ATOM,19.0,HE1,TYR,50.0,104.386,-24.402,78.966,0.115,1.3582,7.46
ATOM,20.0,HE2,TYR,50.0,102.015,-22.221,81.57,0.115,1.3582,0.0
ATOM,21.0,H2,TYR,50.0,107.835,-25.567,85.105,0.33,0.2245,16.71
ATOM,22.0,H3,TYR,50.0,106.311,-25.97,85.523,0.33,0.2245,8.54
ATOM,23.0,HH,TYR,50.0,101.625,-22.979,78.876,0.43,0.2245,0.0
ATOM,24.0,N,ALA,51.0,105.928,-23.159,85.16,-0.47,1.85,0.0
ATOM,25.0,CA,ALA,51.0,106.046,-21.799,85.635,0.07,2.275,1.14
ATOM,26.0,C,ALA,51.0,106.419,-21.739,87.101,0.51,2.0,1.88
ATOM,27.0,O,ALA,51.0,106.213,-22.686,87.865,-0.51,1.7,9.7
ATOM,28.0,CB,ALA,51.0,104.747,-21.058,85.4,-0.27,2.06,0.01
ATOM,29.0,H,ALA,51.0,105.295,-23.865,85.569,0.31,0.2245,0.07
ATOM,30.0,HA,ALA,51.0,106.766,-21.326,85.1,0.09,1.32,3.28
ATOM,31.0,HB1,ALA,51.0,104.124,-21.629,84.864,0.09,1.32,0.0
ATOM,32.0,HB2,ALA,51.0,104.319,-20.838,86.278,0.09,1.32,0.0
ATOM,33.0,HB3,ALA,51.0,104.927,-20.209,84.9,0.09,1.32,0.88
ATOM,34.0,N,SER,52.0,106.979,-20.601,87.48,-0.47,1.85,1.78
ATOM,35.0,CA,SER,52.0,107.387,-20.356,88.847,0.07,2.275,4.93
ATOM,36.0,C,SER,52.0,106.139,-20.117,89.683,0.51,2.0,0.25
ATOM,37.0,O,SER,52.0,105.938,-20.751,90.716,-0.51,1.7,7.67
ATOM,38.0,CB,SER,52.0,108.284,-19.12,88.892,0.05,2.175,26.44
ATOM,39.0,OG,SER,52.0,108.238,-18.424,87.653,-0.66,1.77,21.18
ATOM,40.0,H,SER,52.0,107.099,-19.902,86.711,0.31,0.2245,0.77
ATOM,41.0,HA,SER,52.0,107.837,-21.176,89.195,0.09,1.32,8.84
ATOM,42.0,HB2,SER,52.0,107.965,-18.516,89.613,0.09,1.32,7.96
ATOM,43.0,HB3,SER,52.0,109.219,-19.407,89.065,0.09,1.32,11.46
ATOM,44.0,HG,SER,52.0,108.407,-19.065,86.907,0.43,0.2245,12.71
ATOM,45.0,N,PHE,53.0,105.294,-19.208,89.209,-0.47,1.85,0.01
ATOM,46.0,CA,PHE,53.0,104.071,-18.852,89.909,0.07,2.275,3.2
ATOM,47.0,C,PHE,53.0,103.006,-19.941,89.961,0.51,2.0,0.0
ATOM,48.0,O,PHE,53.0,101.904,-19.704,90.453,-0.51,1.7,18.31
ATOM,49.0,CB,PHE,53.0,103.473,-17.597,89.289,-0.18,2.175,19.34
ATOM,50.0,CG,PHE,53.0,103.016,-17.784,87.88,0.0,1.9924,0.48
ATOM,51.0,CD1,PHE,53.0,101.697,-18.124,87.604,-0.115,1.9924,8.96
ATOM,52.0,CD2,PHE,53.0,103.902,-17.617,86.824,-0.115,1.9924,8.95
ATOM,53.0,CE1,PHE,53.0,101.262,-18.297,86.29,-0.115,1.9924,9.67
ATOM,54.0,CE2,PHE,53.0,103.479,-17.786,85.505,-0.115,1.9924,9.4
ATOM,55.0,CZ,PHE,53.0,102.155,-18.127,85.239,-0.115,1.9924,8.27
ATOM,56.0,H,PHE,53.0,105.582,-18.779,88.304,0.31,0.2245,0.0
ATOM,57.0,HA,PHE,53.0,104.332,-18.654,90.879,0.09,1.32,8.96
ATOM,58.0,HB2,PHE,53.0,102.691,-17.332,89.835,0.09,1.32,7.26
ATOM,59.0,HB3,PHE,53.0,104.169,-16.893,89.297,0.09,1.32,8.94
ATOM,60.0,HD1,PHE,53.0,101.048,-18.246,88.349,0.115,1.3582,7.09
ATOM,61.0,HD2,PHE,53.0,104.853,-17.372,87.007,0.115,1.3582,5.06
ATOM,62.0,HE1,PHE,53.0,100.305,-18.545,86.114,0.115,1.3582,7.81
ATOM,63.0,HE2,PHE,53.0,104.137,-17.661,84.749,0.115,1.3582,7.18
ATOM,64.0,HZ,PHE,53.0,101.847,-18.249,84.298,0.115,1.3582,0.43
ATOM,65.0,N,LEU,54.0,103.323,-21.125,89.453,-0.47,1.85,0.0
ATOM,66.0,CA,LEU,54.0,102.374,-22.235,89.479,0.07,2.275,0.0
ATOM,67.0,C,LEU,54.0,103.024,-23.372,90.253,0.51,2.0,0.0
ATOM,68.0,O,LEU,54.0,103.964,-23.999,89.764,-0.51,1.7,8.58
ATOM,69.0,CB,LEU,54.0,102.042,-22.674,88.054,-0.18,2.175,0.0
ATOM,70.0,CG,LEU,54.0,101.034,-21.776,87.326,-0.09,2.275,0.0
ATOM,71.0,CD1,LEU,54.0,101.115,-21.986,85.812,-0.27,2.06,0.0
ATOM,72.0,CD2,LEU,54.0,99.638,-22.084,87.839,-0.27,2.06,8.27
ATOM,73.0,H,LEU,54.0,104.272,-21.192,89.049,0.31,0.2245,0.0
ATOM,74.0,HA,LEU,54.0,101.557,-21.946,89.964,0.09,1.32,0.4
ATOM,75.0,HB2,LEU,54.0,102.88,-22.665,87.526,0.09,1.32,0.0
ATOM,76.0,HB3,LEU,54.0,101.653,-23.582,88.094,0.09,1.32,0.0
ATOM,77.0,HG,LEU,54.0,101.238,-20.821,87.537,0.09,1.32,0.0
ATOM,78.0,HD11,LEU,54.0,100.911,-22.94,85.6,0.09,1.32,0.05
ATOM,79.0,HD12,LEU,54.0,100.451,-21.392,85.36,0.09,1.32,0.24
ATOM,80.0,HD13,LEU,54.0,102.036,-21.761,85.497,0.09,1.32,0.0
ATOM,81.0,HD21,LEU,54.0,99.595,-21.908,88.824,0.09,1.32,2.67
ATOM,82.0,HD22,LEU,54.0,98.972,-21.503,87.37,0.09,1.32,4.71
ATOM,83.0,HD23,LEU,54.0,99.42,-23.045,87.664,0.09,1.32,0.0
ATOM,84.0,N,ASN,55.0,102.522,-23.632,91.46,-0.47,1.85,0.0
ATOM,85.0,CA,ASN,55.0,103.092,-24.67,92.325,0.07,2.275,0.67
ATOM,86.0,C,ASN,55.0,102.209,-25.869,92.664,0.51,2.0,0.0
ATOM,87.0,O,ASN,55.0,102.72,-26.954,92.938,-0.51,1.7,25.28
ATOM,88.0,CB,ASN,55.0,103.586,-24.038,93.63,-0.18,2.175,16.5
ATOM,89.0,CG,ASN,55.0,104.738,-23.076,93.413,0.55,2.0,2.57
ATOM,90.0,H,ASN,55.0,101.709,-23.048,91.73,0.31,0.2245,5.3
ATOM,91.0,HA,ASN,55.0,103.919,-25.041,91.833,0.09,1.32,5.87
ATOM,92.0,HB2,ASN,55.0,102.829,-23.54,94.044,0.09,1.32,8.89
ATOM,93.0,HB3,ASN,55.0,103.89,-24.768,94.236,0.09,1.32,8.31
ATOM,94.0,OD1,ASN,55.0,105.843,-23.287,93.919,-0.55,1.7,42.7
ATOM,95.0,ND2,ASN,55.0,104.487,-22.012,92.656,-0.62,1.85,10.55
ATOM,96.0,HD22,ASN,55.0,103.572,-21.88,92.27,0.3,0.2245,1.06
ATOM,97.0,HD21,ASN,55.0,105.207,-21.345,92.473,0.32,0.2245,4.9
ATOM,98.0,N,SER,56.0,100.896,-25.682,92.673,-0.47,1.85,0.66
ATOM,99.0,CA,SER,56.0,100.008,-26.787,92.978,0.07,2.275,3.07
ATOM,100.0,C,SER,56.0,99.776,-27.604,91.714,0.51,2.0,0.0
ATOM,101.0,O,SER,56.0,99.641,-27.046,90.627,-0.51,1.7,0.0
ATOM,102.0,CB,SER,56.0,98.682,-26.258,93.513,0.05,2.175,20.63
ATOM,103.0,OG,SER,56.0,97.584,-26.987,92.988,-0.66,1.77,2.85
ATOM,104.0,H,SER,56.0,100.582,-24.727,92.454,0.31,0.2245,2.14
ATOM,105.0,HA,SER,56.0,100.458,-27.379,93.648,0.09,1.32,5.53
ATOM,106.0,HB2,SER,56.0,98.678,-26.34,94.507,0.09,1.32,11.49
ATOM,107.0,HB3,SER,56.0,98.587,-25.3,93.251,0.09,1.32,3.72
ATOM,108.0,HG,SER,56.0,96.754,-26.742,93.486,0.43,0.2245,19.43
ATOM,109.0,N,ASP,57.0,99.738,-28.925,91.858,-0.47,1.85,0.09
ATOM,110.0,CA,ASP,57.0,99.518,-29.828,90.729,0.07,2.275,0.09
ATOM,111.0,C,ASP,57.0,98.303,-29.422,89.889,0.51,2.0,0.0
ATOM,112.0,O,ASP,57.0,98.395,-29.272,88.668,-0.51,1.7,0.0
ATOM,113.0,CB,ASP,57.0,99.317,-31.257,91.237,-0.28,2.175,3.44
ATOM,114.0,CG,ASP,57.0,100.606,-32.049,91.284,0.62,2.0,2.43
ATOM,115.0,OD1,ASP,57.0,101.664,-31.489,90.917,-0.76,1.7,17.05
ATOM,116.0,OD2,ASP,57.0,100.555,-33.233,91.689,-0.76,1.7,8.53
ATOM,117.0,H,ASP,57.0,99.877,-29.259,92.835,0.31,0.2245,9.07
ATOM,118.0,HA,ASP,57.0,100.327,-29.757,90.127,0.09,1.32,0.0
ATOM,119.0,HB2,ASP,57.0,98.938,-31.205,92.155,0.09,1.32,7.45
ATOM,120.0,HB3,ASP,57.0,98.681,-31.714,90.625,0.09,1.32,0.0
ATOM,121.0,N,GLY,58.0,97.166,-29.254,90.56,-0.47,1.85,0.0
ATOM,122.0,CA,GLY,58.0,95.942,-28.876,89.882,-0.02,2.175,0.21
ATOM,123.0,C,GLY,58.0,96.123,-27.703,88.945,0.51,2.0,0.0
ATOM,124.0,O,GLY,58.0,95.763,-27.776,87.769,-0.51,1.7,0.0
ATOM,125.0,H,GLY,58.0,97.236,-29.414,91.582,0.31,0.2245,4.49
ATOM,126.0,HA2,GLY,58.0,95.589,-29.673,89.357,0.09,1.32,0.0
ATOM,127.0,HA3,GLY,58.0,95.232,-28.646,90.574,0.09,1.32,0.07
ATOM,128.0,N,SER,59.0,96.687,-26.619,89.463,-0.47,1.85,0.17
ATOM,129.0,CA,SER,59.0,96.913,-25.42,88.664,0.07,2.275,0.17
ATOM,130.0,C,SER,59.0,97.709,-25.758,87.414,0.51,2.0,0.0
ATOM,131.0,O,SER,59.0,97.447,-25.227,86.33,-0.51,1.7,0.0
ATOM,132.0,CB,SER,59.0,97.65,-24.371,89.491,0.05,2.175,3.31
ATOM,133.0,OG,SER,59.0,96.803,-23.864,90.511,-0.66,1.77,25.05
ATOM,134.0,H,SER,59.0,96.948,-26.697,90.465,0.31,0.2245,0.0
ATOM,135.0,HA,SER,59.0,96.018,-25.064,88.376,0.09,1.32,1.0
ATOM,136.0,HB2,SER,59.0,98.445,-24.791,89.911,0.09,1.32,0.0
ATOM,137.0,HB3,SER,59.0,97.921,-23.624,88.896,0.09,1.32,0.0
ATOM,138.0,HG,SER,59.0,96.099,-24.54,90.724,0.43,0.2245,11.29
ATOM,139.0,N,VAL,60.0,98.68,-26.647,87.566,-0.47,1.85,0.0
ATOM,140.0,CA,VAL,60.0,99.492,-27.064,86.435,0.07,2.275,0.0
ATOM,141.0,C,VAL,60.0,98.599,-27.789,85.424,0.51,2.0,0.0
ATOM,142.0,O,VAL,60.0,98.408,-27.315,84.302,-0.51,1.7,0.0
ATOM,143.0,CB,VAL,60.0,100.614,-28.007,86.881,-0.09,2.275,0.0
ATOM,144.0,CG1,VAL,60.0,101.287,-28.611,85.668,-0.27,2.06,0.18
ATOM,145.0,CG2,VAL,60.0,101.619,-27.253,87.732,-0.27,2.06,6.96
ATOM,146.0,H,VAL,60.0,98.804,-27.005,88.528,0.31,0.2245,0.0
ATOM,147.0,HA,VAL,60.0,99.858,-26.249,85.989,0.09,1.32,0.22
ATOM,148.0,HB,VAL,60.0,100.199,-28.754,87.389,0.09,1.32,0.0
ATOM,149.0,HG11,VAL,60.0,101.383,-29.6,85.791,0.09,1.32,0.0
ATOM,150.0,HG12,VAL,60.0,100.736,-28.433,84.851,0.09,1.32,0.0
ATOM,151.0,HG13,VAL,60.0,102.195,-28.205,85.547,0.09,1.32,0.45
ATOM,152.0,HG21,VAL,60.0,102.16,-26.647,87.148,0.09,1.32,0.1
ATOM,153.0,HG22,VAL,60.0,101.133,-26.711,88.418,0.09,1.32,0.0
ATOM,154.0,HG23,VAL,60.0,102.224,-27.906,88.188,0.09,1.32,8.13
ATOM,155.0,N,ALA,61.0,98.045,-28.926,85.835,-0.47,1.85,0.0
ATOM,156.0,CA,ALA,61.0,97.176,-29.716,84.971,0.07,2.275,0.0
ATOM,157.0,C,ALA,61.0,96.327,-28.828,84.069,0.51,2.0,0.0
ATOM,158.0,O,ALA,61.0,96.099,-29.14,82.901,-0.51,1.7,0.0
ATOM,159.0,CB,ALA,61.0,96.278,-30.607,85.811,-0.27,2.06,0.0
ATOM,160.0,H,ALA,61.0,98.282,-29.197,86.811,0.31,0.2245,0.0
ATOM,161.0,HA,ALA,61.0,97.749,-30.31,84.389,0.09,1.32,0.0
ATOM,162.0,HB1,ALA,61.0,95.331,-30.515,85.503,0.09,1.32,0.0
ATOM,163.0,HB2,ALA,61.0,96.566,-31.56,85.715,0.09,1.32,0.0
ATOM,164.0,HB3,ALA,61.0,96.341,-30.337,86.772,0.09,1.32,0.0
ATOM,165.0,N,ILE,62.0,95.86,-27.714,84.616,-0.47,1.85,0.0
ATOM,166.0,CA,ILE,62.0,95.037,-26.8,83.845,0.07,2.275,0.0
ATOM,167.0,C,ILE,62.0,95.865,-26.048,82.83,0.51,2.0,0.0
ATOM,168.0,O,ILE,62.0,95.746,-26.286,81.635,-0.51,1.7,0.0
ATOM,169.0,CB,ILE,62.0,94.347,-25.77,84.742,-0.09,2.275,0.0
ATOM,170.0,CG1,ILE,62.0,93.322,-26.464,85.63,-0.18,2.175,0.13
ATOM,171.0,CG2,ILE,62.0,93.669,-24.721,83.894,-0.27,2.06,10.96
ATOM,172.0,CD1,ILE,62.0,92.934,-25.656,86.852,-0.27,2.06,23.33
ATOM,173.0,H,ILE,62.0,96.125,-27.562,85.603,0.31,0.2245,0.0
ATOM,174.0,HA,ILE,62.0,94.389,-27.371,83.327,0.09,1.32,0.0
ATOM,175.0,HB,ILE,62.0,95.036,-25.359,85.328,0.09,1.32,0.0
ATOM,176.0,HG12,ILE,62.0,92.503,-26.645,85.09,0.09,1.32,0.62
ATOM,177.0,HG13,ILE,62.0,93.705,-27.335,85.933,0.09,1.32,0.0
ATOM,178.0,HG21,ILE,62.0,93.232,-24.039,84.482,0.09,1.32,1.98
ATOM,179.0,HG22,ILE,62.0,94.344,-24.267,83.312,0.09,1.32,0.0
ATOM,180.0,HG23,ILE,62.0,92.973,-25.149,83.316,0.09,1.32,0.0
ATOM,181.0,HD11,ILE,62.0,92.539,-24.786,86.561,0.09,1.32,5.8
ATOM,182.0,HD12,ILE,62.0,92.263,-26.167,87.386,0.09,1.32,1.38
ATOM,183.0,HD13,ILE,62.0,93.747,-25.487,87.407,0.09,1.32,0.0
ATOM,184.0,N,HIS,63.0,96.72,-25.152,83.313,-0.47,1.85,0.0
ATOM,185.0,CA,HIS,63.0,97.535,-24.325,82.432,0.07,2.275,0.0
ATOM,186.0,C,HIS,63.0,98.846,-24.907,81.924,0.51,2.0,0.0
ATOM,187.0,O,HIS,63.0,99.575,-24.233,81.188,-0.51,1.7,0.0
ATOM,188.0,CB,HIS,63.0,97.826,-22.991,83.112,-0.09,2.175,0.0
ATOM,189.0,CG,HIS,63.0,96.601,-22.197,83.427,-0.05,1.8,0.22
ATOM,190.0,H,HIS,63.0,96.755,-25.095,84.348,0.31,0.2245,0.0
ATOM,191.0,HA,HIS,63.0,96.958,-24.08,81.607,0.09,1.32,0.36
ATOM,192.0,HB2,HIS,63.0,98.322,-23.162,83.971,0.09,1.32,0.0
ATOM,193.0,HB3,HIS,63.0,98.415,-22.439,82.51,0.09,1.32,0.0
ATOM,194.0,ND1,HIS,63.0,95.856,-22.407,84.565,-0.36,1.85,0.51
ATOM,195.0,CD2,HIS,63.0,96.002,-21.18,82.766,0.22,1.8,8.29
ATOM,196.0,CE1,HIS,63.0,94.85,-21.552,84.594,0.25,1.8,17.96
ATOM,197.0,NE2,HIS,63.0,94.917,-20.795,83.512,-0.7,1.85,25.45
ATOM,198.0,HD1,HIS,63.0,96.049,-23.1,85.261,0.32,0.2245,0.51
ATOM,199.0,HD2,HIS,63.0,96.293,-20.784,81.899,0.1,1.468,1.6
ATOM,200.0,HE1,HIS,63.0,94.158,-21.488,85.307,0.13,0.9,13.57
ATOM,201.0,N,ALA,64.0,99.148,-26.146,82.292,-0.47,1.85,0.0
ATOM,202.0,CA,ALA,64.0,100.396,-26.771,81.865,0.07,2.275,0.0
ATOM,203.0,C,ALA,64.0,100.545,-26.812,80.352,0.51,2.0,0.0
ATOM,204.0,O,ALA,64.0,99.71,-27.384,79.658,-0.51,1.7,0.0
ATOM,205.0,CB,ALA,64.0,100.49,-28.169,82.425,-0.27,2.06,0.0
ATOM,206.0,H,ALA,64.0,98.446,-26.614,82.887,0.31,0.2245,0.0
ATOM,207.0,HA,ALA,64.0,101.171,-26.242,82.251,0.09,1.32,0.0
ATOM,208.0,HB1,ALA,64.0,99.718,-28.342,83.04,0.09,1.32,0.0
ATOM,209.0,HB2,ALA,64.0,100.47,-28.837,81.679,0.09,1.32,0.0
ATOM,210.0,HB3,ALA,64.0,101.345,-28.275,82.936,0.09,1.32,0.0
ATOM,211.0,N,GLY,65.0,101.617,-26.206,79.852,-0.47,1.85,0.14
ATOM,212.0,CA,GLY,65.0,101.867,-26.186,78.422,-0.02,2.175,0.27
ATOM,213.0,C,GLY,65.0,100.792,-25.468,77.636,0.51,2.0,0.0
ATOM,214.0,O,GLY,65.0,100.454,-25.877,76.528,-0.51,1.7,0.8
ATOM,215.0,H,GLY,65.0,102.237,-25.764,80.553,0.31,0.2245,0.0
ATOM,216.0,HA2,GLY,65.0,102.766,-25.74,78.245,0.09,1.32,0.13
ATOM,217.0,HA3,GLY,65.0,101.948,-27.143,78.083,0.09,1.32,0.0
ATOM,218.0,N,GLU,66.0,100.26,-24.389,78.199,-0.47,1.85,0.0
ATOM,219.0,CA,GLU,66.0,99.21,-23.638,77.531,0.07,2.275,0.0
ATOM,220.0,C,GLU,66.0,99.267,-22.153,77.852,0.51,2.0,0.1
ATOM,221.0,O,GLU,66.0,99.48,-21.318,76.971,-0.51,1.7,3.39
ATOM,222.0,CB,GLU,66.0,97.844,-24.179,77.945,-0.18,2.175,0.96
ATOM,223.0,CG,GLU,66.0,97.297,-25.256,77.045,-0.28,2.175,0.0
ATOM,224.0,CD,GLU,66.0,95.931,-25.739,77.495,0.62,2.0,0.0
ATOM,225.0,OE1,GLU,66.0,94.911,-25.277,76.934,-0.76,1.7,0.69
ATOM,226.0,OE2,GLU,66.0,95.878,-26.583,78.412,-0.76,1.7,0.0
ATOM,227.0,H,GLU,66.0,100.648,-24.14,79.125,0.31,0.2245,0.0
ATOM,228.0,HA,GLU,66.0,99.286,-23.767,76.528,0.09,1.32,0.0
ATOM,229.0,HB2,GLU,66.0,97.938,-24.56,78.852,0.09,1.32,0.0
ATOM,230.0,HB3,GLU,66.0,97.209,-23.423,77.935,0.09,1.32,3.97
ATOM,231.0,HG2,GLU,66.0,97.195,-24.888,76.14,0.09,1.32,0.0
ATOM,232.0,HG3,GLU,66.0,97.904,-26.028,77.07,0.09,1.32,0.0
ATOM,233.0,N,ARG,67.0,99.074,-21.832,79.125,-0.47,1.85,0.04
ATOM,234.0,CA,ARG,67.0,99.064,-20.449,79.568,0.07,2.275,1.31
ATOM,235.0,C,ARG,67.0,100.22,-19.603,79.041,0.51,2.0,0.0
ATOM,236.0,O,ARG,67.0,100.025,-18.445,78.676,-0.51,1.7,9.94
ATOM,237.0,CB,ARG,67.0,99.032,-20.397,81.098,-0.18,2.175,0.0
ATOM,238.0,CG,ARG,67.0,98.85,-18.998,81.671,-0.18,2.175,1.27
ATOM,239.0,CD,ARG,67.0,97.487,-18.425,81.336,0.2,2.175,9.2
ATOM,240.0,NE,ARG,67.0,97.375,-17.009,81.674,-0.7,1.85,7.46
ATOM,241.0,CZ,ARG,67.0,97.919,-16.021,80.97,0.64,2.0,2.96
ATOM,242.0,NH1,ARG,67.0,98.623,-16.285,79.877,-0.8,1.85,14.49
ATOM,243.0,NH2,ARG,67.0,97.752,-14.763,81.358,-0.8,1.85,29.71
ATOM,244.0,H,ARG,67.0,98.934,-22.641,79.762,0.31,0.2245,0.0
ATOM,245.0,HA,ARG,67.0,98.188,-20.015,79.266,0.09,1.32,5.43
ATOM,246.0,HB2,ARG,67.0,98.274,-20.96,81.413,0.09,1.32,0.0
ATOM,247.0,HB3,ARG,67.0,99.893,-20.76,81.44,0.09,1.32,0.0
ATOM,248.0,HG2,ARG,67.0,98.94,-19.033,82.664,0.09,1.32,0.99
ATOM,249.0,HG3,ARG,67.0,99.546,-18.392,81.29,0.09,1.32,0.24
ATOM,250.0,HD2,ARG,67.0,97.332,-18.542,80.356,0.09,1.32,2.91
ATOM,251.0,HD3,ARG,67.0,96.799,-18.94,81.847,0.09,1.32,0.0
ATOM,252.0,HE,ARG,67.0,96.849,-16.763,82.499,0.44,0.2245,15.69
ATOM,253.0,HH11,ARG,67.0,98.739,-17.221,79.554,0.46,0.2245,0.25
ATOM,254.0,HH12,ARG,67.0,99.046,-15.529,79.363,0.46,0.2245,17.55
ATOM,255.0,HH21,ARG,67.0,97.199,-14.563,82.17,0.46,0.2245,18.44
ATOM,256.0,HH22,ARG,67.0,98.173,-14.018,80.845,0.46,0.2245,18.69
ATOM,257.0,N,LEU,68.0,101.415,-20.176,78.982,-0.47,1.85,0.0
ATOM,258.0,CA,LEU,68.0,102.576,-19.422,78.522,0.07,2.275,0.08
ATOM,259.0,C,LEU,68.0,102.78,-19.376,77.014,0.51,2.0,0.57
ATOM,260.0,O,LEU,68.0,103.397,-18.446,76.499,-0.51,1.7,32.01
ATOM,261.0,CB,LEU,68.0,103.842,-19.964,79.184,-0.18,2.175,6.53
ATOM,262.0,CG,LEU,68.0,103.872,-19.814,80.707,-0.09,2.275,0.0
ATOM,263.0,CD1,LEU,68.0,105.125,-20.466,81.273,-0.27,2.06,12.75
ATOM,264.0,CD2,LEU,68.0,103.824,-18.336,81.069,-0.27,2.06,22.06
ATOM,265.0,H,LEU,68.0,101.45,-21.162,79.278,0.31,0.2245,0.0
ATOM,266.0,HA,LEU,68.0,102.484,-18.457,78.86,0.09,1.32,2.41
ATOM,267.0,HB2,LEU,68.0,103.905,-20.93,78.98,0.09,1.32,0.2
ATOM,268.0,HB3,LEU,68.0,104.615,-19.467,78.821,0.09,1.32,6.28
ATOM,269.0,HG,LEU,68.0,103.065,-20.256,81.092,0.09,1.32,0.0
ATOM,270.0,HD11,LEU,68.0,105.935,-20.026,80.885,0.09,1.32,9.83
ATOM,271.0,HD12,LEU,68.0,105.135,-20.363,82.268,0.09,1.32,0.0
ATOM,272.0,HD13,LEU,68.0,105.13,-21.439,81.04,0.09,1.32,0.0
ATOM,273.0,HD21,LEU,68.0,102.983,-17.931,80.71,0.09,1.32,1.47
ATOM,274.0,HD22,LEU,68.0,103.843,-18.235,82.064,0.09,1.32,0.0
ATOM,275.0,HD23,LEU,68.0,104.614,-17.869,80.671,0.09,1.32,9.68
ATOM,276.0,N,GLY,69.0,102.269,-20.377,76.309,-0.47,1.85,0.99
ATOM,277.0,CA,GLY,69.0,102.423,-20.416,74.865,-0.02,2.175,14.41
ATOM,278.0,C,GLY,69.0,102.063,-21.785,74.327,0.51,2.0,1.9
ATOM,279.0,O,GLY,69.0,102.018,-22.752,75.087,-0.51,1.7,6.67
ATOM,280.0,H,GLY,69.0,101.772,-21.096,76.857,0.31,0.2245,0.0
ATOM,281.0,HA2,GLY,69.0,101.826,-19.723,74.444,0.09,1.32,10.89
ATOM,282.0,HA3,GLY,69.0,103.376,-20.201,74.622,0.09,1.32,9.97
ATOM,283.0,N,ARG,70.0,101.817,-21.887,73.024,-0.47,1.85,1.27
ATOM,284.0,CA,ARG,70.0,101.442,-23.177,72.452,0.07,2.275,2.37
ATOM,285.0,C,ARG,70.0,102.24,-23.626,71.225,0.51,2.0,1.93
ATOM,286.0,O,ARG,70.0,102.324,-24.822,70.934,-0.51,1.7,10.8
ATOM,287.0,CB,ARG,70.0,99.945,-23.174,72.116,-0.18,2.175,0.0
ATOM,288.0,CG,ARG,70.0,99.106,-24.116,72.983,-0.18,2.175,0.0
ATOM,289.0,CD,ARG,70.0,97.613,-23.889,72.79,0.2,2.175,0.0
ATOM,290.0,NE,ARG,70.0,97.194,-22.566,73.245,-0.7,1.85,0.0
ATOM,291.0,CZ,ARG,70.0,96.143,-22.347,74.026,0.64,2.0,0.0
ATOM,292.0,NH1,ARG,70.0,95.399,-23.365,74.443,-0.8,1.85,0.0
ATOM,293.0,NH2,ARG,70.0,95.838,-21.11,74.397,-0.8,1.85,5.77
ATOM,294.0,H,ARG,70.0,101.91,-21.02,72.483,0.31,0.2245,5.59
ATOM,295.0,HA,ARG,70.0,101.545,-23.896,73.179,0.09,1.32,2.12
ATOM,296.0,HB2,ARG,70.0,99.598,-22.251,72.244,0.09,1.32,1.59
ATOM,297.0,HB3,ARG,70.0,99.837,-23.455,71.168,0.09,1.32,0.0
ATOM,298.0,HG2,ARG,70.0,99.313,-25.06,72.738,0.09,1.32,0.0
ATOM,299.0,HG3,ARG,70.0,99.323,-23.958,73.943,0.09,1.32,0.0
ATOM,300.0,HD2,ARG,70.0,97.41,-23.983,71.818,0.09,1.32,0.0
ATOM,301.0,HD3,ARG,70.0,97.126,-24.587,73.309,0.09,1.32,0.0
ATOM,302.0,HE,ARG,70.0,97.736,-21.772,72.948,0.44,0.2245,2.69
ATOM,303.0,HH11,ARG,70.0,95.624,-24.303,74.198,0.46,0.2245,0.0
ATOM,304.0,HH12,ARG,70.0,94.592,-23.186,75.02,0.46,0.2245,0.0
ATOM,305.0,HH21,ARG,70.0,96.417,-20.346,74.1,0.46,0.2245,8.89
ATOM,306.0,HH22,ARG,70.0,95.039,-20.937,74.968,0.46,0.2245,1.24
ATOM,307.0,N,GLY,71.0,102.836,-22.682,70.511,-0.47,1.85,3.57
ATOM,308.0,CA,GLY,71.0,103.583,-23.049,69.322,-0.02,2.175,23.61
ATOM,309.0,C,GLY,71.0,102.685,-22.856,68.117,0.51,2.0,1.34
ATOM,310.0,O,GLY,71.0,103.132,-22.874,66.971,-0.51,1.7,33.19
ATOM,311.0,H,GLY,71.0,102.727,-21.723,70.857,0.31,0.2245,5.04
ATOM,312.0,HA2,GLY,71.0,104.388,-22.466,69.236,0.09,1.32,11.56
ATOM,313.0,HA3,GLY,71.0,103.863,-24.005,69.38,0.09,1.32,7.4
ATOM,314.0,N,ILE,72.0,101.398,-22.679,68.398,-0.47,1.85,0.0
ATOM,315.0,CA,ILE,72.0,100.383,-22.442,67.381,0.07,2.275,1.16
ATOM,316.0,C,ILE,72.0,99.615,-21.204,67.848,0.51,2.0,0.0
ATOM,317.0,O,ILE,72.0,98.487,-21.291,68.333,-0.51,1.7,0.0
ATOM,318.0,CB,ILE,72.0,99.422,-23.648,67.251,-0.09,2.275,1.58
ATOM,319.0,CG1,ILE,72.0,98.285,-23.304,66.286,-0.18,2.175,8.36
ATOM,320.0,CG2,ILE,72.0,98.89,-24.044,68.619,-0.27,2.06,0.04
ATOM,321.0,CD1,ILE,72.0,97.313,-24.433,66.036,-0.27,2.06,6.94
ATOM,322.0,H,ILE,72.0,101.175,-22.725,69.423,0.31,0.2245,0.0
ATOM,323.0,HA,ILE,72.0,100.862,-22.18,66.56,0.09,1.32,4.9
ATOM,324.0,HB,ILE,72.0,99.935,-24.404,66.868,0.09,1.32,1.09
ATOM,325.0,HG12,ILE,72.0,97.785,-22.519,66.656,0.09,1.32,0.0
ATOM,326.0,HG13,ILE,72.0,98.692,-23.03,65.411,0.09,1.32,10.28
ATOM,327.0,HG21,ILE,72.0,98.299,-24.844,68.529,0.09,1.32,0.01
ATOM,328.0,HG22,ILE,72.0,99.654,-24.262,69.225,0.09,1.32,0.0
ATOM,329.0,HG23,ILE,72.0,98.366,-23.287,69.006,0.09,1.32,0.0
ATOM,330.0,HD11,ILE,72.0,96.89,-24.705,66.9,0.09,1.32,0.0
ATOM,331.0,HD12,ILE,72.0,96.606,-24.128,65.399,0.09,1.32,9.25
ATOM,332.0,HD13,ILE,72.0,97.802,-25.212,65.644,0.09,1.32,0.35
ATOM,333.0,N,VAL,73.0,100.263,-20.052,67.707,-0.47,1.85,0.84
ATOM,334.0,CA,VAL,73.0,99.721,-18.757,68.114,0.07,2.275,0.0
ATOM,335.0,C,VAL,73.0,98.219,-18.534,67.912,0.51,2.0,0.0
ATOM,336.0,O,VAL,73.0,97.691,-18.674,66.804,-0.51,1.7,16.46
ATOM,337.0,CB,VAL,73.0,100.475,-17.608,67.4,-0.09,2.275,3.54
ATOM,338.0,CG1,VAL,73.0,100.238,-16.295,68.128,-0.27,2.06,36.08
ATOM,339.0,CG2,VAL,73.0,101.961,-17.92,67.34,-0.27,2.06,32.4
ATOM,340.0,H,VAL,73.0,101.216,-20.152,67.27,0.31,0.2245,0.62
ATOM,341.0,HA,VAL,73.0,99.917,-18.639,69.119,0.09,1.32,4.74
ATOM,342.0,HB,VAL,73.0,100.085,-17.515,66.491,0.09,1.32,8.07
ATOM,343.0,HG11,VAL,73.0,101.116,-15.891,68.385,0.09,1.32,8.2
ATOM,344.0,HG12,VAL,73.0,99.745,-15.664,67.529,0.09,1.32,11.79
ATOM,345.0,HG13,VAL,73.0,99.696,-16.462,68.952,0.09,1.32,1.98
ATOM,346.0,HG21,VAL,73.0,102.374,-17.739,68.233,0.09,1.32,9.26
ATOM,347.0,HG22,VAL,73.0,102.088,-18.883,67.101,0.09,1.32,0.78
ATOM,348.0,HG23,VAL,73.0,102.393,-17.342,66.647,0.09,1.32,11.59
ATOM,349.0,N,THR,74.0,97.542,-18.174,69.001,-0.47,1.85,0.0
ATOM,350.0,CA,THR,74.0,96.109,-17.896,68.977,0.07,2.275,1.35
ATOM,351.0,C,THR,74.0,95.718,-17.065,70.184,0.51,2.0,1.04
ATOM,352.0,O,THR,74.0,96.29,-17.214,71.262,-0.51,1.7,15.47
ATOM,353.0,CB,THR,74.0,95.245,-19.177,69.026,0.14,2.275,0.32
ATOM,354.0,OG1,THR,74.0,95.77,-20.079,70.012,-0.66,1.77,0.0
ATOM,355.0,CG2,THR,74.0,95.189,-19.84,67.649,-0.27,2.06,19.69
ATOM,356.0,H,THR,74.0,98.121,-18.108,69.867,0.31,0.2245,5.36
ATOM,357.0,HA,THR,74.0,95.901,-17.371,68.146,0.09,1.32,5.9
ATOM,358.0,HB,THR,74.0,94.297,-18.921,69.301,0.09,1.32,0.04
ATOM,359.0,HG21,THR,74.0,94.329,-19.6,67.195,0.09,1.32,11.47
ATOM,360.0,HG22,THR,74.0,95.958,-19.523,67.092,0.09,1.32,0.0
ATOM,361.0,HG23,THR,74.0,95.243,-20.834,67.752,0.09,1.32,0.0
ATOM,362.0,HG1,THR,74.0,96.612,-20.512,69.675,0.43,0.2245,0.0
ATOM,363.0,N,ASP,75.0,94.746,-16.184,69.995,-0.47,1.85,2.12
ATOM,364.0,CA,ASP,75.0,94.263,-15.365,71.086,0.07,2.275,6.45
ATOM,365.0,C,ASP,75.0,93.047,-16.09,71.634,0.51,2.0,1.28
ATOM,366.0,O,ASP,75.0,92.117,-15.473,72.141,-0.51,1.7,24.0
ATOM,367.0,CB,ASP,75.0,93.878,-13.97,70.594,-0.28,2.175,19.14
ATOM,368.0,CG,ASP,75.0,92.778,-14.001,69.569,0.62,2.0,3.6
ATOM,369.0,OD1,ASP,75.0,92.686,-14.999,68.823,-0.76,1.7,25.98
ATOM,370.0,OD2,ASP,75.0,92.005,-13.024,69.509,-0.76,1.7,45.98
ATOM,371.0,H,ASP,75.0,94.377,-16.138,69.028,0.31,0.2245,2.1
ATOM,372.0,HA,ASP,75.0,94.952,-15.374,71.796,0.09,1.32,6.82
ATOM,373.0,HB2,ASP,75.0,93.574,-13.443,71.381,0.09,1.32,8.91
ATOM,374.0,HB3,ASP,75.0,94.687,-13.555,70.191,0.09,1.32,11.03
ATOM,375.0,N,ALA,76.0,93.064,-17.415,71.511,-0.47,1.85,0.0
ATOM,376.0,CA,ALA,76.0,91.979,-18.261,72.002,0.07,2.275,1.56
ATOM,377.0,C,ALA,76.0,92.405,-18.872,73.32,0.51,2.0,0.93
ATOM,378.0,O,ALA,76.0,93.586,-19.122,73.543,-0.51,1.7,4.95
ATOM,379.0,CB,ALA,76.0,91.678,-19.365,71.01,-0.27,2.06,22.95
ATOM,380.0,H,ALA,76.0,93.912,-17.794,71.037,0.31,0.2245,0.0
ATOM,381.0,HA,ALA,76.0,91.171,-17.693,72.152,0.09,1.32,5.17
ATOM,382.0,HB1,ALA,76.0,91.491,-20.218,71.5,0.09,1.32,0.0
ATOM,383.0,HB2,ALA,76.0,90.878,-19.118,70.462,0.09,1.32,11.97
ATOM,384.0,HB3,ALA,76.0,92.464,-19.499,70.404,0.09,1.32,0.0
ATOM,385.0,N,ILE,77.0,91.441,-19.121,74.193,-0.47,1.85,0.0
ATOM,386.0,CA,ILE,77.0,91.746,-19.702,75.49,0.07,2.275,0.31
ATOM,387.0,C,ILE,77.0,92.165,-21.158,75.364,0.51,2.0,0.0
ATOM,388.0,O,ILE,77.0,93.238,-21.553,75.813,-0.51,1.7,6.56
ATOM,389.0,CB,ILE,77.0,90.534,-19.616,76.422,-0.09,2.275,0.36
ATOM,390.0,CG1,ILE,77.0,90.498,-18.239,77.077,-0.18,2.175,13.39
ATOM,391.0,CG2,ILE,77.0,90.6,-20.706,77.478,-0.27,2.06,20.59
ATOM,392.0,CD1,ILE,77.0,89.207,-17.51,76.855,-0.27,2.06,42.07
ATOM,393.0,H,ILE,77.0,90.487,-18.874,73.881,0.31,0.2245,5.4
ATOM,394.0,HA,ILE,77.0,92.546,-19.202,75.844,0.09,1.32,6.07
ATOM,395.0,HB,ILE,77.0,89.715,-19.718,75.874,0.09,1.32,4.03
ATOM,396.0,HG12,ILE,77.0,90.648,-18.353,78.058,0.09,1.32,8.27
ATOM,397.0,HG13,ILE,77.0,91.248,-17.696,76.7,0.09,1.32,6.92
ATOM,398.0,HG21,ILE,77.0,89.796,-20.65,78.068,0.09,1.32,9.9
ATOM,399.0,HG22,ILE,77.0,90.623,-21.601,77.035,0.09,1.32,0.0
ATOM,400.0,HG23,ILE,77.0,91.425,-20.589,78.03,0.09,1.32,9.17
ATOM,401.0,HD11,ILE,77.0,88.449,-18.042,77.235,0.09,1.32,9.86
ATOM,402.0,HD12,ILE,77.0,89.241,-16.617,77.306,0.09,1.32,11.68
ATOM,403.0,HD13,ILE,77.0,89.057,-17.378,75.874,0.09,1.32,6.96
ATOM,404.0,N,THR,78.0,91.304,-21.952,74.746,-0.47,1.85,0.0
ATOM,405.0,CA,THR,78.0,91.56,-23.374,74.569,0.07,2.275,0.0
ATOM,406.0,C,THR,78.0,92.541,-23.709,73.448,0.51,2.0,0.0
ATOM,407.0,O,THR,78.0,92.886,-22.858,72.621,-0.51,1.7,0.51
ATOM,408.0,CB,THR,78.0,90.26,-24.108,74.278,0.14,2.275,0.22
ATOM,409.0,OG1,THR,78.0,89.628,-23.514,73.135,-0.66,1.77,14.07
ATOM,410.0,CG2,THR,78.0,89.332,-24.012,75.465,-0.27,2.06,21.73
ATOM,411.0,H,THR,78.0,90.442,-21.479,74.403,0.31,0.2245,1.6
ATOM,412.0,HA,THR,78.0,91.943,-23.742,75.442,0.09,1.32,0.05
ATOM,413.0,HB,THR,78.0,90.466,-25.082,74.052,0.09,1.32,0.0
ATOM,414.0,HG21,THR,78.0,88.386,-23.877,75.155,0.09,1.32,10.65
ATOM,415.0,HG22,THR,78.0,89.377,-24.856,76.008,0.09,1.32,7.58
ATOM,416.0,HG23,THR,78.0,89.595,-23.237,76.048,0.09,1.32,0.0
ATOM,417.0,HG1,THR,78.0,89.702,-24.124,72.339,0.43,0.2245,12.91
ATOM,418.0,N,THR,79.0,92.978,-24.965,73.429,-0.47,1.85,0.0
ATOM,419.0,CA,THR,79.0,93.904,-25.449,72.415,0.07,2.275,0.0
ATOM,420.0,C,THR,79.0,93.13,-25.791,71.146,0.51,2.0,0.0
ATOM,421.0,O,THR,79.0,92.112,-26.487,71.184,-0.51,1.7,0.91
ATOM,422.0,CB,THR,79.0,94.66,-26.69,72.912,0.14,2.275,0.0
ATOM,423.0,OG1,THR,79.0,95.831,-26.267,73.613,-0.66,1.77,0.0
ATOM,424.0,CG2,THR,79.0,95.079,-27.573,71.757,-0.27,2.06,0.0
ATOM,425.0,H,THR,79.0,92.603,-25.565,74.195,0.31,0.2245,1.65
ATOM,426.0,HA,THR,79.0,94.555,-24.72,72.2,0.09,1.32,0.0
ATOM,427.0,HB,THR,79.0,94.065,-27.2,73.562,0.09,1.32,0.0
ATOM,428.0,HG21,THR,79.0,95.523,-28.404,72.103,0.09,1.32,0.0
ATOM,429.0,HG22,THR,79.0,94.276,-27.835,71.215,0.09,1.32,0.0
ATOM,430.0,HG23,THR,79.0,95.724,-27.082,71.165,0.09,1.32,0.0
ATOM,431.0,HG1,THR,79.0,96.637,-26.318,73.013,0.43,0.2245,0.0
ATOM,432.0,N,PRO,80.0,93.608,-25.307,70.0,-0.29,1.85,0.0
ATOM,433.0,CA,PRO,80.0,92.923,-25.582,68.738,0.02,2.275,1.28
ATOM,434.0,C,PRO,80.0,93.18,-26.972,68.202,0.51,2.0,0.0
ATOM,435.0,O,PRO,80.0,94.322,-27.404,68.122,-0.51,1.7,0.0
ATOM,436.0,CB,PRO,80.0,93.451,-24.504,67.79,-0.18,2.175,14.45
ATOM,437.0,CG,PRO,80.0,94.447,-23.678,68.607,-0.18,2.175,0.33
ATOM,438.0,CD,PRO,80.0,94.803,-24.477,69.809,0.0,2.175,0.0
ATOM,439.0,HA,PRO,80.0,91.922,-25.412,68.835,0.09,1.32,6.27
ATOM,440.0,HB2,PRO,80.0,93.915,-24.913,66.998,0.09,1.32,0.45
ATOM,441.0,HB3,PRO,80.0,92.708,-23.915,67.46,0.09,1.32,11.78
ATOM,442.0,HG2,PRO,80.0,95.258,-23.477,68.037,0.09,1.32,0.0
ATOM,443.0,HG3,PRO,80.0,94.02,-22.796,68.856,0.09,1.32,0.41
ATOM,444.0,HD2,PRO,80.0,95.606,-25.051,69.651,0.09,1.32,0.0
ATOM,445.0,HD3,PRO,80.0,94.959,-23.898,70.61,0.09,1.32,0.0
ATOM,446.0,N,VAL,81.0,92.106,-27.659,67.825,-0.47,1.85,0.46
ATOM,447.0,CA,VAL,81.0,92.202,-29.003,67.27,0.07,2.275,0.0
ATOM,448.0,C,VAL,81.0,92.608,-28.965,65.803,0.51,2.0,0.0
ATOM,449.0,O,VAL,81.0,91.816,-28.577,64.945,-0.51,1.7,18.96
ATOM,450.0,CB,VAL,81.0,90.869,-29.739,67.363,-0.09,2.275,2.24
ATOM,451.0,CG1,VAL,81.0,91.058,-31.202,66.998,-0.27,2.06,0.18
ATOM,452.0,CG2,VAL,81.0,90.307,-29.596,68.76,-0.27,2.06,12.38
ATOM,453.0,H,VAL,81.0,91.202,-27.159,67.959,0.31,0.2245,7.26
ATOM,454.0,HA,VAL,81.0,92.916,-29.502,67.777,0.09,1.32,0.0
ATOM,455.0,HB,VAL,81.0,90.254,-29.35,66.686,0.09,1.32,7.0
ATOM,456.0,HG11,VAL,81.0,90.284,-31.735,67.34,0.09,1.32,0.0
ATOM,457.0,HG12,VAL,81.0,91.112,-31.295,66.003,0.09,1.32,0.0
ATOM,458.0,HG13,VAL,81.0,91.903,-31.544,67.409,0.09,1.32,0.0
ATOM,459.0,HG21,VAL,81.0,89.494,-30.173,68.854,0.09,1.32,4.85
ATOM,460.0,HG22,VAL,81.0,90.996,-29.88,69.429,0.09,1.32,0.0
ATOM,461.0,HG23,VAL,81.0,90.058,-28.64,68.924,0.09,1.32,4.02
ATOM,462.0,N,VAL,82.0,93.844,-29.375,65.527,-0.47,1.85,0.0
ATOM,463.0,CA,VAL,82.0,94.388,-29.395,64.17,0.07,2.275,0.0
ATOM,464.0,C,VAL,82.0,94.157,-30.746,63.499,0.51,2.0,0.0
ATOM,465.0,O,VAL,82.0,94.777,-31.747,63.863,-0.51,1.7,0.0
ATOM,466.0,CB,VAL,82.0,95.902,-29.108,64.183,-0.09,2.275,0.0
ATOM,467.0,CG1,VAL,82.0,96.498,-29.367,62.813,-0.27,2.06,5.44
ATOM,468.0,CG2,VAL,82.0,96.148,-27.67,64.604,-0.27,2.06,5.07
ATOM,469.0,H,VAL,82.0,94.392,-29.681,66.363,0.31,0.2245,0.0
ATOM,470.0,HA,VAL,82.0,93.906,-28.694,63.63,0.09,1.32,3.83
ATOM,471.0,HB,VAL,82.0,96.325,-29.751,64.814,0.09,1.32,0.0
ATOM,472.0,HG11,VAL,82.0,96.414,-28.545,62.248,0.09,1.32,8.94
ATOM,473.0,HG12,VAL,82.0,97.465,-29.607,62.906,0.09,1.32,0.0
ATOM,474.0,HG13,VAL,82.0,96.012,-30.122,62.371,0.09,1.32,0.0
ATOM,475.0,HG21,VAL,82.0,95.621,-27.472,65.431,0.09,1.32,0.0
ATOM,476.0,HG22,VAL,82.0,97.123,-27.541,64.789,0.09,1.32,0.0
ATOM,477.0,HG23,VAL,82.0,95.862,-27.055,63.868,0.09,1.32,8.28
ATOM,478.0,N,ASN,83.0,93.266,-30.759,62.511,-0.47,1.85,0.34
ATOM,479.0,CA,ASN,83.0,92.93,-31.977,61.783,0.07,2.275,0.03
ATOM,480.0,C,ASN,83.0,93.682,-32.067,60.463,0.51,2.0,1.81
ATOM,481.0,O,ASN,83.0,93.088,-31.918,59.402,-0.51,1.7,26.37
ATOM,482.0,CB,ASN,83.0,91.429,-32.01,61.503,-0.18,2.175,13.28
ATOM,483.0,CG,ASN,83.0,90.654,-32.723,62.581,0.55,2.0,2.01
ATOM,484.0,OD1,ASN,83.0,89.748,-32.147,63.191,-0.55,1.7,19.31
ATOM,485.0,ND2,ASN,83.0,91.005,-33.985,62.83,-0.62,1.85,12.35
ATOM,486.0,H,ASN,83.0,92.834,-29.833,62.305,0.31,0.2245,8.62
ATOM,487.0,HA,ASN,83.0,93.233,-32.755,62.349,0.09,1.32,0.0
ATOM,488.0,HB2,ASN,83.0,91.101,-31.07,61.439,0.09,1.32,7.52
ATOM,489.0,HB3,ASN,83.0,91.283,-32.481,60.636,0.09,1.32,6.7
ATOM,490.0,HD22,ASN,83.0,91.753,-34.403,62.313,0.3,0.2245,9.32
ATOM,491.0,HD21,ASN,83.0,90.524,-34.509,63.53,0.32,0.2245,0.66
ATOM,492.0,N,THR,84.0,94.984,-32.309,60.522,-0.47,1.85,0.9
ATOM,493.0,CA,THR,84.0,95.774,-32.408,59.305,0.07,2.275,1.06
ATOM,494.0,C,THR,84.0,96.522,-33.728,59.263,0.51,2.0,1.71
ATOM,495.0,O,THR,84.0,96.89,-34.28,60.298,-0.51,1.7,8.51
ATOM,496.0,CB,THR,84.0,96.781,-31.248,59.201,0.14,2.275,5.64
ATOM,497.0,OG1,THR,84.0,97.406,-31.262,57.914,-0.66,1.77,3.22
ATOM,498.0,CG2,THR,84.0,97.844,-31.382,60.255,-0.27,2.06,1.83
ATOM,499.0,H,THR,84.0,95.372,-32.417,61.472,0.31,0.2245,0.0
ATOM,500.0,HA,THR,84.0,95.152,-32.37,58.515,0.09,1.32,3.26
ATOM,501.0,HB,THR,84.0,96.277,-30.365,59.301,0.09,1.32,7.52
ATOM,502.0,HG21,THR,84.0,97.498,-31.06,61.143,0.09,1.32,0.0
ATOM,503.0,HG22,THR,84.0,98.124,-32.344,60.349,0.09,1.32,0.0
ATOM,504.0,HG23,THR,84.0,98.652,-30.836,60.008,0.09,1.32,0.16
ATOM,505.0,HG1,THR,84.0,96.727,-31.09,57.192,0.43,0.2245,18.9
ATOM,506.0,N,SER,85.0,96.741,-34.236,58.057,-0.47,1.85,1.39
ATOM,507.0,CA,SER,85.0,97.438,-35.501,57.872,0.07,2.275,2.88
ATOM,508.0,C,SER,85.0,98.857,-35.246,57.42,0.51,2.0,0.0
ATOM,509.0,O,SER,85.0,99.644,-36.177,57.282,-0.51,1.7,0.7
ATOM,510.0,CB,SER,85.0,96.732,-36.336,56.815,0.05,2.175,26.42
ATOM,511.0,OG,SER,85.0,96.784,-35.684,55.555,-0.66,1.77,27.46
ATOM,512.0,H,SER,85.0,96.378,-33.662,57.269,0.31,0.2245,4.24
ATOM,513.0,HA,SER,85.0,97.471,-35.971,58.759,0.09,1.32,3.68
ATOM,514.0,HB2,SER,85.0,97.185,-37.217,56.74,0.09,1.32,3.35
ATOM,515.0,HB3,SER,85.0,95.781,-36.454,57.076,0.09,1.32,11.11
ATOM,516.0,HG,SER,85.0,97.524,-35.014,55.558,0.43,0.2245,3.95
ATOM,517.0,N,ALA,86.0,99.173,-33.981,57.172,-0.47,1.85,0.08
ATOM,518.0,CA,ALA,86.0,100.507,-33.606,56.737,0.07,2.275,0.0
ATOM,519.0,C,ALA,86.0,100.77,-32.118,56.923,0.51,2.0,0.28
ATOM,520.0,O,ALA,86.0,99.841,-31.328,57.1,-0.51,1.7,8.75
ATOM,521.0,CB,ALA,86.0,100.701,-33.986,55.289,-0.27,2.06,26.82
ATOM,522.0,H,ALA,86.0,98.401,-33.302,57.313,0.31,0.2245,0.09
ATOM,523.0,HA,ALA,86.0,101.186,-34.122,57.283,0.09,1.32,0.0
ATOM,524.0,HB1,ALA,86.0,99.987,-34.63,55.007,0.09,1.32,2.44
ATOM,525.0,HB2,ALA,86.0,100.651,-33.168,54.713,0.09,1.32,8.68
ATOM,526.0,HB3,ALA,86.0,101.597,-34.417,55.167,0.09,1.32,4.56
ATOM,527.0,N,TYR,87.0,102.042,-31.745,56.883,-0.47,1.85,0.0
ATOM,528.0,CA,TYR,87.0,102.427,-30.357,57.044,0.07,2.275,0.36
ATOM,529.0,C,TYR,87.0,103.25,-29.936,55.843,0.51,2.0,0.81
ATOM,530.0,O,TYR,87.0,104.088,-30.694,55.363,-0.51,1.7,8.26
ATOM,531.0,CB,TYR,87.0,103.212,-30.191,58.339,-0.18,2.175,0.69
ATOM,532.0,CG,TYR,87.0,102.478,-30.767,59.528,0.0,1.9924,0.0
ATOM,533.0,CD1,TYR,87.0,102.57,-32.124,59.832,-0.115,1.9924,0.0
ATOM,534.0,CD2,TYR,87.0,101.653,-29.97,60.318,-0.115,1.9924,6.23
ATOM,535.0,CE1,TYR,87.0,101.857,-32.676,60.888,-0.115,1.9924,0.0
ATOM,536.0,CE2,TYR,87.0,100.935,-30.512,61.376,-0.115,1.9924,1.2
ATOM,537.0,CZ,TYR,87.0,101.041,-31.868,61.653,0.11,1.9924,0.0
ATOM,538.0,OH,TYR,87.0,100.318,-32.424,62.684,-0.54,1.77,0.0
ATOM,539.0,H,TYR,87.0,102.719,-32.518,56.73,0.31,0.2245,0.0
ATOM,540.0,HA,TYR,87.0,101.598,-29.797,57.069,0.09,1.32,2.06
ATOM,541.0,HB2,TYR,87.0,104.076,-30.666,58.247,0.09,1.32,0.0
ATOM,542.0,HB3,TYR,87.0,103.353,-29.224,58.5,0.09,1.32,5.75
ATOM,543.0,HD1,TYR,87.0,103.161,-32.714,59.278,0.115,1.3582,0.0
ATOM,544.0,HD2,TYR,87.0,101.578,-28.995,60.121,0.115,1.3582,14.29
ATOM,545.0,HE1,TYR,87.0,101.937,-33.653,61.091,0.115,1.3582,0.0
ATOM,546.0,HE2,TYR,87.0,100.345,-29.931,61.935,0.115,1.3582,0.96
ATOM,547.0,HH,TYR,87.0,100.89,-33.086,63.165,0.43,0.2245,0.0
ATOM,548.0,N,PHE,88.0,102.999,-28.724,55.359,-0.47,1.85,0.69
ATOM,549.0,CA,PHE,88.0,103.682,-28.2,54.184,0.07,2.275,1.28
ATOM,550.0,C,PHE,88.0,104.837,-27.251,54.468,0.51,2.0,0.0
ATOM,551.0,O,PHE,88.0,105.089,-26.866,55.611,-0.51,1.7,13.69
ATOM,552.0,CB,PHE,88.0,102.676,-27.477,53.3,-0.18,2.175,19.04
ATOM,553.0,CG,PHE,88.0,102.202,-26.174,53.873,0.0,1.9924,0.71
ATOM,554.0,CD1,PHE,88.0,102.908,-25.0,53.64,-0.115,1.9924,6.66
ATOM,555.0,CD2,PHE,88.0,101.059,-26.124,54.66,-0.115,1.9924,10.78
ATOM,556.0,CE1,PHE,88.0,102.485,-23.798,54.181,-0.115,1.9924,13.92
ATOM,557.0,CE2,PHE,88.0,100.627,-24.925,55.207,-0.115,1.9924,20.22
ATOM,558.0,CZ,PHE,88.0,101.342,-23.759,54.967,-0.115,1.9924,20.14
ATOM,559.0,H,PHE,88.0,102.278,-28.187,55.888,0.31,0.2245,2.21
ATOM,560.0,HA,PHE,88.0,104.079,-29.005,53.692,0.09,1.32,4.31
ATOM,561.0,HB2,PHE,88.0,103.111,-27.289,52.433,0.09,1.32,4.11
ATOM,562.0,HB3,PHE,88.0,101.889,-28.065,53.188,0.09,1.32,8.56
ATOM,563.0,HD1,PHE,88.0,103.729,-25.021,53.075,0.115,1.3582,0.0
ATOM,564.0,HD2,PHE,88.0,100.541,-26.962,54.833,0.115,1.3582,9.99
ATOM,565.0,HE1,PHE,88.0,103.01,-22.958,54.003,0.115,1.3582,0.89
ATOM,566.0,HE2,PHE,88.0,99.793,-24.905,55.78,0.115,1.3582,18.21
ATOM,567.0,HZ,PHE,88.0,101.036,-22.891,55.358,0.115,1.3582,18.0
ATOM,568.0,N,PHE,89.0,105.519,-26.866,53.393,-0.47,1.85,0.0
ATOM,569.0,CA,PHE,89.0,106.654,-25.952,53.456,0.07,2.275,0.0
ATOM,570.0,C,PHE,89.0,106.477,-24.875,52.395,0.51,2.0,0.0
ATOM,571.0,O,PHE,89.0,105.876,-25.119,51.347,-0.51,1.7,18.25
ATOM,572.0,CB,PHE,89.0,107.954,-26.713,53.211,-0.18,2.175,0.0
ATOM,573.0,CG,PHE,89.0,108.157,-27.874,54.141,0.0,1.9924,0.0
ATOM,574.0,CD1,PHE,89.0,107.474,-29.07,53.941,-0.115,1.9924,1.48
ATOM,575.0,CD2,PHE,89.0,109.02,-27.77,55.228,-0.115,1.9924,2.79
ATOM,576.0,CE1,PHE,89.0,107.648,-30.145,54.811,-0.115,1.9924,2.6
ATOM,577.0,CE2,PHE,89.0,109.199,-28.84,56.101,-0.115,1.9924,0.06
ATOM,578.0,CZ,PHE,89.0,108.512,-30.03,55.892,-0.115,1.9924,0.0
ATOM,579.0,H,PHE,89.0,105.17,-27.277,52.494,0.31,0.2245,4.92
ATOM,580.0,HA,PHE,89.0,106.613,-25.495,54.343,0.09,1.32,3.27
ATOM,581.0,HB2,PHE,89.0,107.932,-27.062,52.286,0.09,1.32,6.15
ATOM,582.0,HB3,PHE,89.0,108.704,-26.082,53.341,0.09,1.32,0.0
ATOM,583.0,HD1,PHE,89.0,106.854,-29.165,53.169,0.115,1.3582,6.68
ATOM,584.0,HD2,PHE,89.0,109.518,-26.918,55.384,0.115,1.3582,0.0
ATOM,585.0,HE1,PHE,89.0,107.143,-31.0,54.649,0.115,1.3582,6.81
ATOM,586.0,HE2,PHE,89.0,109.83,-28.744,56.887,0.115,1.3582,0.0
ATOM,587.0,HZ,PHE,89.0,108.637,-30.8,56.514,0.115,1.3582,0.0
ATOM,588.0,N,ASN,90.0,107.001,-23.685,52.663,-0.47,1.85,0.0
ATOM,589.0,CA,ASN,90.0,106.866,-22.583,51.72,0.07,2.275,0.71
ATOM,590.0,C,ASN,90.0,107.782,-22.71,50.501,0.51,2.0,0.02
ATOM,591.0,O,ASN,90.0,107.46,-22.219,49.414,-0.51,1.7,28.36
ATOM,592.0,CB,ASN,90.0,107.124,-21.255,52.438,-0.18,2.175,7.21
ATOM,593.0,CG,ASN,90.0,106.106,-20.975,53.527,0.55,2.0,2.16
ATOM,594.0,H,ASN,90.0,107.495,-23.613,53.567,0.31,0.2245,0.0
ATOM,595.0,HA,ASN,90.0,105.912,-22.601,51.372,0.09,1.32,5.85
ATOM,596.0,HB2,ASN,90.0,108.029,-21.292,52.85,0.09,1.32,0.0
ATOM,597.0,HB3,ASN,90.0,107.081,-20.522,51.766,0.09,1.32,8.86
ATOM,598.0,OD1,ASN,90.0,104.926,-20.757,53.252,-0.55,1.7,27.1
ATOM,599.0,ND2,ASN,90.0,106.559,-20.979,54.773,-0.62,1.85,14.25
ATOM,600.0,HD22,ASN,90.0,107.529,-21.155,54.953,0.3,0.2245,0.0
ATOM,601.0,HD21,ASN,90.0,105.936,-20.806,55.536,0.32,0.2245,19.47
ATOM,602.0,N,LYS,91.0,108.92,-23.373,50.68,-0.47,1.85,0.0
ATOM,603.0,CA,LYS,91.0,109.871,-23.544,49.59,0.07,2.275,2.78
ATOM,604.0,C,LYS,91.0,110.881,-24.627,49.918,0.51,2.0,0.34
ATOM,605.0,O,LYS,91.0,111.199,-24.855,51.08,-0.51,1.7,0.0
ATOM,606.0,CB,LYS,91.0,110.603,-22.229,49.314,-0.18,2.175,10.3
ATOM,607.0,CG,LYS,91.0,111.051,-21.49,50.562,-0.18,2.175,0.0
ATOM,608.0,CD,LYS,91.0,112.191,-20.531,50.25,-0.18,2.175,0.86
ATOM,609.0,CE,LYS,91.0,111.753,-19.08,50.386,0.21,2.175,16.03
ATOM,610.0,NZ,LYS,91.0,112.788,-18.135,49.877,-0.3,1.85,13.59
ATOM,611.0,H,LYS,91.0,109.065,-23.746,51.634,0.31,0.2245,0.0
ATOM,612.0,HA,LYS,91.0,109.368,-23.81,48.758,0.09,1.32,7.06
ATOM,613.0,HB2,LYS,91.0,111.41,-22.433,48.762,0.09,1.32,3.34
ATOM,614.0,HB3,LYS,91.0,109.987,-21.633,48.798,0.09,1.32,5.81
ATOM,615.0,HG2,LYS,91.0,110.282,-20.968,50.928,0.09,1.32,0.0
ATOM,616.0,HG3,LYS,91.0,111.363,-22.151,51.242,0.09,1.32,0.0
ATOM,617.0,HD2,LYS,91.0,112.936,-20.698,50.888,0.09,1.32,0.03
ATOM,618.0,HD3,LYS,91.0,112.495,-20.684,49.315,0.09,1.32,4.86
ATOM,619.0,HE2,LYS,91.0,110.904,-18.947,49.868,0.05,1.32,9.19
ATOM,620.0,HE3,LYS,91.0,111.576,-18.883,51.354,0.05,1.32,6.28
ATOM,621.0,HZ1,LYS,91.0,113.16,-18.484,49.018,0.33,0.2245,16.44
ATOM,622.0,HZ2,LYS,91.0,112.371,-17.24,49.724,0.33,0.2245,20.54
ATOM,623.0,HZ3,LYS,91.0,113.521,-18.053,50.551,0.33,0.2245,18.14
ATOM,624.0,N,THR,92.0,111.382,-25.29,48.883,-0.47,1.85,2.71
ATOM,625.0,CA,THR,92.0,112.355,-26.354,49.056,0.07,2.275,2.48
ATOM,626.0,C,THR,92.0,113.433,-25.957,50.053,0.51,2.0,0.0
ATOM,627.0,O,THR,92.0,113.82,-26.753,50.913,-0.51,1.7,0.0
ATOM,628.0,CB,THR,92.0,113.03,-26.696,47.732,0.14,2.275,5.92
ATOM,629.0,OG1,THR,92.0,112.058,-26.666,46.683,-0.66,1.77,27.13
ATOM,630.0,CG2,THR,92.0,113.649,-28.08,47.801,-0.27,2.06,21.26
ATOM,631.0,H,THR,92.0,111.022,-24.985,47.956,0.31,0.2245,3.44
ATOM,632.0,HA,THR,92.0,111.88,-27.17,49.412,0.09,1.32,0.94
ATOM,633.0,HB,THR,92.0,113.739,-25.991,47.526,0.09,1.32,7.4
ATOM,634.0,HG21,THR,92.0,112.944,-28.778,47.649,0.09,1.32,8.17
ATOM,635.0,HG22,THR,92.0,114.358,-28.173,47.098,0.09,1.32,11.17
ATOM,636.0,HG23,THR,92.0,114.063,-28.225,48.703,0.09,1.32,0.0
ATOM,637.0,HG1,THR,92.0,111.261,-26.117,46.959,0.43,0.2245,10.36
ATOM,638.0,N,SER,93.0,113.912,-24.723,49.929,-0.47,1.85,0.69
ATOM,639.0,CA,SER,93.0,114.952,-24.206,50.813,0.07,2.275,4.08
ATOM,640.0,C,SER,93.0,114.665,-24.581,52.265,0.51,2.0,0.0
ATOM,641.0,O,SER,93.0,115.478,-25.24,52.915,-0.51,1.7,1.8
ATOM,642.0,CB,SER,93.0,115.053,-22.682,50.674,0.05,2.175,16.67
ATOM,643.0,OG,SER,93.0,115.26,-22.062,51.933,-0.66,1.77,17.57
ATOM,644.0,H,SER,93.0,113.488,-24.167,49.159,0.31,0.2245,2.92
ATOM,645.0,HA,SER,93.0,115.825,-24.632,50.552,0.09,1.32,2.48
ATOM,646.0,HB2,SER,93.0,115.819,-22.466,50.076,0.09,1.32,11.62
ATOM,647.0,HB3,SER,93.0,114.204,-22.341,50.28,0.09,1.32,0.0
ATOM,648.0,HG,SER,93.0,114.378,-21.904,52.375,0.43,0.2245,2.37
ATOM,649.0,N,GLU,94.0,113.499,-24.168,52.755,-0.47,1.85,0.0
ATOM,650.0,CA,GLU,94.0,113.085,-24.449,54.126,0.07,2.275,0.0
ATOM,651.0,C,GLU,94.0,113.036,-25.947,54.414,0.51,2.0,0.0
ATOM,652.0,O,GLU,94.0,113.592,-26.413,55.408,-0.51,1.7,0.0
ATOM,653.0,CB,GLU,94.0,111.71,-23.839,54.4,-0.18,2.175,0.0
ATOM,654.0,CG,GLU,94.0,111.67,-22.331,54.307,-0.28,2.175,3.48
ATOM,655.0,CD,GLU,94.0,110.318,-21.777,54.688,0.62,2.0,0.0
ATOM,656.0,OE1,GLU,94.0,109.388,-22.585,54.902,-0.76,1.7,1.09
ATOM,657.0,OE2,GLU,94.0,110.183,-20.538,54.772,-0.76,1.7,18.38
ATOM,658.0,H,GLU,94.0,112.912,-23.631,52.081,0.31,0.2245,0.0
ATOM,659.0,HA,GLU,94.0,113.726,-24.006,54.771,0.09,1.32,0.0
ATOM,660.0,HB2,GLU,94.0,111.085,-24.2,53.728,0.09,1.32,0.0
ATOM,661.0,HB3,GLU,94.0,111.449,-24.093,55.316,0.09,1.32,0.0
ATOM,662.0,HG2,GLU,94.0,112.33,-21.964,54.933,0.09,1.32,2.76
ATOM,663.0,HG3,GLU,94.0,111.847,-22.071,53.378,0.09,1.32,0.0
ATOM,664.0,N,LEU,95.0,112.363,-26.7,53.548,-0.47,1.85,0.0
ATOM,665.0,CA,LEU,95.0,112.257,-28.144,53.72,0.07,2.275,0.0
ATOM,666.0,C,LEU,95.0,113.627,-28.708,54.051,0.51,2.0,0.0
ATOM,667.0,O,LEU,95.0,113.776,-29.501,54.975,-0.51,1.7,0.0
ATOM,668.0,CB,LEU,95.0,111.735,-28.793,52.439,-0.18,2.175,0.3
ATOM,669.0,CG,LEU,95.0,111.832,-30.319,52.378,-0.09,2.275,0.8
ATOM,670.0,CD1,LEU,95.0,111.268,-30.916,53.654,-0.27,2.06,3.26
ATOM,671.0,CD2,LEU,95.0,111.071,-30.84,51.165,-0.27,2.06,36.3
ATOM,672.0,H,LEU,95.0,111.932,-26.182,52.761,0.31,0.2245,0.0
ATOM,673.0,HA,LEU,95.0,111.641,-28.331,54.485,0.09,1.32,0.0
ATOM,674.0,HB2,LEU,95.0,110.774,-28.553,52.344,0.09,1.32,0.0
ATOM,675.0,HB3,LEU,95.0,112.26,-28.431,51.676,0.09,1.32,0.0
ATOM,676.0,HG,LEU,95.0,112.789,-30.579,52.282,0.09,1.32,2.56
ATOM,677.0,HD11,LEU,95.0,110.309,-30.649,53.755,0.09,1.32,0.0
ATOM,678.0,HD12,LEU,95.0,111.331,-31.914,53.615,0.09,1.32,2.45
ATOM,679.0,HD13,LEU,95.0,111.789,-30.582,54.441,0.09,1.32,0.0
ATOM,680.0,HD21,LEU,95.0,111.465,-30.451,50.332,0.09,1.32,0.74
ATOM,681.0,HD22,LEU,95.0,111.139,-31.838,51.132,0.09,1.32,10.45
ATOM,682.0,HD23,LEU,95.0,110.109,-30.573,51.235,0.09,1.32,4.61
ATOM,683.0,N,ILE,96.0,114.624,-28.289,53.28,-0.47,1.85,0.0
ATOM,684.0,CA,ILE,96.0,115.994,-28.725,53.492,0.07,2.275,0.07
ATOM,685.0,C,ILE,96.0,116.376,-28.376,54.921,0.51,2.0,0.0
ATOM,686.0,O,ILE,96.0,116.757,-29.255,55.695,-0.51,1.7,0.0
ATOM,687.0,CB,ILE,96.0,116.968,-28.012,52.527,-0.09,2.275,0.01
ATOM,688.0,CG1,ILE,96.0,116.877,-28.648,51.139,-0.18,2.175,10.3
ATOM,689.0,CG2,ILE,96.0,118.402,-28.105,53.052,-0.27,2.06,10.08
ATOM,690.0,CD1,ILE,96.0,117.344,-27.748,50.024,-0.27,2.06,28.99
ATOM,691.0,H,ILE,96.0,114.341,-27.632,52.524,0.31,0.2245,0.0
ATOM,692.0,HA,ILE,96.0,115.987,-29.718,53.433,0.09,1.32,1.43
ATOM,693.0,HB,ILE,96.0,116.684,-27.066,52.453,0.09,1.32,0.0
ATOM,694.0,HG12,ILE,96.0,117.428,-29.482,51.139,0.09,1.32,9.12
ATOM,695.0,HG13,ILE,96.0,115.922,-28.899,50.974,0.09,1.32,0.52
ATOM,696.0,HG21,ILE,96.0,119.013,-27.624,52.428,0.09,1.32,6.6
ATOM,697.0,HG22,ILE,96.0,118.45,-27.688,53.957,0.09,1.32,0.0
ATOM,698.0,HG23,ILE,96.0,118.67,-29.064,53.111,0.09,1.32,3.3
ATOM,699.0,HD11,ILE,96.0,118.301,-27.5,50.173,0.09,1.32,7.02
ATOM,700.0,HD12,ILE,96.0,117.257,-28.226,49.15,0.09,1.32,7.53
ATOM,701.0,HD13,ILE,96.0,116.785,-26.919,50.007,0.09,1.32,0.0
ATOM,702.0,N,ASP,97.0,116.27,-27.092,55.264,-0.47,1.85,0.0
ATOM,703.0,CA,ASP,97.0,116.597,-26.623,56.608,0.07,2.275,0.0
ATOM,704.0,C,ASP,97.0,116.071,-27.624,57.626,0.51,2.0,0.0
ATOM,705.0,O,ASP,97.0,116.831,-28.184,58.416,-0.51,1.7,0.0
ATOM,706.0,CB,ASP,97.0,115.959,-25.258,56.876,-0.28,2.175,0.73
ATOM,707.0,CG,ASP,97.0,116.742,-24.116,56.263,0.62,2.0,0.89
ATOM,708.0,OD1,ASP,97.0,117.941,-24.309,55.963,-0.76,1.7,9.28
ATOM,709.0,OD2,ASP,97.0,116.155,-23.022,56.083,-0.76,1.7,24.08
ATOM,710.0,H,ASP,97.0,115.94,-26.466,54.504,0.31,0.2245,0.0
ATOM,711.0,HA,ASP,97.0,117.594,-26.618,56.686,0.09,1.32,0.0
ATOM,712.0,HB2,ASP,97.0,115.045,-25.266,56.487,0.09,1.32,0.0
ATOM,713.0,HB3,ASP,97.0,115.917,-25.127,57.86,0.09,1.32,0.0
ATOM,714.0,N,PHE,98.0,114.763,-27.854,57.592,-0.47,1.85,0.0
ATOM,715.0,CA,PHE,98.0,114.132,-28.791,58.512,0.07,2.275,0.0
ATOM,716.0,C,PHE,98.0,114.872,-30.123,58.503,0.51,2.0,0.0
ATOM,717.0,O,PHE,98.0,115.334,-30.591,59.541,-0.51,1.7,1.64
ATOM,718.0,CB,PHE,98.0,112.662,-29.009,58.126,-0.18,2.175,0.0
ATOM,719.0,CG,PHE,98.0,112.104,-30.33,58.577,0.0,1.9924,0.0
ATOM,720.0,CD1,PHE,98.0,111.974,-30.621,59.931,-0.115,1.9924,0.93
ATOM,721.0,CD2,PHE,98.0,111.724,-31.289,57.646,-0.115,1.9924,0.0
ATOM,722.0,CE1,PHE,98.0,111.476,-31.851,60.348,-0.115,1.9924,8.38
ATOM,723.0,CE2,PHE,98.0,111.224,-32.524,58.051,-0.115,1.9924,0.0
ATOM,724.0,CZ,PHE,98.0,111.101,-32.806,59.405,-0.115,1.9924,6.87
ATOM,725.0,H,PHE,98.0,114.243,-27.32,56.87,0.31,0.2245,0.0
ATOM,726.0,HA,PHE,98.0,114.233,-28.41,59.436,0.09,1.32,0.0
ATOM,727.0,HB2,PHE,98.0,112.131,-28.291,58.549,0.09,1.32,0.0
ATOM,728.0,HB3,PHE,98.0,112.602,-28.97,57.14,0.09,1.32,0.0
ATOM,729.0,HD1,PHE,98.0,112.237,-29.945,60.612,0.115,1.3582,0.02
ATOM,730.0,HD2,PHE,98.0,111.81,-31.09,56.668,0.115,1.3582,0.0
ATOM,731.0,HE1,PHE,98.0,111.39,-32.046,61.331,0.115,1.3582,9.28
ATOM,732.0,HE2,PHE,98.0,110.955,-33.207,57.357,0.115,1.3582,0.0
ATOM,733.0,HZ,PHE,98.0,110.745,-33.688,59.708,0.115,1.3582,6.28
ATOM,734.0,N,LYS,99.0,114.984,-30.723,57.322,-0.47,1.85,0.0
ATOM,735.0,CA,LYS,99.0,115.656,-32.008,57.174,0.07,2.275,0.14
ATOM,736.0,C,LYS,99.0,117.051,-31.973,57.773,0.51,2.0,0.0
ATOM,737.0,O,LYS,99.0,117.534,-32.981,58.283,-0.51,1.7,15.03
ATOM,738.0,CB,LYS,99.0,115.737,-32.393,55.695,-0.18,2.175,6.33
ATOM,739.0,CG,LYS,99.0,114.492,-33.085,55.164,-0.18,2.175,2.38
ATOM,740.0,CD,LYS,99.0,114.293,-34.444,55.816,-0.18,2.175,10.23
ATOM,741.0,CE,LYS,99.0,112.849,-34.902,55.694,0.21,2.175,3.72
ATOM,742.0,NZ,LYS,99.0,112.761,-36.367,55.452,-0.3,1.85,12.72
ATOM,743.0,H,LYS,99.0,114.558,-30.205,56.528,0.31,0.2245,0.0
ATOM,744.0,HA,LYS,99.0,115.115,-32.715,57.651,0.09,1.32,2.13
ATOM,745.0,HB2,LYS,99.0,115.884,-31.56,55.164,0.09,1.32,0.0
ATOM,746.0,HB3,LYS,99.0,116.515,-33.009,55.576,0.09,1.32,7.05
ATOM,747.0,HG2,LYS,99.0,113.694,-32.514,55.357,0.09,1.32,0.0
ATOM,748.0,HG3,LYS,99.0,114.583,-33.21,54.177,0.09,1.32,9.95
ATOM,749.0,HD2,LYS,99.0,114.876,-35.107,55.362,0.09,1.32,7.77
ATOM,750.0,HD3,LYS,99.0,114.524,-34.377,56.779,0.09,1.32,3.46
ATOM,751.0,HE2,LYS,99.0,112.364,-34.678,56.542,0.05,1.32,0.0
ATOM,752.0,HE3,LYS,99.0,112.417,-34.415,54.932,0.05,1.32,2.05
ATOM,753.0,HZ1,LYS,99.0,113.68,-36.736,55.313,0.33,0.2245,14.56
ATOM,754.0,HZ2,LYS,99.0,112.339,-36.809,56.243,0.33,0.2245,11.33
ATOM,755.0,HZ3,LYS,99.0,112.206,-36.536,54.638,0.33,0.2245,16.45
ATOM,756.0,N,GLU,100.0,117.69,-30.808,57.712,-0.47,1.85,0.0
ATOM,757.0,CA,GLU,100.0,119.039,-30.64,58.245,0.07,2.275,1.68
ATOM,758.0,C,GLU,100.0,119.04,-30.156,59.698,0.51,2.0,0.0
ATOM,759.0,O,GLU,100.0,120.062,-29.695,60.205,-0.51,1.7,13.71
ATOM,760.0,CB,GLU,100.0,119.84,-29.663,57.371,-0.18,2.175,0.8
ATOM,761.0,CG,GLU,100.0,119.865,-30.023,55.887,-0.28,2.175,1.9
ATOM,762.0,CD,GLU,100.0,121.272,-30.065,55.309,0.62,2.0,1.46
ATOM,763.0,OE1,GLU,100.0,121.87,-28.987,55.108,-0.76,1.7,19.27
ATOM,764.0,OE2,GLU,100.0,121.781,-31.178,55.052,-0.76,1.7,47.07
ATOM,765.0,H,GLU,100.0,117.154,-30.041,57.26,0.31,0.2245,0.0
ATOM,766.0,HA,GLU,100.0,119.538,-31.52,58.188,0.09,1.32,6.89
ATOM,767.0,HB2,GLU,100.0,119.421,-28.776,57.454,0.09,1.32,0.0
ATOM,768.0,HB3,GLU,100.0,120.769,-29.667,57.693,0.09,1.32,3.64
ATOM,769.0,HG2,GLU,100.0,119.474,-30.918,55.782,0.09,1.32,2.77
ATOM,770.0,HG3,GLU,100.0,119.363,-29.336,55.395,0.09,1.32,0.0
ATOM,771.0,N,LYS,101.0,117.887,-30.257,60.355,-0.47,1.85,0.0
ATOM,772.0,CA,LYS,101.0,117.73,-29.864,61.756,0.07,2.275,1.29
ATOM,773.0,C,LYS,101.0,118.017,-28.398,62.072,0.51,2.0,0.93
ATOM,774.0,O,LYS,101.0,118.636,-28.087,63.088,-0.51,1.7,24.88
ATOM,775.0,CB,LYS,101.0,118.605,-30.751,62.644,-0.18,2.175,11.5
ATOM,776.0,CG,LYS,101.0,117.945,-32.058,63.051,-0.18,2.175,13.38
ATOM,777.0,CD,LYS,101.0,118.378,-33.2,62.147,-0.18,2.175,6.94
ATOM,778.0,CE,LYS,101.0,117.521,-34.434,62.376,0.21,2.175,18.28
ATOM,779.0,NZ,LYS,101.0,118.188,-35.415,63.278,-0.3,1.85,13.56
ATOM,780.0,H,LYS,101.0,117.099,-30.643,59.783,0.31,0.2245,0.0
ATOM,781.0,HA,LYS,101.0,116.766,-30.073,62.043,0.09,1.32,1.92
ATOM,782.0,HB2,LYS,101.0,119.442,-30.964,62.144,0.09,1.32,2.3
ATOM,783.0,HB3,LYS,101.0,118.828,-30.239,63.472,0.09,1.32,5.25
ATOM,784.0,HG2,LYS,101.0,118.203,-32.275,63.992,0.09,1.32,9.14
ATOM,785.0,HG3,LYS,101.0,116.953,-31.956,62.991,0.09,1.32,5.54
ATOM,786.0,HD2,LYS,101.0,118.279,-32.916,61.2,0.09,1.32,0.0
ATOM,787.0,HD3,LYS,101.0,119.324,-33.429,62.346,0.09,1.32,8.61
ATOM,788.0,HE2,LYS,101.0,116.648,-34.153,62.784,0.05,1.32,8.28
ATOM,789.0,HE3,LYS,101.0,117.338,-34.873,61.492,0.05,1.32,7.7
ATOM,790.0,HZ1,LYS,101.0,118.785,-34.927,63.914,0.33,0.2245,13.47
ATOM,791.0,HZ2,LYS,101.0,117.493,-35.919,63.79,0.33,0.2245,20.33
ATOM,792.0,HZ3,LYS,101.0,118.73,-36.052,62.731,0.33,0.2245,20.2
ATOM,793.0,N,ARG,102.0,117.554,-27.502,61.208,-0.47,1.85,0.0
ATOM,794.0,CA,ARG,102.0,117.754,-26.068,61.402,0.07,2.275,2.48
ATOM,795.0,C,ARG,102.0,116.399,-25.391,61.58,0.51,2.0,1.76
ATOM,796.0,O,ARG,102.0,116.322,-24.217,61.943,-0.51,1.7,31.38
ATOM,797.0,CB,ARG,102.0,118.472,-25.461,60.192,-0.18,2.175,0.63
ATOM,798.0,CG,ARG,102.0,119.992,-25.529,60.252,-0.18,2.175,7.12
ATOM,799.0,CD,ARG,102.0,120.625,-24.454,59.38,0.2,2.175,20.74
ATOM,800.0,NE,ARG,102.0,120.439,-24.712,57.954,-0.7,1.85,5.08
ATOM,801.0,CZ,ARG,102.0,121.061,-25.677,57.281,0.64,2.0,1.88
ATOM,802.0,NH1,ARG,102.0,121.911,-26.481,57.909,-0.8,1.85,14.83
ATOM,803.0,NH2,ARG,102.0,120.836,-25.834,55.982,-0.8,1.85,13.5
ATOM,804.0,H,ARG,102.0,117.045,-27.902,60.395,0.31,0.2245,0.0
ATOM,805.0,HA,ARG,102.0,118.296,-25.925,62.23,0.09,1.32,4.83
ATOM,806.0,HB2,ARG,102.0,118.173,-25.951,59.375,0.09,1.32,0.0
ATOM,807.0,HB3,ARG,102.0,118.209,-24.501,60.124,0.09,1.32,3.53
ATOM,808.0,HG2,ARG,102.0,120.294,-25.387,61.189,0.09,1.32,8.65
ATOM,809.0,HG3,ARG,102.0,120.298,-26.416,59.921,0.09,1.32,0.0
ATOM,810.0,HD2,ARG,102.0,120.205,-23.579,59.614,0.09,1.32,9.52
ATOM,811.0,HD3,ARG,102.0,121.602,-24.426,59.585,0.09,1.32,8.38
ATOM,812.0,HE,ARG,102.0,119.8,-24.122,57.448,0.44,0.2245,4.85
ATOM,813.0,HH11,ARG,102.0,122.082,-26.392,58.885,0.46,0.2245,7.31
ATOM,814.0,HH12,ARG,102.0,122.393,-27.197,57.387,0.46,0.2245,8.42
ATOM,815.0,HH21,ARG,102.0,120.18,-25.233,55.518,0.46,0.2245,5.57
ATOM,816.0,HH22,ARG,102.0,121.313,-26.544,55.47,0.46,0.2245,4.01
ATOM,817.0,N,ARG,103.0,115.338,-26.15,61.316,-0.47,1.85,0.74
ATOM,818.0,CA,ARG,103.0,113.964,-25.669,61.424,0.07,2.275,2.75
ATOM,819.0,C,ARG,103.0,113.122,-26.742,62.11,0.51,2.0,1.76
ATOM,820.0,O,ARG,103.0,113.532,-27.899,62.184,-0.51,1.7,9.34
ATOM,821.0,CB,ARG,103.0,113.406,-25.377,60.029,-0.18,2.175,0.35
ATOM,822.0,CG,ARG,103.0,112.072,-24.665,60.028,-0.18,2.175,3.75
ATOM,823.0,CD,ARG,103.0,111.466,-24.624,58.637,0.2,2.175,0.08
ATOM,824.0,NE,ARG,103.0,110.489,-23.549,58.522,-0.7,1.85,1.75
ATOM,825.0,CZ,ARG,103.0,110.807,-22.261,58.459,0.64,2.0,0.93
ATOM,826.0,NH1,ARG,103.0,112.081,-21.89,58.497,-0.8,1.85,11.84
ATOM,827.0,NH2,ARG,103.0,109.854,-21.342,58.365,-0.8,1.85,16.08
ATOM,828.0,H,ARG,103.0,115.575,-27.129,61.022,0.31,0.2245,0.0
ATOM,829.0,HA,ARG,103.0,113.951,-24.844,61.986,0.09,1.32,5.85
ATOM,830.0,HB2,ARG,103.0,114.066,-24.806,59.545,0.09,1.32,0.55
ATOM,831.0,HB3,ARG,103.0,113.297,-26.246,59.551,0.09,1.32,0.0
ATOM,832.0,HG2,ARG,103.0,111.436,-25.143,60.63,0.09,1.32,0.0
ATOM,833.0,HG3,ARG,103.0,112.193,-23.725,60.34,0.09,1.32,4.39
ATOM,834.0,HD2,ARG,103.0,112.199,-24.475,57.984,0.09,1.32,0.0
ATOM,835.0,HD3,ARG,103.0,111.02,-25.496,58.469,0.09,1.32,0.05
ATOM,836.0,HE,ARG,103.0,109.515,-23.797,58.488,0.44,0.2245,12.31
ATOM,837.0,HH11,ARG,103.0,112.814,-22.561,58.552,0.46,0.2245,1.67
ATOM,838.0,HH12,ARG,103.0,112.312,-20.908,58.468,0.46,0.2245,17.86
ATOM,839.0,HH21,ARG,103.0,108.893,-21.63,58.322,0.46,0.2245,11.67
ATOM,840.0,HH22,ARG,103.0,110.088,-20.374,58.336,0.46,0.2245,15.03
ATOM,841.0,N,ALA,104.0,111.948,-26.365,62.606,-0.47,1.85,0.46
ATOM,842.0,CA,ALA,104.0,111.076,-27.315,63.294,0.07,2.275,0.57
ATOM,843.0,C,ALA,104.0,109.787,-27.611,62.53,0.51,2.0,0.22
ATOM,844.0,O,ALA,104.0,109.085,-26.69,62.109,-0.51,1.7,17.94
ATOM,845.0,CB,ALA,104.0,110.738,-26.785,64.685,-0.27,2.06,41.07
ATOM,846.0,H,ALA,104.0,111.711,-25.367,62.467,0.31,0.2245,5.44
ATOM,847.0,HA,ALA,104.0,111.582,-28.187,63.418,0.09,1.32,4.02
ATOM,848.0,HB1,ALA,104.0,109.861,-26.307,64.654,0.09,1.32,8.08
ATOM,849.0,HB2,ALA,104.0,110.68,-27.549,65.326,0.09,1.32,11.71
ATOM,850.0,HB3,ALA,104.0,111.452,-26.153,64.982,0.09,1.32,9.79
ATOM,851.0,N,SER,105.0,109.476,-28.894,62.354,-0.47,1.85,3.01
ATOM,852.0,CA,SER,105.0,108.252,-29.291,61.657,0.07,2.275,2.82
ATOM,853.0,C,SER,105.0,107.907,-30.752,61.912,0.51,2.0,0.37
ATOM,854.0,O,SER,105.0,108.791,-31.594,62.042,-0.51,1.7,9.85
ATOM,855.0,CB,SER,105.0,108.383,-29.052,60.149,0.05,2.175,3.65
ATOM,856.0,OG,SER,105.0,107.132,-29.217,59.495,-0.66,1.77,6.44
ATOM,857.0,H,SER,105.0,110.158,-29.568,62.743,0.31,0.2245,4.76
ATOM,858.0,HA,SER,105.0,107.495,-28.726,62.013,0.09,1.32,5.93
ATOM,859.0,HB2,SER,105.0,108.707,-28.124,59.998,0.09,1.32,0.96
ATOM,860.0,HB3,SER,105.0,109.031,-29.708,59.776,0.09,1.32,0.0
ATOM,861.0,HG,SER,105.0,106.583,-29.886,59.994,0.43,0.2245,0.0
ATOM,862.0,N,PHE,106.0,106.614,-31.043,61.989,-0.47,1.85,0.01
ATOM,863.0,CA,PHE,106.0,106.153,-32.401,62.231,0.07,2.275,0.0
ATOM,864.0,C,PHE,106.0,106.245,-33.193,60.937,0.51,2.0,0.0
ATOM,865.0,O,PHE,106.0,106.34,-34.422,60.957,-0.51,1.7,1.76
ATOM,866.0,CB,PHE,106.0,104.704,-32.395,62.732,-0.18,2.175,0.0
ATOM,867.0,CG,PHE,106.0,104.502,-31.616,64.005,0.0,1.9924,0.0
ATOM,868.0,CD1,PHE,106.0,105.018,-32.082,65.211,-0.115,1.9924,4.67
ATOM,869.0,CD2,PHE,106.0,103.794,-30.416,64.0,-0.115,1.9924,2.47
ATOM,870.0,CE1,PHE,106.0,104.833,-31.367,66.391,-0.115,1.9924,9.96
ATOM,871.0,CE2,PHE,106.0,103.603,-29.691,65.178,-0.115,1.9924,9.97
ATOM,872.0,CZ,PHE,106.0,104.123,-30.169,66.375,-0.115,1.9924,10.11
ATOM,873.0,H,PHE,106.0,105.976,-30.233,61.864,0.31,0.2245,1.21
ATOM,874.0,HA,PHE,106.0,106.795,-32.82,62.874,0.09,1.32,4.32
ATOM,875.0,HB2,PHE,106.0,104.143,-31.984,62.03,0.09,1.32,0.0
ATOM,876.0,HB3,PHE,106.0,104.44,-33.332,62.902,0.09,1.32,0.0
ATOM,877.0,HD1,PHE,106.0,105.528,-32.937,65.235,0.115,1.3582,3.66
ATOM,878.0,HD2,PHE,106.0,103.418,-30.068,63.142,0.115,1.3582,1.38
ATOM,879.0,HE1,PHE,106.0,105.213,-31.722,67.252,0.115,1.3582,6.69
ATOM,880.0,HE2,PHE,106.0,103.086,-28.824,65.152,0.115,1.3582,6.42
ATOM,881.0,HZ,PHE,106.0,103.991,-29.659,67.222,0.115,1.3582,3.89
ATOM,882.0,N,GLU,107.0,106.218,-32.478,59.815,-0.47,1.85,0.0
ATOM,883.0,CA,GLU,107.0,106.295,-33.1,58.495,0.07,2.275,0.0
ATOM,884.0,C,GLU,107.0,105.046,-33.927,58.21,0.51,2.0,0.0
ATOM,885.0,O,GLU,107.0,104.191,-33.526,57.421,-0.51,1.7,2.72
ATOM,886.0,CB,GLU,107.0,107.541,-33.989,58.403,-0.18,2.175,0.12
ATOM,887.0,CG,GLU,107.0,107.665,-34.767,57.106,-0.28,2.175,9.35
ATOM,888.0,CD,GLU,107.0,108.871,-35.682,57.1,0.62,2.0,0.0
ATOM,889.0,OE1,GLU,107.0,108.993,-36.5,56.166,-0.76,1.7,24.61
ATOM,890.0,OE2,GLU,107.0,109.698,-35.583,58.032,-0.76,1.7,8.6
ATOM,891.0,H,GLU,107.0,106.138,-31.45,59.957,0.31,0.2245,0.0
ATOM,892.0,HA,GLU,107.0,106.393,-32.387,57.791,0.09,1.32,0.0
ATOM,893.0,HB2,GLU,107.0,108.33,-33.403,58.478,0.09,1.32,0.0
ATOM,894.0,HB3,GLU,107.0,107.497,-34.64,59.141,0.09,1.32,0.0
ATOM,895.0,HG2,GLU,107.0,106.866,-35.327,57.004,0.09,1.32,0.44
ATOM,896.0,HG3,GLU,107.0,107.773,-34.127,56.37,0.09,1.32,2.59
ATOM,897.0,N,TYR,108.0,104.951,-35.082,58.862,-0.47,1.85,0.0
ATOM,898.0,CA,TYR,108.0,103.817,-35.981,58.7,0.07,2.275,0.0
ATOM,899.0,C,TYR,108.0,103.039,-36.1,60.004,0.51,2.0,0.0
ATOM,900.0,O,TYR,108.0,103.604,-35.939,61.082,-0.51,1.7,0.0
ATOM,901.0,CB,TYR,108.0,104.308,-37.358,58.278,-0.18,2.175,2.4
ATOM,902.0,CG,TYR,108.0,103.234,-38.241,57.693,0.0,1.9924,0.31
ATOM,903.0,CD1,TYR,108.0,102.334,-37.749,56.753,-0.115,1.9924,8.58
ATOM,904.0,CD2,TYR,108.0,103.153,-39.584,58.041,-0.115,1.9924,3.22
ATOM,905.0,CE1,TYR,108.0,101.39,-38.573,56.174,-0.115,1.9924,10.1
ATOM,906.0,CE2,TYR,108.0,102.213,-40.415,57.468,-0.115,1.9924,6.24
ATOM,907.0,CZ,TYR,108.0,101.337,-39.908,56.535,0.11,1.9924,3.47
ATOM,908.0,OH,TYR,108.0,100.41,-40.748,55.963,-0.54,1.77,29.88
ATOM,909.0,H,TYR,108.0,105.756,-35.286,59.496,0.31,0.2245,0.0
ATOM,910.0,HA,TYR,108.0,103.203,-35.595,58.003,0.09,1.32,0.0
ATOM,911.0,HB2,TYR,108.0,105.024,-37.241,57.591,0.09,1.32,3.04
ATOM,912.0,HB3,TYR,108.0,104.685,-37.818,59.081,0.09,1.32,0.0
ATOM,913.0,HD1,TYR,108.0,102.372,-36.782,56.494,0.115,1.3582,0.49
ATOM,914.0,HD2,TYR,108.0,103.79,-39.952,58.719,0.115,1.3582,0.0
ATOM,915.0,HE1,TYR,108.0,100.747,-38.21,55.496,0.115,1.3582,7.22
ATOM,916.0,HE2,TYR,108.0,102.167,-41.381,57.729,0.115,1.3582,0.37
ATOM,917.0,HH,TYR,108.0,99.565,-40.242,55.801,0.43,0.2245,17.43
ATOM,918.0,N,GLY,109.0,101.748,-36.4,59.903,-0.47,1.85,0.0
ATOM,919.0,CA,GLY,109.0,100.907,-36.513,61.085,-0.02,2.175,5.0
ATOM,920.0,C,GLY,109.0,101.259,-37.636,62.04,0.51,2.0,1.95
ATOM,921.0,O,GLY,109.0,100.985,-37.554,63.238,-0.51,1.7,11.01
ATOM,922.0,H,GLY,109.0,101.405,-36.542,58.936,0.31,0.2245,0.0
ATOM,923.0,HA2,GLY,109.0,100.931,-35.62,61.596,0.09,1.32,0.0
ATOM,924.0,HA3,GLY,109.0,99.928,-36.622,60.787,0.09,1.32,3.3
ATOM,925.0,N,ARG,110.0,101.863,-38.691,61.512,-0.47,1.85,2.72
ATOM,926.0,CA,ARG,110.0,102.257,-39.843,62.322,0.07,2.275,1.41
ATOM,927.0,C,ARG,110.0,103.459,-39.516,63.207,0.51,2.0,0.18
ATOM,928.0,O,ARG,110.0,103.804,-40.269,64.112,-0.51,1.7,1.14
ATOM,929.0,CB,ARG,110.0,102.615,-41.018,61.406,-0.18,2.175,1.64
ATOM,930.0,CG,ARG,110.0,102.257,-42.381,61.959,-0.18,2.175,0.73
ATOM,931.0,CD,ARG,110.0,103.134,-43.469,61.36,0.2,2.175,0.0
ATOM,932.0,NE,ARG,110.0,102.861,-43.692,59.942,-0.7,1.85,3.04
ATOM,933.0,CZ,ARG,110.0,103.716,-43.411,58.963,0.64,2.0,1.71
ATOM,934.0,NH1,ARG,110.0,104.904,-42.893,59.242,-0.8,1.85,3.87
ATOM,935.0,NH2,ARG,110.0,103.389,-43.651,57.704,-0.8,1.85,16.65
ATOM,936.0,H,ARG,110.0,102.031,-38.632,60.487,0.31,0.2245,0.0
ATOM,937.0,HA,ARG,110.0,101.484,-40.103,62.914,0.09,1.32,0.0
ATOM,938.0,HB2,ARG,110.0,102.131,-40.894,60.542,0.09,1.32,0.55
ATOM,939.0,HB3,ARG,110.0,103.6,-40.995,61.245,0.09,1.32,0.0
ATOM,940.0,HG2,ARG,110.0,102.388,-42.387,62.947,0.09,1.32,0.0
ATOM,941.0,HG3,ARG,110.0,101.308,-42.593,61.739,0.09,1.32,8.07
ATOM,942.0,HD2,ARG,110.0,104.088,-43.195,61.472,0.09,1.32,0.0
ATOM,943.0,HD3,ARG,110.0,102.965,-44.314,61.865,0.09,1.32,0.0
ATOM,944.0,HE,ARG,110.0,101.969,-44.083,59.69,0.44,0.2245,13.02
ATOM,945.0,HH11,ARG,110.0,105.185,-42.724,60.183,0.46,0.2245,0.0
ATOM,946.0,HH12,ARG,110.0,105.536,-42.666,58.491,0.46,0.2245,3.05
ATOM,947.0,HH21,ARG,110.0,102.498,-44.065,57.493,0.46,0.2245,15.42
ATOM,948.0,HH22,ARG,110.0,104.02,-43.425,56.965,0.46,0.2245,15.93
ATOM,949.0,N,TYR,111.0,104.089,-38.382,62.942,-0.47,1.85,0.0
ATOM,950.0,CA,TYR,111.0,105.267,-37.987,63.688,0.07,2.275,0.0
ATOM,951.0,C,TYR,111.0,104.973,-36.93,64.74,0.51,2.0,1.42
ATOM,952.0,O,TYR,111.0,105.768,-36.717,65.651,-0.51,1.7,13.91
ATOM,953.0,CB,TYR,111.0,106.349,-37.49,62.713,-0.18,2.175,4.26
ATOM,954.0,CG,TYR,111.0,106.673,-38.479,61.605,0.0,1.9924,0.16
ATOM,955.0,CD1,TYR,111.0,106.576,-39.854,61.822,-0.115,1.9924,0.17
ATOM,956.0,CD2,TYR,111.0,107.06,-38.044,60.342,-0.115,1.9924,5.76
ATOM,957.0,CE1,TYR,111.0,106.852,-40.769,60.813,-0.115,1.9924,3.34
ATOM,958.0,CE2,TYR,111.0,107.34,-38.955,59.322,-0.115,1.9924,7.94
ATOM,959.0,CZ,TYR,111.0,107.232,-40.316,59.567,0.11,1.9924,1.72
ATOM,960.0,OH,TYR,111.0,107.503,-41.231,58.574,-0.54,1.77,28.0
ATOM,961.0,H,TYR,111.0,103.676,-37.819,62.175,0.31,0.2245,0.0
ATOM,962.0,HA,TYR,111.0,105.634,-38.807,64.163,0.09,1.32,0.0
ATOM,963.0,HB2,TYR,111.0,106.026,-36.648,62.294,0.09,1.32,0.0
ATOM,964.0,HB3,TYR,111.0,107.181,-37.322,63.232,0.09,1.32,3.38
ATOM,965.0,HD1,TYR,111.0,106.302,-40.191,62.727,0.115,1.3582,0.0
ATOM,966.0,HD2,TYR,111.0,107.139,-37.068,60.158,0.115,1.3582,0.03
ATOM,967.0,HE1,TYR,111.0,106.773,-41.752,60.993,0.115,1.3582,0.0
ATOM,968.0,HE2,TYR,111.0,107.617,-38.626,58.421,0.115,1.3582,2.86
ATOM,969.0,HH,TYR,111.0,107.175,-42.13,58.859,0.43,0.2245,6.82
ATOM,970.0,N,GLY,112.0,103.828,-36.271,64.626,-0.47,1.85,1.0
ATOM,971.0,CA,GLY,112.0,103.492,-35.247,65.598,-0.02,2.175,7.6
ATOM,972.0,C,GLY,112.0,102.313,-34.375,65.207,0.51,2.0,0.05
ATOM,973.0,O,GLY,112.0,101.867,-34.382,64.057,-0.51,1.7,0.0
ATOM,974.0,H,GLY,112.0,103.236,-36.537,63.832,0.31,0.2245,0.0
ATOM,975.0,HA2,GLY,112.0,103.294,-35.691,66.498,0.09,1.32,9.77
ATOM,976.0,HA3,GLY,112.0,104.309,-34.652,65.754,0.09,1.32,0.32
ATOM,977.0,N,ASN,113.0,101.804,-33.616,66.171,-0.47,1.85,0.15
ATOM,978.0,CA,ASN,113.0,100.672,-32.741,65.918,0.07,2.275,0.0
ATOM,979.0,C,ASN,113.0,100.628,-31.618,66.94,0.51,2.0,0.0
ATOM,980.0,O,ASN,113.0,100.825,-31.847,68.13,-0.51,1.7,0.0
ATOM,981.0,CB,ASN,113.0,99.371,-33.538,65.97,-0.18,2.175,4.14
ATOM,982.0,CG,ASN,113.0,98.162,-32.688,65.654,0.55,2.0,0.0
ATOM,983.0,H,ASN,113.0,102.273,-33.702,67.09,0.31,0.2245,0.55
ATOM,984.0,HA,ASN,113.0,100.818,-32.316,65.018,0.09,1.32,0.0
ATOM,985.0,HB2,ASN,113.0,99.427,-34.275,65.303,0.09,1.32,0.57
ATOM,986.0,HB3,ASN,113.0,99.268,-33.912,66.887,0.09,1.32,0.0
ATOM,987.0,OD1,ASN,113.0,97.981,-31.616,66.228,-0.55,1.7,0.0
ATOM,988.0,ND2,ASN,113.0,97.33,-33.16,64.734,-0.62,1.85,0.0
ATOM,989.0,HD22,ASN,113.0,97.519,-34.04,64.295,0.3,0.2245,3.05
ATOM,990.0,HD21,ASN,113.0,96.516,-32.64,64.478,0.32,0.2245,0.0
ATOM,991.0,N,PRO,114.0,100.365,-30.385,66.483,-0.29,1.85,0.0
ATOM,992.0,CA,PRO,114.0,100.295,-29.207,67.357,0.02,2.275,0.33
ATOM,993.0,C,PRO,114.0,99.299,-29.331,68.502,0.51,2.0,0.0
ATOM,994.0,O,PRO,114.0,99.549,-28.856,69.613,-0.51,1.7,0.0
ATOM,995.0,CB,PRO,114.0,99.926,-28.069,66.406,-0.18,2.175,2.67
ATOM,996.0,CG,PRO,114.0,99.407,-28.737,65.174,-0.18,2.175,0.72
ATOM,997.0,CD,PRO,114.0,100.123,-30.039,65.075,0.0,2.175,0.0
ATOM,998.0,HA,PRO,114.0,101.225,-28.979,67.715,0.09,1.32,0.83
ATOM,999.0,HB2,PRO,114.0,99.222,-27.477,66.816,0.09,1.32,0.0
ATOM,1000.0,HB3,PRO,114.0,100.732,-27.506,66.196,0.09,1.32,5.77
ATOM,1001.0,HG2,PRO,114.0,98.409,-28.873,65.245,0.09,1.32,0.0
ATOM,1002.0,HG3,PRO,114.0,99.584,-28.16,64.364,0.09,1.32,8.01
ATOM,1003.0,HD2,PRO,114.0,99.562,-30.74,64.635,0.09,1.32,0.0
ATOM,1004.0,HD3,PRO,114.0,100.99,-29.951,64.582,0.09,1.32,0.0
ATOM,1005.0,N,THR,115.0,98.169,-29.971,68.225,-0.47,1.85,0.0
ATOM,1006.0,CA,THR,115.0,97.119,-30.155,69.221,0.07,2.275,0.0
ATOM,1007.0,C,THR,115.0,97.43,-31.281,70.184,0.51,2.0,0.0
ATOM,1008.0,O,THR,115.0,96.734,-31.455,71.175,-0.51,1.7,0.0
ATOM,1009.0,CB,THR,115.0,95.76,-30.465,68.561,0.14,2.275,0.0
ATOM,1010.0,OG1,THR,115.0,94.703,-29.969,69.384,-0.66,1.77,0.0
ATOM,1011.0,CG2,THR,115.0,95.57,-31.955,68.401,-0.27,2.06,0.0
ATOM,1012.0,H,THR,115.0,98.098,-30.326,67.248,0.31,0.2245,0.0
ATOM,1013.0,HA,THR,115.0,97.03,-29.295,69.75,0.09,1.32,0.0
ATOM,1014.0,HB,THR,115.0,95.717,-29.986,67.661,0.09,1.32,0.0
ATOM,1015.0,HG21,THR,115.0,94.592,-32.174,68.34,0.09,1.32,0.0
ATOM,1016.0,HG22,THR,115.0,96.026,-32.274,67.565,0.09,1.32,0.0
ATOM,1017.0,HG23,THR,115.0,95.962,-32.44,69.188,0.09,1.32,0.0
ATOM,1018.0,HG1,THR,115.0,94.444,-29.039,69.101,0.43,0.2245,0.0
ATOM,1019.0,N,THR,116.0,98.46,-32.059,69.878,-0.47,1.85,0.0
ATOM,1020.0,CA,THR,116.0,98.848,-33.174,70.735,0.07,2.275,0.0
ATOM,1021.0,C,THR,116.0,100.01,-32.785,71.644,0.51,2.0,0.0
ATOM,1022.0,O,THR,116.0,99.962,-33.008,72.851,-0.51,1.7,0.0
ATOM,1023.0,CB,THR,116.0,99.263,-34.415,69.899,0.14,2.275,1.01
ATOM,1024.0,OG1,THR,116.0,98.142,-34.88,69.14,-0.66,1.77,0.58
ATOM,1025.0,CG2,THR,116.0,99.742,-35.537,70.807,-0.27,2.06,3.1
ATOM,1026.0,H,THR,116.0,98.952,-31.812,69.0,0.31,0.2245,0.0
ATOM,1027.0,HA,THR,116.0,98.063,-33.421,71.315,0.09,1.32,0.0
ATOM,1028.0,HB,THR,116.0,99.998,-34.136,69.25,0.09,1.32,0.0
ATOM,1029.0,HG21,THR,116.0,99.036,-35.75,71.487,0.09,1.32,0.0
ATOM,1030.0,HG22,THR,116.0,99.931,-36.358,70.263,0.09,1.32,6.86
ATOM,1031.0,HG23,THR,116.0,100.58,-35.257,71.281,0.09,1.32,0.0
ATOM,1032.0,HG1,THR,116.0,97.356,-35.05,69.744,0.43,0.2245,0.0
ATOM,1033.0,N,VAL,117.0,101.05,-32.2,71.057,-0.47,1.85,0.0
ATOM,1034.0,CA,VAL,117.0,102.224,-31.789,71.815,0.07,2.275,0.0
ATOM,1035.0,C,VAL,117.0,101.816,-31.077,73.094,0.51,2.0,0.0
ATOM,1036.0,O,VAL,117.0,102.449,-31.245,74.136,-0.51,1.7,0.0
ATOM,1037.0,CB,VAL,117.0,103.134,-30.852,70.99,-0.09,2.275,1.62
ATOM,1038.0,CG1,VAL,117.0,103.576,-31.55,69.727,-0.27,2.06,5.52
ATOM,1039.0,CG2,VAL,117.0,102.401,-29.575,70.647,-0.27,2.06,4.21
ATOM,1040.0,H,VAL,117.0,100.953,-32.065,70.032,0.31,0.2245,0.0
ATOM,1041.0,HA,VAL,117.0,102.739,-32.616,72.069,0.09,1.32,0.0
ATOM,1042.0,HB,VAL,117.0,103.947,-30.674,71.532,0.09,1.32,3.35
ATOM,1043.0,HG11,VAL,117.0,103.205,-31.073,68.927,0.09,1.32,0.0
ATOM,1044.0,HG12,VAL,117.0,104.577,-31.553,69.672,0.09,1.32,8.43
ATOM,1045.0,HG13,VAL,117.0,103.245,-32.496,69.727,0.09,1.32,0.53
ATOM,1046.0,HG21,VAL,117.0,101.588,-29.791,70.104,0.09,1.32,0.0
ATOM,1047.0,HG22,VAL,117.0,102.124,-29.111,71.49,0.09,1.32,0.66
ATOM,1048.0,HG23,VAL,117.0,103.004,-28.974,70.119,0.09,1.32,5.99
ATOM,1049.0,N,VAL,118.0,100.757,-30.281,73.016,-0.47,1.85,0.0
ATOM,1050.0,CA,VAL,118.0,100.28,-29.569,74.189,0.07,2.275,0.0
ATOM,1051.0,C,VAL,118.0,100.115,-30.6,75.285,0.51,2.0,0.0
ATOM,1052.0,O,VAL,118.0,100.822,-30.574,76.29,-0.51,1.7,0.0
ATOM,1053.0,CB,VAL,118.0,98.924,-28.913,73.936,-0.09,2.275,0.0
ATOM,1054.0,CG1,VAL,118.0,98.323,-28.469,75.252,-0.27,2.06,0.0
ATOM,1055.0,CG2,VAL,118.0,99.085,-27.737,72.989,-0.27,2.06,0.74
ATOM,1056.0,H,VAL,118.0,100.321,-30.217,72.083,0.31,0.2245,0.0
ATOM,1057.0,HA,VAL,118.0,100.98,-28.924,74.471,0.09,1.32,1.04
ATOM,1058.0,HB,VAL,118.0,98.317,-29.602,73.556,0.09,1.32,0.0
ATOM,1059.0,HG11,VAL,118.0,99.045,-28.374,75.939,0.09,1.32,0.0
ATOM,1060.0,HG12,VAL,118.0,97.863,-27.587,75.134,0.09,1.32,0.0
ATOM,1061.0,HG13,VAL,118.0,97.658,-29.148,75.566,0.09,1.32,0.0
ATOM,1062.0,HG21,VAL,118.0,99.952,-27.823,72.498,0.09,1.32,0.02
ATOM,1063.0,HG22,VAL,118.0,98.328,-27.732,72.335,0.09,1.32,0.0
ATOM,1064.0,HG23,VAL,118.0,99.08,-26.885,73.514,0.09,1.32,0.0
ATOM,1065.0,N,LEU,119.0,99.183,-31.52,75.069,-0.47,1.85,0.0
ATOM,1066.0,CA,LEU,119.0,98.925,-32.577,76.03,0.07,2.275,0.0
ATOM,1067.0,C,LEU,119.0,100.226,-33.253,76.436,0.51,2.0,0.0
ATOM,1068.0,O,LEU,119.0,100.396,-33.648,77.582,-0.51,1.7,0.0
ATOM,1069.0,CB,LEU,119.0,97.979,-33.616,75.434,-0.18,2.175,0.0
ATOM,1070.0,CG,LEU,119.0,97.852,-34.904,76.241,-0.09,2.275,0.0
ATOM,1071.0,CD1,LEU,119.0,97.436,-34.578,77.666,-0.27,2.06,0.0
ATOM,1072.0,CD2,LEU,119.0,96.839,-35.802,75.584,-0.27,2.06,0.0
ATOM,1073.0,H,LEU,119.0,98.668,-31.418,74.173,0.31,0.2245,0.0
ATOM,1074.0,HA,LEU,119.0,98.508,-32.174,76.851,0.09,1.32,0.0
ATOM,1075.0,HB2,LEU,119.0,97.076,-33.21,75.376,0.09,1.32,0.0
ATOM,1076.0,HB3,LEU,119.0,98.317,-33.858,74.535,0.09,1.32,0.0
ATOM,1077.0,HG,LEU,119.0,98.733,-35.371,76.251,0.09,1.32,0.0
ATOM,1078.0,HD11,LEU,119.0,96.554,-34.105,77.658,0.09,1.32,0.0
ATOM,1079.0,HD12,LEU,119.0,97.353,-35.424,78.193,0.09,1.32,0.0
ATOM,1080.0,HD13,LEU,119.0,98.125,-33.989,78.09,0.09,1.32,0.0
ATOM,1081.0,HD21,LEU,119.0,97.131,-36.023,74.65,0.09,1.32,0.0
ATOM,1082.0,HD22,LEU,119.0,96.746,-36.654,76.106,0.09,1.32,0.0
ATOM,1083.0,HD23,LEU,119.0,95.947,-35.344,75.547,0.09,1.32,0.0
ATOM,1084.0,N,GLU,120.0,101.147,-33.387,75.491,-0.47,1.85,0.0
ATOM,1085.0,CA,GLU,120.0,102.426,-34.019,75.781,0.07,2.275,0.0
ATOM,1086.0,C,GLU,120.0,103.126,-33.237,76.882,0.51,2.0,0.0
ATOM,1087.0,O,GLU,120.0,103.379,-33.76,77.965,-0.51,1.7,0.0
ATOM,1088.0,CB,GLU,120.0,103.306,-34.047,74.526,-0.18,2.175,0.0
ATOM,1089.0,CG,GLU,120.0,103.43,-35.42,73.879,-0.28,2.175,0.0
ATOM,1090.0,CD,GLU,120.0,104.33,-35.414,72.654,0.62,2.0,0.0
ATOM,1091.0,OE1,GLU,120.0,105.309,-34.637,72.637,-0.76,1.7,11.95
ATOM,1092.0,OE2,GLU,120.0,104.058,-36.188,71.709,-0.76,1.7,9.78
ATOM,1093.0,H,GLU,120.0,100.885,-33.016,74.563,0.31,0.2245,0.0
ATOM,1094.0,HA,GLU,120.0,102.28,-34.962,76.08,0.09,1.32,0.0
ATOM,1095.0,HB2,GLU,120.0,102.901,-33.441,73.864,0.09,1.32,0.0
ATOM,1096.0,HB3,GLU,120.0,104.21,-33.758,74.788,0.09,1.32,1.44
ATOM,1097.0,HG2,GLU,120.0,103.826,-36.035,74.535,0.09,1.32,0.0
ATOM,1098.0,HG3,GLU,120.0,102.537,-35.707,73.588,0.09,1.32,0.0
ATOM,1099.0,N,GLU,121.0,103.421,-31.974,76.599,-0.47,1.85,0.0
ATOM,1100.0,CA,GLU,121.0,104.097,-31.109,77.553,0.07,2.275,0.66
ATOM,1101.0,C,GLU,121.0,103.345,-31.06,78.87,0.51,2.0,0.0
ATOM,1102.0,O,GLU,121.0,103.944,-31.11,79.948,-0.51,1.7,2.08
ATOM,1103.0,CB,GLU,121.0,104.223,-29.702,76.977,-0.18,2.175,2.06
ATOM,1104.0,CG,GLU,121.0,104.7,-29.691,75.546,-0.28,2.175,3.49
ATOM,1105.0,CD,GLU,121.0,105.313,-28.37,75.152,0.62,2.0,4.47
ATOM,1106.0,OE1,GLU,121.0,104.939,-27.343,75.761,-0.76,1.7,22.49
ATOM,1107.0,OE2,GLU,121.0,106.168,-28.357,74.237,-0.76,1.7,42.05
ATOM,1108.0,H,GLU,121.0,103.13,-31.662,75.649,0.31,0.2245,0.0
ATOM,1109.0,HA,GLU,121.0,105.034,-31.447,77.712,0.09,1.32,2.15
ATOM,1110.0,HB2,GLU,121.0,103.333,-29.289,77.003,0.09,1.32,0.0
ATOM,1111.0,HB3,GLU,121.0,104.88,-29.215,77.519,0.09,1.32,8.23
ATOM,1112.0,HG2,GLU,121.0,105.391,-30.383,75.443,0.09,1.32,7.23
ATOM,1113.0,HG3,GLU,121.0,103.928,-29.848,74.957,0.09,1.32,0.0
ATOM,1114.0,N,LYS,122.0,102.026,-30.963,78.778,-0.47,1.85,0.0
ATOM,1115.0,CA,LYS,122.0,101.203,-30.9,79.967,0.07,2.275,0.0
ATOM,1116.0,C,LYS,122.0,101.588,-32.038,80.9,0.51,2.0,0.0
ATOM,1117.0,O,LYS,122.0,102.101,-31.803,81.991,-0.51,1.7,0.0
ATOM,1118.0,CB,LYS,122.0,99.731,-30.994,79.588,-0.18,2.175,0.0
ATOM,1119.0,CG,LYS,122.0,98.791,-30.476,80.639,-0.18,2.175,0.0
ATOM,1120.0,CD,LYS,122.0,97.408,-30.307,80.069,-0.18,2.175,0.0
ATOM,1121.0,CE,LYS,122.0,97.109,-28.848,79.819,0.21,2.175,0.0
ATOM,1122.0,NZ,LYS,122.0,95.764,-28.466,80.334,-0.3,1.85,0.0
ATOM,1123.0,H,LYS,122.0,101.653,-30.937,77.813,0.31,0.2245,0.0
ATOM,1124.0,HA,LYS,122.0,101.366,-30.031,80.437,0.09,1.32,0.0
ATOM,1125.0,HB2,LYS,122.0,99.593,-30.468,78.747,0.09,1.32,0.0
ATOM,1126.0,HB3,LYS,122.0,99.517,-31.957,79.412,0.09,1.32,0.0
ATOM,1127.0,HG2,LYS,122.0,98.753,-31.125,81.398,0.09,1.32,0.0
ATOM,1128.0,HG3,LYS,122.0,99.118,-29.592,80.97,0.09,1.32,0.0
ATOM,1129.0,HD2,LYS,122.0,97.349,-30.796,79.206,0.09,1.32,0.0
ATOM,1130.0,HD3,LYS,122.0,96.742,-30.662,80.716,0.09,1.32,0.0
ATOM,1131.0,HE2,LYS,122.0,97.805,-28.286,80.275,0.05,1.32,0.0
ATOM,1132.0,HE3,LYS,122.0,97.143,-28.668,78.832,0.05,1.32,0.0
ATOM,1133.0,HZ1,LYS,122.0,95.356,-29.247,80.805,0.33,0.2245,0.0
ATOM,1134.0,HZ2,LYS,122.0,95.859,-27.702,80.971,0.33,0.2245,0.0
ATOM,1135.0,HZ3,LYS,122.0,95.182,-28.195,79.569,0.33,0.2245,0.0
ATOM,1136.0,N,ILE,123.0,101.361,-33.271,80.461,-0.47,1.85,0.0
ATOM,1137.0,CA,ILE,123.0,101.69,-34.437,81.273,0.07,2.275,0.0
ATOM,1138.0,C,ILE,123.0,103.147,-34.412,81.705,0.51,2.0,0.0
ATOM,1139.0,O,ILE,123.0,103.484,-34.829,82.809,-0.51,1.7,0.0
ATOM,1140.0,CB,ILE,123.0,101.431,-35.751,80.515,-0.09,2.275,0.0
ATOM,1141.0,CG1,ILE,123.0,99.929,-36.027,80.475,-0.18,2.175,0.0
ATOM,1142.0,CG2,ILE,123.0,102.155,-36.906,81.2,-0.27,2.06,0.54
ATOM,1143.0,CD1,ILE,123.0,99.57,-37.322,79.786,-0.27,2.06,0.06
ATOM,1144.0,H,ILE,123.0,100.941,-33.33,79.516,0.31,0.2245,0.0
ATOM,1145.0,HA,ILE,123.0,101.139,-34.361,82.111,0.09,1.32,0.0
ATOM,1146.0,HB,ILE,123.0,101.749,-35.635,79.584,0.09,1.32,0.0
ATOM,1147.0,HG12,ILE,123.0,99.587,-36.051,81.413,0.09,1.32,0.0
ATOM,1148.0,HG13,ILE,123.0,99.485,-35.272,79.993,0.09,1.32,0.0
ATOM,1149.0,HG21,ILE,123.0,101.989,-37.749,80.693,0.09,1.32,0.0
ATOM,1150.0,HG22,ILE,123.0,103.135,-36.717,81.222,0.09,1.32,0.0
ATOM,1151.0,HG23,ILE,123.0,101.814,-37.005,82.133,0.09,1.32,0.0
ATOM,1152.0,HD11,ILE,123.0,100.001,-38.085,80.266,0.09,1.32,0.0
ATOM,1153.0,HD12,ILE,123.0,98.578,-37.44,79.795,0.09,1.32,0.0
ATOM,1154.0,HD13,ILE,123.0,99.894,-37.297,78.841,0.09,1.32,0.0
ATOM,1155.0,N,SER,124.0,104.016,-33.931,80.828,-0.47,1.85,0.0
ATOM,1156.0,CA,SER,124.0,105.427,-33.855,81.158,0.07,2.275,0.0
ATOM,1157.0,C,SER,124.0,105.537,-33.041,82.431,0.51,2.0,0.0
ATOM,1158.0,O,SER,124.0,106.146,-33.465,83.414,-0.51,1.7,0.0
ATOM,1159.0,CB,SER,124.0,106.202,-33.162,80.036,0.05,2.175,7.77
ATOM,1160.0,OG,SER,124.0,106.577,-34.079,79.018,-0.66,1.77,1.22
ATOM,1161.0,H,SER,124.0,103.615,-33.628,79.927,0.31,0.2245,0.0
ATOM,1162.0,HA,SER,124.0,105.755,-34.773,81.348,0.09,1.32,0.0
ATOM,1163.0,HB2,SER,124.0,105.625,-32.454,79.636,0.09,1.32,0.0
ATOM,1164.0,HB3,SER,124.0,107.026,-32.752,80.42,0.09,1.32,2.58
ATOM,1165.0,HG,SER,124.0,106.207,-34.982,79.232,0.43,0.2245,0.0
ATOM,1166.0,N,ALA,125.0,104.919,-31.866,82.402,-0.47,1.85,0.37
ATOM,1167.0,CA,ALA,125.0,104.927,-30.952,83.537,0.07,2.275,3.13
ATOM,1168.0,C,ALA,125.0,104.481,-31.632,84.824,0.51,2.0,0.0
ATOM,1169.0,O,ALA,125.0,105.153,-31.531,85.85,-0.51,1.7,14.65
ATOM,1170.0,CB,ALA,125.0,104.026,-29.756,83.242,-0.27,2.06,4.98
ATOM,1171.0,H,ALA,125.0,104.431,-31.656,81.504,0.31,0.2245,0.0
ATOM,1172.0,HA,ALA,125.0,105.869,-30.604,83.667,0.09,1.32,6.65
ATOM,1173.0,HB1,ALA,125.0,103.195,-29.823,83.792,0.09,1.32,0.0
ATOM,1174.0,HB2,ALA,125.0,104.51,-28.912,83.469,0.09,1.32,0.0
ATOM,1175.0,HB3,ALA,125.0,103.786,-29.752,82.272,0.09,1.32,0.06
ATOM,1176.0,N,LEU,126.0,103.345,-32.319,84.758,-0.47,1.85,0.0
ATOM,1177.0,CA,LEU,126.0,102.784,-33.021,85.908,0.07,2.275,0.01
ATOM,1178.0,C,LEU,126.0,103.771,-34.013,86.51,0.51,2.0,0.0
ATOM,1179.0,O,LEU,126.0,104.21,-33.862,87.651,-0.51,1.7,3.67
ATOM,1180.0,CB,LEU,126.0,101.51,-33.763,85.499,-0.18,2.175,0.0
ATOM,1181.0,CG,LEU,126.0,100.197,-33.028,85.744,-0.09,2.275,0.0
ATOM,1182.0,CD1,LEU,126.0,99.052,-34.02,85.71,-0.27,2.06,0.0
ATOM,1183.0,CD2,LEU,126.0,100.256,-32.305,87.083,-0.27,2.06,0.0
ATOM,1184.0,H,LEU,126.0,102.891,-32.313,83.817,0.31,0.2245,0.0
ATOM,1185.0,HA,LEU,126.0,102.547,-32.339,86.615,0.09,1.32,1.0
ATOM,1186.0,HB2,LEU,126.0,101.569,-33.953,84.522,0.09,1.32,0.0
ATOM,1187.0,HB3,LEU,126.0,101.477,-34.616,86.012,0.09,1.32,0.0
ATOM,1188.0,HG,LEU,126.0,100.068,-32.345,85.031,0.09,1.32,0.0
ATOM,1189.0,HD11,LEU,126.0,99.184,-34.712,86.422,0.09,1.32,0.0
ATOM,1190.0,HD12,LEU,126.0,98.187,-33.542,85.87,0.09,1.32,0.0
ATOM,1191.0,HD13,LEU,126.0,99.02,-34.469,84.815,0.09,1.32,0.0
ATOM,1192.0,HD21,LEU,126.0,101.008,-31.645,87.074,0.09,1.32,0.15
ATOM,1193.0,HD22,LEU,126.0,99.393,-31.824,87.241,0.09,1.32,0.0
ATOM,1194.0,HD23,LEU,126.0,100.405,-32.97,87.815,0.09,1.32,0.0
ATOM,1195.0,N,GLU,127.0,104.113,-35.035,85.734,-0.47,1.85,0.0
ATOM,1196.0,CA,GLU,127.0,105.046,-36.052,86.192,0.07,2.275,0.0
ATOM,1197.0,C,GLU,127.0,106.424,-35.448,86.417,0.51,2.0,0.0
ATOM,1198.0,O,GLU,127.0,107.322,-36.114,86.934,-0.51,1.7,3.47
ATOM,1199.0,CB,GLU,127.0,105.14,-37.178,85.168,-0.18,2.175,0.0
ATOM,1200.0,CG,GLU,127.0,103.839,-37.901,84.944,-0.28,2.175,0.0
ATOM,1201.0,CD,GLU,127.0,103.622,-39.002,85.952,0.62,2.0,0.0
ATOM,1202.0,OE1,GLU,127.0,104.558,-39.292,86.723,-0.76,1.7,0.04
ATOM,1203.0,OE2,GLU,127.0,102.516,-39.577,85.974,-0.76,1.7,0.09
ATOM,1204.0,H,GLU,127.0,103.667,-35.042,84.798,0.31,0.2245,0.0
ATOM,1205.0,HA,GLU,127.0,104.713,-36.457,87.051,0.09,1.32,0.0
ATOM,1206.0,HB2,GLU,127.0,105.417,-36.779,84.312,0.09,1.32,0.0
ATOM,1207.0,HB3,GLU,127.0,105.797,-37.83,85.501,0.09,1.32,0.0
ATOM,1208.0,HG2,GLU,127.0,103.103,-37.258,85.043,0.09,1.32,0.0
ATOM,1209.0,HG3,GLU,127.0,103.858,-38.314,84.053,0.09,1.32,0.0
ATOM,1210.0,N,GLY,128.0,106.585,-34.182,86.038,-0.47,1.85,0.0
ATOM,1211.0,CA,GLY,128.0,107.864,-33.517,86.202,-0.02,2.175,15.94
ATOM,1212.0,C,GLY,128.0,108.911,-34.223,85.368,0.51,2.0,0.53
ATOM,1213.0,O,GLY,128.0,110.057,-34.399,85.793,-0.51,1.7,29.81
ATOM,1214.0,H,GLY,128.0,105.747,-33.736,85.632,0.31,0.2245,0.0
ATOM,1215.0,HA2,GLY,128.0,107.788,-32.562,85.906,0.09,1.32,4.94
ATOM,1216.0,HA3,GLY,128.0,108.134,-33.538,87.167,0.09,1.32,10.09
ATOM,1217.0,N,ALA,129.0,108.508,-34.632,84.171,-0.47,1.85,0.0
ATOM,1218.0,CA,ALA,129.0,109.4,-35.339,83.266,0.07,2.275,0.18
ATOM,1219.0,C,ALA,129.0,110.089,-34.426,82.26,0.51,2.0,0.87
ATOM,1220.0,O,ALA,129.0,109.814,-33.229,82.186,-0.51,1.7,17.68
ATOM,1221.0,CB,ALA,129.0,108.635,-36.428,82.534,-0.27,2.06,0.0
ATOM,1222.0,H,ALA,129.0,107.519,-34.407,83.943,0.31,0.2245,0.0
ATOM,1223.0,HA,ALA,129.0,110.117,-35.808,83.816,0.09,1.32,2.95
ATOM,1224.0,HB1,ALA,129.0,109.274,-37.12,82.199,0.09,1.32,0.0
ATOM,1225.0,HB2,ALA,129.0,107.981,-36.856,83.158,0.09,1.32,0.0
ATOM,1226.0,HB3,ALA,129.0,108.142,-36.03,81.76,0.09,1.32,0.0
ATOM,1227.0,N,GLU,130.0,110.992,-35.019,81.491,-0.47,1.85,1.99
ATOM,1228.0,CA,GLU,130.0,111.755,-34.309,80.477,0.07,2.275,1.08
ATOM,1229.0,C,GLU,130.0,110.974,-34.287,79.177,0.51,2.0,0.0
ATOM,1230.0,O,GLU,130.0,111.018,-33.309,78.441,-0.51,1.7,22.25
ATOM,1231.0,CB,GLU,130.0,113.1,-35.007,80.256,-0.18,2.175,0.82
ATOM,1232.0,CG,GLU,130.0,114.294,-34.071,80.196,-0.28,2.175,14.23
ATOM,1233.0,CD,GLU,130.0,115.615,-34.796,80.365,0.62,2.0,3.54
ATOM,1234.0,OE1,GLU,130.0,116.411,-34.378,81.234,-0.76,1.7,45.06
ATOM,1235.0,OE2,GLU,130.0,115.856,-35.78,79.631,-0.76,1.7,9.71
ATOM,1236.0,H,GLU,130.0,111.108,-36.044,81.677,0.31,0.2245,1.12
ATOM,1237.0,HA,GLU,130.0,111.932,-33.37,80.78,0.09,1.32,5.46
ATOM,1238.0,HB2,GLU,130.0,113.242,-35.626,81.011,0.09,1.32,2.83
ATOM,1239.0,HB3,GLU,130.0,113.051,-35.485,79.395,0.09,1.32,0.0
ATOM,1240.0,HG2,GLU,130.0,114.303,-33.638,79.314,0.09,1.32,2.62
ATOM,1241.0,HG3,GLU,130.0,114.216,-33.421,80.929,0.09,1.32,8.36
ATOM,1242.0,N,SER,131.0,110.267,-35.378,78.898,-0.47,1.85,0.0
ATOM,1243.0,CA,SER,131.0,109.465,-35.492,77.683,0.07,2.275,0.29
ATOM,1244.0,C,SER,131.0,108.47,-36.65,77.782,0.51,2.0,0.0
ATOM,1245.0,O,SER,131.0,108.752,-37.677,78.397,-0.51,1.7,0.0
ATOM,1246.0,CB,SER,131.0,110.371,-35.696,76.466,0.05,2.175,5.95
ATOM,1247.0,OG,SER,131.0,109.65,-36.252,75.378,-0.66,1.77,0.66
ATOM,1248.0,H,SER,131.0,110.334,-36.133,79.611,0.31,0.2245,0.0
ATOM,1249.0,HA,SER,131.0,108.936,-34.642,77.575,0.09,1.32,3.06
ATOM,1250.0,HB2,SER,131.0,110.743,-34.814,76.192,0.09,1.32,4.36
ATOM,1251.0,HB3,SER,131.0,111.109,-36.317,76.716,0.09,1.32,0.0
ATOM,1252.0,HG,SER,131.0,109.983,-37.176,75.196,0.43,0.2245,0.0
ATOM,1253.0,N,THR,132.0,107.305,-36.482,77.167,-0.47,1.85,0.0
ATOM,1254.0,CA,THR,132.0,106.284,-37.518,77.202,0.07,2.275,0.0
ATOM,1255.0,C,THR,132.0,105.826,-37.912,75.796,0.51,2.0,0.0
ATOM,1256.0,O,THR,132.0,105.942,-37.128,74.851,-0.51,1.7,0.0
ATOM,1257.0,CB,THR,132.0,105.076,-37.049,78.037,0.14,2.275,0.0
ATOM,1258.0,OG1,THR,132.0,105.506,-36.784,79.376,-0.66,1.77,0.0
ATOM,1259.0,CG2,THR,132.0,104.001,-38.112,78.076,-0.27,2.06,0.0
ATOM,1260.0,H,THR,132.0,107.193,-35.578,76.677,0.31,0.2245,2.54
ATOM,1261.0,HA,THR,132.0,106.671,-38.338,77.646,0.09,1.32,0.0
ATOM,1262.0,HB,THR,132.0,104.719,-36.182,77.638,0.09,1.32,0.0
ATOM,1263.0,HG21,THR,132.0,103.099,-37.686,78.193,0.09,1.32,0.0
ATOM,1264.0,HG22,THR,132.0,104.004,-38.636,77.22,0.09,1.32,0.0
ATOM,1265.0,HG23,THR,132.0,104.165,-38.74,78.842,0.09,1.32,0.0
ATOM,1266.0,HG1,THR,132.0,106.196,-37.457,79.662,0.43,0.2245,0.0
ATOM,1267.0,N,LEU,133.0,105.332,-39.14,75.662,-0.47,1.85,0.0
ATOM,1268.0,CA,LEU,133.0,104.846,-39.643,74.382,0.07,2.275,0.0
ATOM,1269.0,C,LEU,133.0,103.39,-40.066,74.52,0.51,2.0,0.0
ATOM,1270.0,O,LEU,133.0,102.959,-40.498,75.592,-0.51,1.7,0.0
ATOM,1271.0,CB,LEU,133.0,105.679,-40.841,73.919,-0.18,2.175,0.0
ATOM,1272.0,CG,LEU,133.0,105.305,-41.423,72.548,-0.09,2.275,0.0
ATOM,1273.0,CD1,LEU,133.0,105.698,-40.443,71.443,-0.27,2.06,2.36
ATOM,1274.0,CD2,LEU,133.0,106.002,-42.757,72.35,-0.27,2.06,0.0
ATOM,1275.0,H,LEU,133.0,105.323,-39.702,76.538,0.31,0.2245,0.0
ATOM,1276.0,HA,LEU,133.0,104.9,-38.906,73.706,0.09,1.32,0.0
ATOM,1277.0,HB2,LEU,133.0,106.629,-40.552,73.867,0.09,1.32,0.0
ATOM,1278.0,HB3,LEU,133.0,105.571,-41.567,74.587,0.09,1.32,0.0
ATOM,1279.0,HG,LEU,133.0,104.322,-41.577,72.519,0.09,1.32,0.0
ATOM,1280.0,HD11,LEU,133.0,106.684,-40.284,71.477,0.09,1.32,0.0
ATOM,1281.0,HD12,LEU,133.0,105.451,-40.829,70.555,0.09,1.32,0.0
ATOM,1282.0,HD13,LEU,133.0,105.214,-39.579,71.579,0.09,1.32,0.0
ATOM,1283.0,HD21,LEU,133.0,105.718,-43.395,73.068,0.09,1.32,0.0
ATOM,1284.0,HD22,LEU,133.0,105.757,-43.135,71.456,0.09,1.32,0.0
ATOM,1285.0,HD23,LEU,133.0,106.994,-42.628,72.395,0.09,1.32,0.0
ATOM,1286.0,N,LEU,134.0,102.634,-39.95,73.434,-0.47,1.85,0.0
ATOM,1287.0,CA,LEU,134.0,101.232,-40.322,73.477,0.07,2.275,0.0
ATOM,1288.0,C,LEU,134.0,100.825,-41.31,72.398,0.51,2.0,0.0
ATOM,1289.0,O,LEU,134.0,100.914,-41.016,71.207,-0.51,1.7,3.44
ATOM,1290.0,CB,LEU,134.0,100.376,-39.07,73.382,-0.18,2.175,0.1
ATOM,1291.0,CG,LEU,134.0,100.121,-38.46,74.754,-0.09,2.275,0.0
ATOM,1292.0,CD1,LEU,134.0,100.471,-36.987,74.742,-0.27,2.06,0.0
ATOM,1293.0,CD2,LEU,134.0,98.674,-38.678,75.129,-0.27,2.06,0.0
ATOM,1294.0,H,LEU,134.0,103.113,-39.588,72.598,0.31,0.2245,0.74
ATOM,1295.0,HA,LEU,134.0,101.038,-40.745,74.385,0.09,1.32,0.0
ATOM,1296.0,HB2,LEU,134.0,100.858,-38.407,72.847,0.09,1.32,0.09
ATOM,1297.0,HB3,LEU,134.0,99.51,-39.316,73.0,0.09,1.32,0.0
ATOM,1298.0,HG,LEU,134.0,100.685,-38.932,75.43,0.09,1.32,0.0
ATOM,1299.0,HD11,LEU,134.0,99.908,-36.511,74.064,0.09,1.32,0.0
ATOM,1300.0,HD12,LEU,134.0,100.301,-36.592,75.647,0.09,1.32,0.0
ATOM,1301.0,HD13,LEU,134.0,101.438,-36.871,74.508,0.09,1.32,0.0
ATOM,1302.0,HD21,LEU,134.0,98.474,-39.66,75.157,0.09,1.32,0.0
ATOM,1303.0,HD22,LEU,134.0,98.493,-38.281,76.031,0.09,1.32,0.0
ATOM,1304.0,HD23,LEU,134.0,98.078,-38.241,74.452,0.09,1.32,0.0
ATOM,1305.0,N,MET,135.0,100.372,-42.484,72.824,-0.47,1.85,0.0
ATOM,1306.0,CA,MET,135.0,99.944,-43.515,71.892,0.07,2.275,0.0
ATOM,1307.0,C,MET,135.0,98.435,-43.511,71.692,0.51,2.0,0.0
ATOM,1308.0,O,MET,135.0,97.728,-42.657,72.211,-0.51,1.7,0.0
ATOM,1309.0,CB,MET,135.0,100.386,-44.891,72.382,-0.18,2.175,0.0
ATOM,1310.0,CG,MET,135.0,101.825,-45.214,72.068,-0.14,2.175,0.0
ATOM,1311.0,SD,MET,135.0,102.959,-44.215,73.036,-0.09,2.0,0.0
ATOM,1312.0,CE,MET,135.0,104.302,-45.395,73.198,-0.22,2.06,0.0
ATOM,1313.0,H,MET,135.0,100.352,-42.596,73.855,0.31,0.2245,0.0
ATOM,1314.0,HA,MET,135.0,100.377,-43.331,70.997,0.09,1.32,0.0
ATOM,1315.0,HB2,MET,135.0,100.255,-44.938,73.382,0.09,1.32,0.0
ATOM,1316.0,HB3,MET,135.0,99.797,-45.592,71.957,0.09,1.32,0.0
ATOM,1317.0,HG2,MET,135.0,101.984,-46.211,72.239,0.09,1.32,0.0
ATOM,1318.0,HG3,MET,135.0,101.984,-45.075,71.066,0.09,1.32,0.0
ATOM,1319.0,HE1,MET,135.0,104.426,-45.88,72.332,0.09,1.32,0.0
ATOM,1320.0,HE2,MET,135.0,105.145,-44.911,73.433,0.09,1.32,0.0
ATOM,1321.0,HE3,MET,135.0,104.083,-46.053,73.92,0.09,1.32,0.0
ATOM,1322.0,N,ALA,136.0,97.949,-44.481,70.931,-0.47,1.85,0.0
ATOM,1323.0,CA,ALA,136.0,96.532,-44.586,70.646,0.07,2.275,0.24
ATOM,1324.0,C,ALA,136.0,95.81,-45.271,71.779,0.51,2.0,0.0
ATOM,1325.0,O,ALA,136.0,94.593,-45.182,71.889,-0.51,1.7,5.63
ATOM,1326.0,CB,ALA,136.0,96.322,-45.358,69.368,-0.27,2.06,25.5
ATOM,1327.0,H,ALA,136.0,98.661,-45.146,70.565,0.31,0.2245,0.0
ATOM,1328.0,HA,ALA,136.0,96.153,-43.658,70.532,0.09,1.32,0.0
ATOM,1329.0,HB1,ALA,136.0,97.092,-45.981,69.215,0.09,1.32,0.61
ATOM,1330.0,HB2,ALA,136.0,95.476,-45.892,69.427,0.09,1.32,7.43
ATOM,1331.0,HB3,ALA,136.0,96.256,-44.725,68.594,0.09,1.32,0.45
ATOM,1332.0,N,SER,137.0,96.564,-45.966,72.62,-0.47,1.85,0.0
ATOM,1333.0,CA,SER,137.0,95.979,-46.67,73.755,0.07,2.275,0.0
ATOM,1334.0,C,SER,137.0,97.062,-47.158,74.702,0.51,2.0,0.0
ATOM,1335.0,O,SER,137.0,98.207,-47.355,74.297,-0.51,1.7,0.0
ATOM,1336.0,CB,SER,137.0,95.159,-47.864,73.272,0.05,2.175,8.4
ATOM,1337.0,OG,SER,137.0,95.917,-49.059,73.34,-0.66,1.77,7.39
ATOM,1338.0,H,SER,137.0,97.578,-45.965,72.406,0.31,0.2245,0.0
ATOM,1339.0,HA,SER,137.0,95.396,-46.022,74.257,0.09,1.32,0.0
ATOM,1340.0,HB2,SER,137.0,94.354,-47.957,73.85,0.09,1.32,1.27
ATOM,1341.0,HB3,SER,137.0,94.887,-47.706,72.327,0.09,1.32,4.05
ATOM,1342.0,HG,SER,137.0,95.549,-49.647,74.06,0.43,0.2245,6.45
ATOM,1343.0,N,GLY,138.0,96.7,-47.348,75.964,-0.47,1.85,0.1
ATOM,1344.0,CA,GLY,138.0,97.671,-47.825,76.927,-0.02,2.175,2.55
ATOM,1345.0,C,GLY,138.0,98.47,-48.975,76.343,0.51,2.0,0.04
ATOM,1346.0,O,GLY,138.0,99.683,-48.875,76.158,-0.51,1.7,0.0
ATOM,1347.0,H,GLY,138.0,95.718,-47.136,76.182,0.31,0.2245,1.63
ATOM,1348.0,HA2,GLY,138.0,98.297,-47.078,77.177,0.09,1.32,0.0
ATOM,1349.0,HA3,GLY,138.0,97.199,-48.136,77.759,0.09,1.32,2.27
ATOM,1350.0,N,MET,139.0,97.776,-50.067,76.036,-0.47,1.85,2.76
ATOM,1351.0,CA,MET,139.0,98.398,-51.257,75.47,0.07,2.275,0.0
ATOM,1352.0,C,MET,139.0,99.424,-50.909,74.412,0.51,2.0,0.0
ATOM,1353.0,O,MET,139.0,100.469,-51.54,74.32,-0.51,1.7,0.0
ATOM,1354.0,CB,MET,139.0,97.336,-52.167,74.854,-0.18,2.175,9.09
ATOM,1355.0,CG,MET,139.0,96.763,-53.204,75.809,-0.14,2.175,8.93
ATOM,1356.0,SD,MET,139.0,97.976,-53.795,76.987,-0.09,2.0,3.02
ATOM,1357.0,CE,MET,139.0,99.233,-54.424,75.886,-0.22,2.06,6.26
ATOM,1358.0,H,MET,139.0,96.753,-49.998,76.235,0.31,0.2245,5.26
ATOM,1359.0,HA,MET,139.0,98.87,-51.748,76.217,0.09,1.32,0.0
ATOM,1360.0,HB2,MET,139.0,96.575,-51.597,74.511,0.09,1.32,0.79
ATOM,1361.0,HB3,MET,139.0,97.739,-52.652,74.064,0.09,1.32,5.59
ATOM,1362.0,HG2,MET,139.0,95.956,-52.789,76.288,0.09,1.32,7.72
ATOM,1363.0,HG3,MET,139.0,96.382,-53.978,75.254,0.09,1.32,6.48
ATOM,1364.0,HE1,MET,139.0,100.063,-53.869,75.968,0.09,1.32,0.0
ATOM,1365.0,HE2,MET,139.0,99.447,-55.374,76.123,0.09,1.32,0.0
ATOM,1366.0,HE3,MET,139.0,98.904,-54.387,74.94,0.09,1.32,3.37
ATOM,1367.0,N,CYS,140.0,99.119,-49.911,73.598,-0.47,1.85,0.59
ATOM,1368.0,CA,CYS,140.0,100.043,-49.494,72.557,0.07,2.275,3.39
ATOM,1369.0,C,CYS,140.0,101.362,-49.116,73.228,0.51,2.0,0.0
ATOM,1370.0,O,CYS,140.0,102.422,-49.648,72.89,-0.51,1.7,0.0
ATOM,1371.0,CB,CYS,140.0,99.464,-48.294,71.795,-0.11,2.175,2.9
ATOM,1372.0,SG,CYS,140.0,100.375,-47.792,70.307,-0.23,2.0,12.72
ATOM,1373.0,H,CYS,140.0,98.199,-49.471,73.763,0.31,0.2245,0.0
ATOM,1374.0,HA,CYS,140.0,100.214,-50.266,71.954,0.09,1.32,4.89
ATOM,1375.0,HB2,CYS,140.0,98.525,-48.524,71.525,0.09,1.32,3.35
ATOM,1376.0,HB3,CYS,140.0,99.438,-47.513,72.425,0.09,1.32,0.0
ATOM,1377.0,HG,CYS,140.0,101.35,-47.749,70.517,0.16,0.45,0.0
ATOM,1378.0,N,ALA,141.0,101.272,-48.206,74.196,-0.47,1.85,0.0
ATOM,1379.0,CA,ALA,141.0,102.431,-47.727,74.941,0.07,2.275,0.0
ATOM,1380.0,C,ALA,141.0,103.303,-48.872,75.449,0.51,2.0,0.0
ATOM,1381.0,O,ALA,141.0,104.421,-49.068,74.97,-0.51,1.7,0.0
ATOM,1382.0,CB,ALA,141.0,101.973,-46.861,76.102,-0.27,2.06,0.0
ATOM,1383.0,H,ALA,141.0,100.299,-47.865,74.375,0.31,0.2245,0.0
ATOM,1384.0,HA,ALA,141.0,102.991,-47.144,74.331,0.09,1.32,0.0
ATOM,1385.0,HB1,ALA,141.0,102.489,-47.102,76.924,0.09,1.32,0.0
ATOM,1386.0,HB2,ALA,141.0,102.129,-45.897,75.884,0.09,1.32,0.0
ATOM,1387.0,HB3,ALA,141.0,100.998,-47.01,76.267,0.09,1.32,0.0
ATOM,1388.0,N,SER,142.0,102.799,-49.626,76.418,-0.47,1.85,0.0
ATOM,1389.0,CA,SER,142.0,103.552,-50.75,76.962,0.07,2.275,0.0
ATOM,1390.0,C,SER,142.0,104.21,-51.544,75.831,0.51,2.0,0.0
ATOM,1391.0,O,SER,142.0,105.427,-51.753,75.81,-0.51,1.7,0.0
ATOM,1392.0,CB,SER,142.0,102.623,-51.67,77.759,0.05,2.175,0.06
ATOM,1393.0,OG,SER,142.0,101.296,-51.177,77.781,-0.66,1.77,4.61
ATOM,1394.0,H,SER,142.0,101.856,-49.355,76.743,0.31,0.2245,0.0
ATOM,1395.0,HA,SER,142.0,104.283,-50.386,77.545,0.09,1.32,0.0
ATOM,1396.0,HB2,SER,142.0,102.627,-52.573,77.336,0.09,1.32,0.9
ATOM,1397.0,HB3,SER,142.0,102.962,-51.733,78.695,0.09,1.32,0.0
ATOM,1398.0,HG,SER,142.0,100.922,-51.182,76.854,0.43,0.2245,0.0
ATOM,1399.0,N,THR,143.0,103.381,-51.978,74.892,-0.47,1.85,0.0
ATOM,1400.0,CA,THR,143.0,103.821,-52.746,73.742,0.07,2.275,0.11
ATOM,1401.0,C,THR,143.0,105.063,-52.132,73.118,0.51,2.0,0.0
ATOM,1402.0,O,THR,143.0,106.139,-52.723,73.136,-0.51,1.7,0.0
ATOM,1403.0,CB,THR,143.0,102.715,-52.796,72.685,0.14,2.275,0.23
ATOM,1404.0,OG1,THR,143.0,101.643,-53.621,73.152,-0.66,1.77,6.92
ATOM,1405.0,CG2,THR,143.0,103.247,-53.36,71.39,-0.27,2.06,9.35
ATOM,1406.0,H,THR,143.0,102.377,-51.717,75.053,0.31,0.2245,0.0
ATOM,1407.0,HA,THR,143.0,104.048,-53.681,74.046,0.09,1.32,0.0
ATOM,1408.0,HB,THR,143.0,102.35,-51.853,72.541,0.09,1.32,0.0
ATOM,1409.0,HG21,THR,143.0,103.437,-54.341,71.492,0.09,1.32,0.0
ATOM,1410.0,HG22,THR,143.0,102.573,-53.236,70.656,0.09,1.32,11.53
ATOM,1411.0,HG23,THR,143.0,104.097,-52.891,71.131,0.09,1.32,0.0
ATOM,1412.0,HG1,THR,143.0,100.996,-53.079,73.698,0.43,0.2245,0.0
ATOM,1413.0,N,VAL,144.0,104.904,-50.942,72.56,-0.47,1.85,0.0
ATOM,1414.0,CA,VAL,144.0,106.012,-50.249,71.928,0.07,2.275,0.0
ATOM,1415.0,C,VAL,144.0,107.225,-50.192,72.842,0.51,2.0,0.0
ATOM,1416.0,O,VAL,144.0,108.289,-50.723,72.527,-0.51,1.7,0.0
ATOM,1417.0,CB,VAL,144.0,105.623,-48.819,71.576,-0.09,2.275,0.0
ATOM,1418.0,CG1,VAL,144.0,106.759,-48.145,70.836,-0.27,2.06,0.0
ATOM,1419.0,CG2,VAL,144.0,104.353,-48.826,70.745,-0.27,2.06,1.78
ATOM,1420.0,H,VAL,144.0,103.941,-50.558,72.613,0.31,0.2245,0.0
ATOM,1421.0,HA,VAL,144.0,106.273,-50.761,71.098,0.09,1.32,0.0
ATOM,1422.0,HB,VAL,144.0,105.491,-48.318,72.425,0.09,1.32,0.0
ATOM,1423.0,HG11,VAL,144.0,107.616,-48.629,71.019,0.09,1.32,0.0
ATOM,1424.0,HG12,VAL,144.0,106.577,-48.159,69.852,0.09,1.32,0.0
ATOM,1425.0,HG13,VAL,144.0,106.845,-47.195,71.141,0.09,1.32,0.0
ATOM,1426.0,HG21,VAL,144.0,103.602,-49.203,71.289,0.09,1.32,0.0
ATOM,1427.0,HG22,VAL,144.0,104.131,-47.89,70.47,0.09,1.32,0.0
ATOM,1428.0,HG23,VAL,144.0,104.492,-49.39,69.93,0.09,1.32,0.0
ATOM,1429.0,N,MET,145.0,107.043,-49.534,73.981,-0.47,1.85,0.0
ATOM,1430.0,CA,MET,145.0,108.094,-49.365,74.973,0.07,2.275,0.0
ATOM,1431.0,C,MET,145.0,108.931,-50.619,75.166,0.51,2.0,0.0
ATOM,1432.0,O,MET,145.0,110.158,-50.556,75.196,-0.51,1.7,0.0
ATOM,1433.0,CB,MET,145.0,107.472,-48.949,76.303,-0.18,2.175,0.0
ATOM,1434.0,CG,MET,145.0,108.466,-48.771,77.428,-0.14,2.175,0.0
ATOM,1435.0,SD,MET,145.0,108.172,-49.944,78.753,-0.09,2.0,0.0
ATOM,1436.0,CE,MET,145.0,109.396,-51.168,78.351,-0.22,2.06,0.0
ATOM,1437.0,H,MET,145.0,106.077,-49.147,74.103,0.31,0.2245,0.0
ATOM,1438.0,HA,MET,145.0,108.711,-48.624,74.655,0.09,1.32,0.0
ATOM,1439.0,HB2,MET,145.0,106.975,-48.078,76.172,0.09,1.32,0.0
ATOM,1440.0,HB3,MET,145.0,106.796,-49.649,76.58,0.09,1.32,0.0
ATOM,1441.0,HG2,MET,145.0,109.41,-48.877,77.052,0.09,1.32,0.0
ATOM,1442.0,HG3,MET,145.0,108.405,-47.811,77.772,0.09,1.32,0.0
ATOM,1443.0,HE1,MET,145.0,110.129,-51.157,79.036,0.09,1.32,0.0
ATOM,1444.0,HE2,MET,145.0,108.977,-52.08,78.336,0.09,1.32,0.0
ATOM,1445.0,HE3,MET,145.0,109.79,-50.975,77.448,0.09,1.32,0.0
ATOM,1446.0,N,LEU,146.0,108.265,-51.758,75.311,-0.47,1.85,0.0
ATOM,1447.0,CA,LEU,146.0,108.965,-53.02,75.485,0.07,2.275,0.0
ATOM,1448.0,C,LEU,146.0,109.754,-53.311,74.224,0.51,2.0,0.0
ATOM,1449.0,O,LEU,146.0,110.977,-53.386,74.25,-0.51,1.7,0.0
ATOM,1450.0,CB,LEU,146.0,107.97,-54.146,75.735,-0.18,2.175,0.0
ATOM,1451.0,CG,LEU,146.0,107.197,-54.03,77.045,-0.09,2.275,0.0
ATOM,1452.0,CD1,LEU,146.0,106.11,-55.09,77.101,-0.27,2.06,0.99
ATOM,1453.0,CD2,LEU,146.0,108.16,-54.189,78.204,-0.27,2.06,0.0
ATOM,1454.0,H,LEU,146.0,107.233,-51.669,75.29,0.31,0.2245,0.0
ATOM,1455.0,HA,LEU,146.0,109.603,-52.932,76.248,0.09,1.32,0.0
ATOM,1456.0,HB2,LEU,146.0,107.308,-54.141,74.998,0.09,1.32,0.0
ATOM,1457.0,HB3,LEU,146.0,108.47,-54.999,75.759,0.09,1.32,0.0
ATOM,1458.0,HG,LEU,146.0,106.781,-53.125,77.099,0.09,1.32,0.0
ATOM,1459.0,HD11,LEU,146.0,106.524,-55.999,77.043,0.09,1.32,0.0
ATOM,1460.0,HD12,LEU,146.0,105.606,-55.009,77.962,0.09,1.32,0.0
ATOM,1461.0,HD13,LEU,146.0,105.479,-54.964,76.335,0.09,1.32,0.0
ATOM,1462.0,HD21,LEU,146.0,108.859,-53.473,78.163,0.09,1.32,0.0
ATOM,1463.0,HD22,LEU,146.0,107.662,-54.114,79.07,0.09,1.32,0.0
ATOM,1464.0,HD23,LEU,146.0,108.603,-55.086,78.155,0.09,1.32,0.0
ATOM,1465.0,N,LEU,147.0,109.037,-53.458,73.117,-0.47,1.85,0.0
ATOM,1466.0,CA,LEU,147.0,109.646,-53.742,71.826,0.07,2.275,0.0
ATOM,1467.0,C,LEU,147.0,110.763,-52.765,71.483,0.51,2.0,0.0
ATOM,1468.0,O,LEU,147.0,111.653,-53.08,70.69,-0.51,1.7,14.4
ATOM,1469.0,CB,LEU,147.0,108.585,-53.683,70.728,-0.18,2.175,0.0
ATOM,1470.0,CG,LEU,147.0,107.606,-54.854,70.685,-0.09,2.275,0.0
ATOM,1471.0,CD1,LEU,147.0,106.427,-54.498,69.814,-0.27,2.06,11.01
ATOM,1472.0,CD2,LEU,147.0,108.311,-56.08,70.148,-0.27,2.06,6.12
ATOM,1473.0,H,LEU,147.0,108.007,-53.353,73.252,0.31,0.2245,0.0
ATOM,1474.0,HA,LEU,147.0,110.038,-54.676,71.853,0.09,1.32,0.0
ATOM,1475.0,HB2,LEU,147.0,108.051,-52.854,70.863,0.09,1.32,0.0
ATOM,1476.0,HB3,LEU,147.0,109.053,-53.653,69.851,0.09,1.32,2.24
ATOM,1477.0,HG,LEU,147.0,107.294,-55.048,71.612,0.09,1.32,0.0
ATOM,1478.0,HD11,LEU,147.0,106.739,-54.296,68.883,0.09,1.32,4.53
ATOM,1479.0,HD12,LEU,147.0,105.782,-55.265,69.783,0.09,1.32,2.15
ATOM,1480.0,HD13,LEU,147.0,105.96,-53.692,70.185,0.09,1.32,0.0
ATOM,1481.0,HD21,LEU,147.0,109.083,-56.315,70.742,0.09,1.32,0.0
ATOM,1482.0,HD22,LEU,147.0,107.673,-56.852,70.118,0.09,1.32,0.0
ATOM,1483.0,HD23,LEU,147.0,108.651,-55.898,69.223,0.09,1.32,7.41
ATOM,1484.0,N,ALA,148.0,110.714,-51.585,72.086,-0.47,1.85,0.0
ATOM,1485.0,CA,ALA,148.0,111.708,-50.554,71.822,0.07,2.275,0.5
ATOM,1486.0,C,ALA,148.0,112.951,-50.62,72.7,0.51,2.0,0.0
ATOM,1487.0,O,ALA,148.0,114.067,-50.443,72.207,-0.51,1.7,20.53
ATOM,1488.0,CB,ALA,148.0,111.068,-49.183,71.957,-0.27,2.06,0.49
ATOM,1489.0,H,ALA,148.0,109.923,-51.463,72.747,0.31,0.2245,0.0
ATOM,1490.0,HA,ALA,148.0,112.002,-50.631,70.844,0.09,1.32,3.06
ATOM,1491.0,HB1,ALA,148.0,111.643,-48.599,72.53,0.09,1.32,0.0
ATOM,1492.0,HB2,ALA,148.0,110.971,-48.767,71.052,0.09,1.32,0.0
ATOM,1493.0,HB3,ALA,148.0,110.165,-49.274,72.378,0.09,1.32,0.0
ATOM,1494.0,N,LEU,149.0,112.765,-50.874,73.994,-0.47,1.85,0.0
ATOM,1495.0,CA,LEU,149.0,113.886,-50.908,74.925,0.07,2.275,0.38
ATOM,1496.0,C,LEU,149.0,114.566,-52.255,75.133,0.51,2.0,0.58
ATOM,1497.0,O,LEU,149.0,115.795,-52.331,75.179,-0.51,1.7,15.39
ATOM,1498.0,CB,LEU,149.0,113.436,-50.353,76.271,-0.18,2.175,0.77
ATOM,1499.0,CG,LEU,149.0,112.653,-49.047,76.137,-0.09,2.275,0.0
ATOM,1500.0,CD1,LEU,149.0,111.805,-48.833,77.376,-0.27,2.06,0.0
ATOM,1501.0,CD2,LEU,149.0,113.617,-47.884,75.921,-0.27,2.06,4.44
ATOM,1502.0,H,LEU,149.0,111.782,-51.04,74.271,0.31,0.2245,0.0
ATOM,1503.0,HA,LEU,149.0,114.598,-50.242,74.59,0.09,1.32,3.17
ATOM,1504.0,HB2,LEU,149.0,112.842,-51.012,76.693,0.09,1.32,0.0
ATOM,1505.0,HB3,LEU,149.0,114.234,-50.166,76.81,0.09,1.32,0.58
ATOM,1506.0,HG,LEU,149.0,112.065,-49.103,75.335,0.09,1.32,0.0
ATOM,1507.0,HD11,LEU,149.0,112.395,-48.784,78.184,0.09,1.32,0.0
ATOM,1508.0,HD12,LEU,149.0,111.292,-47.978,77.289,0.09,1.32,0.0
ATOM,1509.0,HD13,LEU,149.0,111.163,-49.594,77.481,0.09,1.32,0.0
ATOM,1510.0,HD21,LEU,149.0,114.145,-48.04,75.086,0.09,1.32,0.35
ATOM,1511.0,HD22,LEU,149.0,113.098,-47.034,75.834,0.09,1.32,0.0
ATOM,1512.0,HD23,LEU,149.0,114.239,-47.818,76.702,0.09,1.32,0.0
ATOM,1513.0,N,VAL,150.0,113.776,-53.314,75.266,-0.47,1.85,0.0
ATOM,1514.0,CA,VAL,150.0,114.328,-54.646,75.479,0.07,2.275,0.17
ATOM,1515.0,C,VAL,150.0,114.951,-55.228,74.215,0.51,2.0,0.15
ATOM,1516.0,O,VAL,150.0,114.26,-55.505,73.234,-0.51,1.7,2.6
ATOM,1517.0,CB,VAL,150.0,113.251,-55.61,75.965,-0.09,2.275,0.0
ATOM,1518.0,CG1,VAL,150.0,113.888,-56.762,76.707,-0.27,2.06,0.0
ATOM,1519.0,CG2,VAL,150.0,112.269,-54.876,76.849,-0.27,2.06,0.0
ATOM,1520.0,H,VAL,150.0,112.761,-53.115,75.207,0.31,0.2245,0.0
ATOM,1521.0,HA,VAL,150.0,115.056,-54.576,76.18,0.09,1.32,0.0
ATOM,1522.0,HB,VAL,150.0,112.798,-55.992,75.165,0.09,1.32,0.0
ATOM,1523.0,HG11,VAL,150.0,114.882,-56.644,76.728,0.09,1.32,0.0
ATOM,1524.0,HG12,VAL,150.0,113.541,-56.794,77.646,0.09,1.32,0.0
ATOM,1525.0,HG13,VAL,150.0,113.67,-57.624,76.246,0.09,1.32,0.0
ATOM,1526.0,HG21,VAL,150.0,111.873,-54.107,76.344,0.09,1.32,0.0
ATOM,1527.0,HG22,VAL,150.0,111.539,-55.501,77.13,0.09,1.32,0.0
ATOM,1528.0,HG23,VAL,150.0,112.742,-54.531,77.662,0.09,1.32,0.0
ATOM,1529.0,N,PRO,151.0,116.277,-55.422,74.22,-0.29,1.85,0.0
ATOM,1530.0,CA,PRO,151.0,116.964,-55.98,73.052,0.02,2.275,2.07
ATOM,1531.0,C,PRO,151.0,116.56,-57.425,72.813,0.51,2.0,0.0
ATOM,1532.0,O,PRO,151.0,115.924,-58.047,73.665,-0.51,1.7,0.0
ATOM,1533.0,CB,PRO,151.0,118.447,-55.853,73.402,-0.18,2.175,14.29
ATOM,1534.0,CG,PRO,151.0,118.502,-54.924,74.587,-0.18,2.175,15.85
ATOM,1535.0,CD,PRO,151.0,117.212,-55.117,75.313,0.0,2.175,0.42
ATOM,1536.0,HA,PRO,151.0,116.788,-55.417,72.234,0.09,1.32,10.15
ATOM,1537.0,HB2,PRO,151.0,118.837,-56.75,73.638,0.09,1.32,3.48
ATOM,1538.0,HB3,PRO,151.0,118.966,-55.472,72.63,0.09,1.32,11.57
ATOM,1539.0,HG2,PRO,151.0,119.289,-55.156,75.17,0.09,1.32,4.3
ATOM,1540.0,HG3,PRO,151.0,118.608,-53.973,74.274,0.09,1.32,9.46
ATOM,1541.0,HD2,PRO,151.0,117.259,-55.879,75.956,0.09,1.32,0.0
ATOM,1542.0,HD3,PRO,151.0,116.929,-54.288,75.794,0.09,1.32,0.63
ATOM,1543.0,N,ALA,152.0,116.927,-57.955,71.651,-0.47,1.85,1.41
ATOM,1544.0,CA,ALA,152.0,116.595,-59.331,71.318,0.07,2.275,0.0
ATOM,1545.0,C,ALA,152.0,117.321,-60.268,72.271,0.51,2.0,0.05
ATOM,1546.0,O,ALA,152.0,118.497,-60.066,72.573,-0.51,1.7,19.89
ATOM,1547.0,CB,ALA,152.0,116.994,-59.628,69.89,-0.27,2.06,33.67
ATOM,1548.0,H,ALA,152.0,117.453,-57.321,71.026,0.31,0.2245,8.85
ATOM,1549.0,HA,ALA,152.0,115.608,-59.464,71.427,0.09,1.32,0.0
ATOM,1550.0,HB1,ALA,152.0,116.186,-59.603,69.3,0.09,1.32,5.49
ATOM,1551.0,HB2,ALA,152.0,117.654,-58.945,69.573,0.09,1.32,8.25
ATOM,1552.0,HB3,ALA,152.0,117.411,-60.537,69.836,0.09,1.32,8.87
ATOM,1553.0,N,GLY,153.0,116.616,-61.284,72.755,-0.47,1.85,0.45
ATOM,1554.0,CA,GLY,153.0,117.233,-62.23,73.667,-0.02,2.175,11.91
ATOM,1555.0,C,GLY,153.0,117.493,-61.667,75.051,0.51,2.0,1.02
ATOM,1556.0,O,GLY,153.0,118.055,-62.348,75.909,-0.51,1.7,24.1
ATOM,1557.0,H,GLY,153.0,115.638,-61.336,72.438,0.31,0.2245,0.0
ATOM,1558.0,HA2,GLY,153.0,116.637,-63.055,73.749,0.09,1.32,0.0
ATOM,1559.0,HA3,GLY,153.0,118.115,-62.555,73.268,0.09,1.32,10.56
ATOM,1560.0,N,GLY,154.0,117.089,-60.421,75.274,-0.47,1.85,0.0
ATOM,1561.0,CA,GLY,154.0,117.284,-59.805,76.575,-0.02,2.175,3.26
ATOM,1562.0,C,GLY,154.0,116.324,-60.346,77.622,0.51,2.0,0.0
ATOM,1563.0,O,GLY,154.0,115.377,-61.065,77.297,-0.51,1.7,0.0
ATOM,1564.0,H,GLY,154.0,116.643,-59.951,74.472,0.31,0.2245,0.0
ATOM,1565.0,HA2,GLY,154.0,118.237,-59.964,76.884,0.09,1.32,8.47
ATOM,1566.0,HA3,GLY,154.0,117.158,-58.802,76.495,0.09,1.32,0.0
ATOM,1567.0,N,HIS,155.0,116.562,-60.002,78.885,-0.47,1.85,0.69
ATOM,1568.0,CA,HIS,155.0,115.709,-60.47,79.975,0.07,2.275,0.0
ATOM,1569.0,C,HIS,155.0,114.975,-59.31,80.631,0.51,2.0,0.0
ATOM,1570.0,O,HIS,155.0,115.475,-58.186,80.665,-0.51,1.7,0.0
ATOM,1571.0,CB,HIS,155.0,116.543,-61.21,81.026,-0.08,2.175,0.71
ATOM,1572.0,CG,HIS,155.0,115.72,-61.955,82.031,0.22,1.8,0.0
ATOM,1573.0,H,HIS,155.0,117.385,-59.388,79.024,0.31,0.2245,0.23
ATOM,1574.0,HA,HIS,155.0,115.025,-61.103,79.593,0.09,1.32,0.0
ATOM,1575.0,HB2,HIS,155.0,117.146,-61.867,80.561,0.09,1.32,5.97
ATOM,1576.0,HB3,HIS,155.0,117.114,-60.543,81.517,0.09,1.32,0.0
ATOM,1577.0,ND1,HIS,155.0,114.875,-62.987,81.686,-0.7,1.85,0.0
ATOM,1578.0,CD2,HIS,155.0,115.605,-61.809,83.374,-0.05,1.8,0.0
ATOM,1579.0,CE1,HIS,155.0,114.271,-63.442,82.77,0.25,1.8,0.0
ATOM,1580.0,NE2,HIS,155.0,114.696,-62.744,83.807,-0.36,1.85,0.0
ATOM,1581.0,HD2,HIS,155.0,116.088,-61.148,83.941,0.09,1.468,0.0
ATOM,1582.0,HE1,HIS,155.0,113.607,-64.184,82.8,0.13,0.9,0.01
ATOM,1583.0,HE2,HIS,155.0,114.404,-62.875,84.757,0.32,0.2245,0.0
ATOM,1584.0,N,ILE,156.0,113.788,-59.592,81.16,-0.47,1.85,0.0
ATOM,1585.0,CA,ILE,156.0,112.974,-58.57,81.803,0.07,2.275,0.0
ATOM,1586.0,C,ILE,156.0,112.364,-59.124,83.078,0.51,2.0,0.0
ATOM,1587.0,O,ILE,156.0,112.205,-60.339,83.229,-0.51,1.7,0.0
ATOM,1588.0,CB,ILE,156.0,111.833,-58.119,80.867,-0.09,2.275,0.0
ATOM,1589.0,CG1,ILE,156.0,110.872,-57.183,81.603,-0.18,2.175,0.0
ATOM,1590.0,CG2,ILE,156.0,111.082,-59.334,80.358,-0.27,2.06,0.0
ATOM,1591.0,CD1,ILE,156.0,109.501,-57.058,80.951,-0.27,2.06,0.0
ATOM,1592.0,H,ILE,156.0,113.499,-60.587,81.075,0.31,0.2245,0.0
ATOM,1593.0,HA,ILE,156.0,113.603,-57.84,82.077,0.09,1.32,0.0
ATOM,1594.0,HB,ILE,156.0,112.239,-57.614,80.112,0.09,1.32,0.0
ATOM,1595.0,HG12,ILE,156.0,110.753,-57.519,82.537,0.09,1.32,0.0
ATOM,1596.0,HG13,ILE,156.0,111.287,-56.274,81.643,0.09,1.32,0.0
ATOM,1597.0,HG21,ILE,156.0,110.361,-59.045,79.73,0.09,1.32,0.0
ATOM,1598.0,HG22,ILE,156.0,111.713,-59.943,79.878,0.09,1.32,0.0
ATOM,1599.0,HG23,ILE,156.0,110.673,-59.823,81.128,0.09,1.32,0.0
ATOM,1600.0,HD11,ILE,156.0,109.072,-57.958,80.919,0.09,1.32,0.0
ATOM,1601.0,HD12,ILE,156.0,108.939,-56.434,81.489,0.09,1.32,0.0
ATOM,1602.0,HD13,ILE,156.0,109.611,-56.702,80.026,0.09,1.32,0.0
ATOM,1603.0,N,VAL,157.0,112.022,-58.23,83.997,-0.47,1.85,0.0
ATOM,1604.0,CA,VAL,157.0,111.419,-58.644,85.25,0.07,2.275,0.0
ATOM,1605.0,C,VAL,157.0,110.138,-57.885,85.537,0.51,2.0,0.0
ATOM,1606.0,O,VAL,157.0,110.122,-56.652,85.567,-0.51,1.7,0.0
ATOM,1607.0,CB,VAL,157.0,112.374,-58.438,86.43,-0.09,2.275,0.0
ATOM,1608.0,CG1,VAL,157.0,111.784,-59.068,87.683,-0.27,2.06,0.0
ATOM,1609.0,CG2,VAL,157.0,113.721,-59.054,86.119,-0.27,2.06,0.0
ATOM,1610.0,H,VAL,157.0,112.218,-57.245,83.747,0.31,0.2245,0.0
ATOM,1611.0,HA,VAL,157.0,111.19,-59.627,85.18,0.09,1.32,0.0
ATOM,1612.0,HB,VAL,157.0,112.442,-57.463,86.601,0.09,1.32,0.0
ATOM,1613.0,HG11,VAL,157.0,112.452,-59.691,88.09,0.09,1.32,0.0
ATOM,1614.0,HG12,VAL,157.0,111.554,-58.351,88.341,0.09,1.32,0.0
ATOM,1615.0,HG13,VAL,157.0,110.957,-59.577,87.444,0.09,1.32,0.0
ATOM,1616.0,HG21,VAL,157.0,114.212,-59.233,86.973,0.09,1.32,0.0
ATOM,1617.0,HG22,VAL,157.0,113.589,-59.914,85.624,0.09,1.32,0.0
ATOM,1618.0,HG23,VAL,157.0,114.255,-58.423,85.554,0.09,1.32,0.0
ATOM,1619.0,N,THR,158.0,109.063,-58.634,85.747,-0.47,1.85,0.0
ATOM,1620.0,CA,THR,158.0,107.773,-58.043,86.046,0.07,2.275,0.0
ATOM,1621.0,C,THR,158.0,107.153,-58.761,87.223,0.51,2.0,0.0
ATOM,1622.0,O,THR,158.0,107.647,-59.798,87.666,-0.51,1.7,0.0
ATOM,1623.0,CB,THR,158.0,106.818,-58.169,84.882,0.14,2.275,0.0
ATOM,1624.0,OG1,THR,158.0,106.448,-59.543,84.727,-0.66,1.77,1.55
ATOM,1625.0,CG2,THR,158.0,107.475,-57.682,83.619,-0.27,2.06,0.0
ATOM,1626.0,H,THR,158.0,109.226,-59.658,85.679,0.31,0.2245,0.0
ATOM,1627.0,HA,THR,158.0,107.91,-57.081,86.295,0.09,1.32,0.0
ATOM,1628.0,HB,THR,158.0,105.968,-57.637,85.078,0.09,1.32,0.0
ATOM,1629.0,HG21,THR,158.0,108.25,-57.08,83.839,0.09,1.32,0.0
ATOM,1630.0,HG22,THR,158.0,107.815,-58.46,83.081,0.09,1.32,0.0
ATOM,1631.0,HG23,THR,158.0,106.817,-57.167,83.06,0.09,1.32,0.0
ATOM,1632.0,HG1,THR,158.0,105.734,-59.791,85.391,0.43,0.2245,0.0
ATOM,1633.0,N,THR,159.0,106.054,-58.202,87.711,-0.47,1.85,0.0
ATOM,1634.0,CA,THR,159.0,105.337,-58.753,88.85,0.07,2.275,0.0
ATOM,1635.0,C,THR,159.0,104.265,-59.75,88.431,0.51,2.0,0.0
ATOM,1636.0,O,THR,159.0,103.988,-59.925,87.247,-0.51,1.7,0.0
ATOM,1637.0,CB,THR,159.0,104.681,-57.633,89.663,0.14,2.275,0.0
ATOM,1638.0,OG1,THR,159.0,103.684,-56.981,88.862,-0.66,1.77,0.0
ATOM,1639.0,CG2,THR,159.0,105.733,-56.618,90.095,-0.27,2.06,0.13
ATOM,1640.0,H,THR,159.0,105.75,-57.337,87.209,0.31,0.2245,0.0
ATOM,1641.0,HA,THR,159.0,106.001,-59.234,89.445,0.09,1.32,0.0
ATOM,1642.0,HB,THR,159.0,104.216,-58.039,90.476,0.09,1.32,0.0
ATOM,1643.0,HG21,THR,159.0,105.406,-55.69,89.906,0.09,1.32,0.0
ATOM,1644.0,HG22,THR,159.0,105.91,-56.711,91.077,0.09,1.32,0.0
ATOM,1645.0,HG23,THR,159.0,106.584,-56.776,89.59,0.09,1.32,0.0
ATOM,1646.0,HG1,THR,159.0,103.87,-55.995,88.809,0.43,0.2245,0.0
ATOM,1647.0,N,THR,160.0,103.66,-60.398,89.42,-0.47,1.85,0.0
ATOM,1648.0,CA,THR,160.0,102.627,-61.394,89.174,0.07,2.275,0.0
ATOM,1649.0,C,THR,160.0,101.258,-60.773,88.963,0.51,2.0,0.0
ATOM,1650.0,O,THR,160.0,100.414,-61.338,88.275,-0.51,1.7,3.64
ATOM,1651.0,CB,THR,160.0,102.514,-62.369,90.35,0.14,2.275,2.24
ATOM,1652.0,OG1,THR,160.0,101.77,-61.75,91.407,-0.66,1.77,8.78
ATOM,1653.0,CG2,THR,160.0,103.901,-62.753,90.855,-0.27,2.06,10.1
ATOM,1654.0,H,THR,160.0,103.985,-60.135,90.374,0.31,0.2245,0.0
ATOM,1655.0,HA,THR,160.0,102.875,-61.911,88.337,0.09,1.32,0.0
ATOM,1656.0,HB,THR,160.0,102.003,-63.198,90.047,0.09,1.32,0.0
ATOM,1657.0,HG21,THR,160.0,104.374,-61.939,91.197,0.09,1.32,0.0
ATOM,1658.0,HG22,THR,160.0,103.818,-63.422,91.597,0.09,1.32,8.55
ATOM,1659.0,HG23,THR,160.0,104.434,-63.154,90.108,0.09,1.32,0.04
ATOM,1660.0,HG1,THR,160.0,102.38,-61.508,92.169,0.43,0.2245,0.13
ATOM,1661.0,N,ASP,161.0,101.038,-59.613,89.566,-0.47,1.85,0.0
ATOM,1662.0,CA,ASP,161.0,99.758,-58.937,89.442,0.07,2.275,0.0
ATOM,1663.0,C,ASP,161.0,99.727,-58.006,88.24,0.51,2.0,0.0
ATOM,1664.0,O,ASP,161.0,99.362,-56.84,88.352,-0.51,1.7,0.0
ATOM,1665.0,CB,ASP,161.0,99.456,-58.153,90.721,-0.28,2.175,0.0
ATOM,1666.0,CG,ASP,161.0,98.262,-58.71,91.479,0.62,2.0,0.86
ATOM,1667.0,OD1,ASP,161.0,98.396,-59.789,92.101,-0.76,1.7,12.77
ATOM,1668.0,OD2,ASP,161.0,97.189,-58.069,91.454,-0.76,1.7,0.23
ATOM,1669.0,H,ASP,161.0,101.834,-59.244,90.115,0.31,0.2245,0.0
ATOM,1670.0,HA,ASP,161.0,99.057,-59.648,89.283,0.09,1.32,4.85
ATOM,1671.0,HB2,ASP,161.0,100.256,-58.201,91.307,0.09,1.32,0.0
ATOM,1672.0,HB3,ASP,161.0,99.263,-57.213,90.468,0.09,1.32,0.0
ATOM,1673.0,N,CYS,162.0,100.121,-58.528,87.086,-0.47,1.85,0.0
ATOM,1674.0,CA,CYS,162.0,100.111,-57.747,85.855,0.07,2.275,0.0
ATOM,1675.0,C,CYS,162.0,98.679,-57.722,85.322,0.51,2.0,0.0
ATOM,1676.0,O,CYS,162.0,97.842,-58.534,85.718,-0.51,1.7,5.4
ATOM,1677.0,CB,CYS,162.0,101.033,-58.39,84.809,-0.11,2.175,0.0
ATOM,1678.0,SG,CYS,162.0,102.614,-57.538,84.516,-0.23,2.0,0.06
ATOM,1679.0,H,CYS,162.0,100.43,-59.517,87.134,0.31,0.2245,0.0
ATOM,1680.0,HA,CYS,162.0,100.377,-56.813,86.07,0.09,1.32,0.0
ATOM,1681.0,HB2,CYS,162.0,101.234,-59.326,85.108,0.09,1.32,0.0
ATOM,1682.0,HB3,CYS,162.0,100.533,-58.428,83.939,0.09,1.32,0.0
ATOM,1683.0,HG,CYS,162.0,103.345,-58.038,84.975,0.16,0.45,0.0
ATOM,1684.0,N,TYR,163.0,98.39,-56.784,84.432,-0.47,1.85,0.0
ATOM,1685.0,CA,TYR,163.0,97.061,-56.707,83.85,0.07,2.275,0.0
ATOM,1686.0,C,TYR,163.0,96.993,-57.754,82.734,0.51,2.0,0.0
ATOM,1687.0,O,TYR,163.0,97.863,-57.8,81.856,-0.51,1.7,0.0
ATOM,1688.0,CB,TYR,163.0,96.815,-55.304,83.288,-0.18,2.175,5.48
ATOM,1689.0,CG,TYR,163.0,95.889,-55.278,82.094,0.0,1.9924,0.59
ATOM,1690.0,CD1,TYR,163.0,94.561,-55.696,82.209,-0.115,1.9924,7.07
ATOM,1691.0,CD2,TYR,163.0,96.348,-54.866,80.843,-0.115,1.9924,8.23
ATOM,1692.0,CE1,TYR,163.0,93.713,-55.709,81.104,-0.115,1.9924,10.99
ATOM,1693.0,CE2,TYR,163.0,95.509,-54.874,79.732,-0.115,1.9924,7.38
ATOM,1694.0,CZ,TYR,163.0,94.194,-55.298,79.867,0.11,1.9924,1.83
ATOM,1695.0,OH,TYR,163.0,93.371,-55.321,78.763,-0.54,1.77,16.73
ATOM,1696.0,H,TYR,163.0,99.161,-56.14,84.199,0.31,0.2245,0.0
ATOM,1697.0,HA,TYR,163.0,96.393,-56.953,84.542,0.09,1.32,0.1
ATOM,1698.0,HB2,TYR,163.0,96.412,-54.746,84.009,0.09,1.32,1.89
ATOM,1699.0,HB3,TYR,163.0,97.693,-54.921,83.01,0.09,1.32,0.0
ATOM,1700.0,HD1,TYR,163.0,94.212,-55.992,83.098,0.115,1.3582,4.36
ATOM,1701.0,HD2,TYR,163.0,97.291,-54.56,80.743,0.115,1.3582,0.16
ATOM,1702.0,HE1,TYR,163.0,92.765,-56.011,81.201,0.115,1.3582,8.6
ATOM,1703.0,HE2,TYR,163.0,95.852,-54.577,78.842,0.115,1.3582,0.0
ATOM,1704.0,HH,TYR,163.0,92.538,-55.823,78.987,0.43,0.2245,13.41
ATOM,1705.0,N,ARG,164.0,95.959,-58.59,82.78,-0.47,1.85,0.0
ATOM,1706.0,CA,ARG,164.0,95.748,-59.66,81.804,0.07,2.275,0.1
ATOM,1707.0,C,ARG,164.0,96.518,-59.549,80.488,0.51,2.0,0.0
ATOM,1708.0,O,ARG,164.0,97.53,-60.219,80.29,-0.51,1.7,0.0
ATOM,1709.0,CB,ARG,164.0,94.259,-59.786,81.49,-0.18,2.175,1.14
ATOM,1710.0,CG,ARG,164.0,93.901,-61.044,80.712,-0.18,2.175,0.19
ATOM,1711.0,CD,ARG,164.0,94.022,-62.28,81.584,0.2,2.175,0.96
ATOM,1712.0,NE,ARG,164.0,94.24,-63.493,80.8,-0.7,1.85,1.62
ATOM,1713.0,CZ,ARG,164.0,93.265,-64.251,80.304,0.64,2.0,0.18
ATOM,1714.0,NH1,ARG,164.0,91.995,-63.924,80.508,-0.8,1.85,5.16
ATOM,1715.0,NH2,ARG,164.0,93.563,-65.34,79.612,-0.8,1.85,7.93
ATOM,1716.0,H,ARG,164.0,95.303,-58.417,83.58,0.31,0.2245,2.02
ATOM,1717.0,HA,ARG,164.0,96.001,-60.554,82.248,0.09,1.32,1.26
ATOM,1718.0,HB2,ARG,164.0,93.758,-59.802,82.349,0.09,1.32,0.7
ATOM,1719.0,HB3,ARG,164.0,93.986,-59.0,80.946,0.09,1.32,0.07
ATOM,1720.0,HG2,ARG,164.0,92.961,-60.979,80.391,0.09,1.32,0.84
ATOM,1721.0,HG3,ARG,164.0,94.522,-61.144,79.941,0.09,1.32,0.0
ATOM,1722.0,HD2,ARG,164.0,94.792,-62.148,82.206,0.09,1.32,1.75
ATOM,1723.0,HD3,ARG,164.0,93.177,-62.374,82.107,0.09,1.32,0.0
ATOM,1724.0,HE,ARG,164.0,95.19,-63.775,80.623,0.44,0.2245,7.49
ATOM,1725.0,HH11,ARG,164.0,91.75,-63.102,81.014,0.46,0.2245,0.0
ATOM,1726.0,HH12,ARG,164.0,91.265,-64.516,80.144,0.46,0.2245,0.0
ATOM,1727.0,HH21,ARG,164.0,94.524,-65.579,79.447,0.46,0.2245,13.25
ATOM,1728.0,HH22,ARG,164.0,92.837,-65.924,79.252,0.46,0.2245,0.0
ATOM,1729.0,N,LYS,165.0,96.023,-58.704,79.59,-0.47,1.85,0.0
ATOM,1730.0,CA,LYS,165.0,96.639,-58.517,78.287,0.07,2.275,0.0
ATOM,1731.0,C,LYS,165.0,98.122,-58.199,78.358,0.51,2.0,0.0
ATOM,1732.0,O,LYS,165.0,98.918,-58.801,77.64,-0.51,1.7,1.48
ATOM,1733.0,CB,LYS,165.0,95.914,-57.416,77.518,-0.18,2.175,0.26
ATOM,1734.0,CG,LYS,165.0,95.031,-57.937,76.39,-0.18,2.175,11.91
ATOM,1735.0,CD,LYS,165.0,93.684,-58.423,76.9,-0.18,2.175,2.57
ATOM,1736.0,CE,LYS,165.0,93.258,-59.709,76.214,0.21,2.175,8.68
ATOM,1737.0,NZ,LYS,165.0,91.778,-59.863,76.205,-0.3,1.85,14.5
ATOM,1738.0,H,LYS,165.0,95.168,-58.196,79.899,0.31,0.2245,0.0
ATOM,1739.0,HA,LYS,165.0,96.516,-59.37,77.743,0.09,1.32,0.0
ATOM,1740.0,HB2,LYS,165.0,95.338,-56.913,78.157,0.09,1.32,0.0
ATOM,1741.0,HB3,LYS,165.0,96.597,-56.807,77.123,0.09,1.32,0.0
ATOM,1742.0,HG2,LYS,165.0,94.88,-57.199,75.729,0.09,1.32,7.24
ATOM,1743.0,HG3,LYS,165.0,95.499,-58.697,75.935,0.09,1.32,3.29
ATOM,1744.0,HD2,LYS,165.0,93.753,-58.592,77.879,0.09,1.32,0.0
ATOM,1745.0,HD3,LYS,165.0,92.999,-57.724,76.719,0.09,1.32,4.65
ATOM,1746.0,HE2,LYS,165.0,93.594,-59.701,75.269,0.05,1.32,9.09
ATOM,1747.0,HE3,LYS,165.0,93.667,-60.487,76.697,0.05,1.32,0.07
ATOM,1748.0,HZ1,LYS,165.0,91.481,-60.166,75.3,0.33,0.2245,20.44
ATOM,1749.0,HZ2,LYS,165.0,91.511,-60.542,76.889,0.33,0.2245,13.58
ATOM,1750.0,HZ3,LYS,165.0,91.352,-58.985,76.421,0.33,0.2245,14.74
ATOM,1751.0,N,THR,166.0,98.498,-57.259,79.218,-0.47,1.85,0.0
ATOM,1752.0,CA,THR,166.0,99.903,-56.89,79.346,0.07,2.275,0.09
ATOM,1753.0,C,THR,166.0,100.718,-58.152,79.53,0.51,2.0,0.0
ATOM,1754.0,O,THR,166.0,101.82,-58.281,78.998,-0.51,1.7,0.06
ATOM,1755.0,CB,THR,166.0,100.139,-55.964,80.548,0.14,2.275,0.0
ATOM,1756.0,OG1,THR,166.0,99.5,-54.701,80.312,-0.66,1.77,0.81
ATOM,1757.0,CG2,THR,166.0,101.631,-55.735,80.756,-0.27,2.06,0.47
ATOM,1758.0,H,THR,166.0,97.737,-56.83,79.766,0.31,0.2245,0.0
ATOM,1759.0,HA,THR,166.0,100.192,-56.442,78.501,0.09,1.32,0.29
ATOM,1760.0,HB,THR,166.0,99.716,-56.383,81.377,0.09,1.32,0.0
ATOM,1761.0,HG21,THR,166.0,102.115,-56.612,80.733,0.09,1.32,0.0
ATOM,1762.0,HG22,THR,166.0,101.988,-55.143,80.03,0.09,1.32,0.38
ATOM,1763.0,HG23,THR,166.0,101.786,-55.297,81.644,0.09,1.32,0.04
ATOM,1764.0,HG1,THR,166.0,99.754,-54.043,81.028,0.43,0.2245,3.3
ATOM,1765.0,N,ARG,167.0,100.152,-59.088,80.28,-0.47,1.85,0.0
ATOM,1766.0,CA,ARG,167.0,100.804,-60.362,80.541,0.07,2.275,0.0
ATOM,1767.0,C,ARG,167.0,101.019,-61.116,79.236,0.51,2.0,0.0
ATOM,1768.0,O,ARG,167.0,102.154,-61.345,78.815,-0.51,1.7,0.0
ATOM,1769.0,CB,ARG,167.0,99.938,-61.201,81.478,-0.18,2.175,1.12
ATOM,1770.0,CG,ARG,167.0,100.68,-62.315,82.175,-0.18,2.175,5.27
ATOM,1771.0,CD,ARG,167.0,101.689,-61.761,83.16,0.2,2.175,0.35
ATOM,1772.0,NE,ARG,167.0,102.196,-62.803,84.047,-0.7,1.85,0.0
ATOM,1773.0,CZ,ARG,167.0,101.457,-63.444,84.947,0.64,2.0,0.47
ATOM,1774.0,NH1,ARG,167.0,100.168,-63.15,85.083,-0.8,1.85,7.86
ATOM,1775.0,NH2,ARG,167.0,102.009,-64.381,85.711,-0.8,1.85,0.06
ATOM,1776.0,H,ARG,167.0,99.216,-58.835,80.659,0.31,0.2245,0.0
ATOM,1777.0,HA,ARG,167.0,101.699,-60.191,80.964,0.09,1.32,0.0
ATOM,1778.0,HB2,ARG,167.0,99.557,-60.595,82.173,0.09,1.32,0.0
ATOM,1779.0,HB3,ARG,167.0,99.201,-61.604,80.941,0.09,1.32,0.32
ATOM,1780.0,HG2,ARG,167.0,100.036,-62.885,82.677,0.09,1.32,3.17
ATOM,1781.0,HG3,ARG,167.0,101.171,-62.863,81.504,0.09,1.32,0.0
ATOM,1782.0,HD2,ARG,167.0,102.445,-61.371,82.645,0.09,1.32,1.13
ATOM,1783.0,HD3,ARG,167.0,101.24,-61.057,83.702,0.09,1.32,0.0
ATOM,1784.0,HE,ARG,167.0,103.169,-63.053,83.973,0.44,0.2245,0.54
ATOM,1785.0,HH11,ARG,167.0,99.732,-62.466,84.506,0.46,0.2245,2.81
ATOM,1786.0,HH12,ARG,167.0,99.622,-63.628,85.781,0.46,0.2245,1.05
ATOM,1787.0,HH21,ARG,167.0,102.977,-64.612,85.59,0.46,0.2245,1.75
ATOM,1788.0,HH22,ARG,167.0,101.464,-64.852,86.4,0.46,0.2245,0.0
ATOM,1789.0,N,ILE,168.0,99.913,-61.491,78.602,-0.47,1.85,0.0
ATOM,1790.0,CA,ILE,168.0,99.936,-62.225,77.344,0.07,2.275,0.3
ATOM,1791.0,C,ILE,168.0,101.045,-61.778,76.395,0.51,2.0,0.0
ATOM,1792.0,O,ILE,168.0,101.833,-62.599,75.93,-0.51,1.7,0.0
ATOM,1793.0,CB,ILE,168.0,98.586,-62.101,76.618,-0.09,2.275,0.0
ATOM,1794.0,CG1,ILE,168.0,97.489,-62.775,77.438,-0.18,2.175,4.71
ATOM,1795.0,CG2,ILE,168.0,98.662,-62.764,75.269,-0.27,2.06,21.49
ATOM,1796.0,CD1,ILE,168.0,96.085,-62.409,76.997,-0.27,2.06,11.4
ATOM,1797.0,H,ILE,168.0,99.026,-61.214,79.084,0.31,0.2245,0.0
ATOM,1798.0,HA,ILE,168.0,100.134,-63.191,77.582,0.09,1.32,1.32
ATOM,1799.0,HB,ILE,168.0,98.366,-61.136,76.542,0.09,1.32,0.4
ATOM,1800.0,HG12,ILE,168.0,97.602,-63.764,77.368,0.09,1.32,8.71
ATOM,1801.0,HG13,ILE,168.0,97.602,-62.508,78.394,0.09,1.32,0.0
ATOM,1802.0,HG21,ILE,168.0,97.785,-62.674,74.794,0.09,1.32,6.19
ATOM,1803.0,HG22,ILE,168.0,99.378,-62.334,74.716,0.09,1.32,0.52
ATOM,1804.0,HG23,ILE,168.0,98.875,-63.737,75.377,0.09,1.32,1.26
ATOM,1805.0,HD11,ILE,168.0,95.957,-62.682,76.045,0.09,1.32,6.31
ATOM,1806.0,HD12,ILE,168.0,95.424,-62.884,77.575,0.09,1.32,0.0
ATOM,1807.0,HD13,ILE,168.0,95.959,-61.422,77.084,0.09,1.32,0.0
ATOM,1808.0,N,PHE,169.0,101.101,-60.481,76.105,-0.47,1.85,0.54
ATOM,1809.0,CA,PHE,169.0,102.117,-59.941,75.206,0.07,2.275,1.92
ATOM,1810.0,C,PHE,169.0,103.491,-60.438,75.602,0.51,2.0,0.0
ATOM,1811.0,O,PHE,169.0,104.21,-61.028,74.797,-0.51,1.7,0.0
ATOM,1812.0,CB,PHE,169.0,102.111,-58.418,75.254,-0.18,2.175,0.78
ATOM,1813.0,CG,PHE,169.0,103.193,-57.777,74.43,0.0,1.9924,0.0
ATOM,1814.0,CD1,PHE,169.0,102.963,-57.432,73.103,-0.115,1.9924,0.54
ATOM,1815.0,CD2,PHE,169.0,104.427,-57.484,74.988,-0.115,1.9924,0.66
ATOM,1816.0,CE1,PHE,169.0,103.946,-56.804,72.346,-0.115,1.9924,0.18
ATOM,1817.0,CE2,PHE,169.0,105.415,-56.855,74.238,-0.115,1.9924,0.0
ATOM,1818.0,CZ,PHE,169.0,105.173,-56.514,72.915,-0.115,1.9924,0.0
ATOM,1819.0,H,PHE,169.0,100.375,-59.899,76.564,0.31,0.2245,0.0
ATOM,1820.0,HA,PHE,169.0,101.922,-60.31,74.292,0.09,1.32,0.04
ATOM,1821.0,HB2,PHE,169.0,101.239,-58.105,74.907,0.09,1.32,4.43
ATOM,1822.0,HB3,PHE,169.0,102.241,-58.142,76.195,0.09,1.32,0.0
ATOM,1823.0,HD1,PHE,169.0,102.081,-57.635,72.684,0.115,1.3582,10.08
ATOM,1824.0,HD2,PHE,169.0,104.611,-57.726,75.941,0.115,1.3582,0.0
ATOM,1825.0,HE1,PHE,169.0,103.756,-56.566,71.387,0.115,1.3582,4.74
ATOM,1826.0,HE2,PHE,169.0,106.311,-56.65,74.664,0.115,1.3582,0.0
ATOM,1827.0,HZ,PHE,169.0,105.88,-56.061,72.375,0.115,1.3582,0.0
ATOM,1828.0,N,ILE,170.0,103.842,-60.193,76.858,-0.47,1.85,0.0
ATOM,1829.0,CA,ILE,170.0,105.135,-60.594,77.401,0.07,2.275,0.0
ATOM,1830.0,C,ILE,170.0,105.36,-62.103,77.357,0.51,2.0,0.0
ATOM,1831.0,O,ILE,170.0,106.484,-62.566,77.166,-0.51,1.7,3.75
ATOM,1832.0,CB,ILE,170.0,105.287,-60.111,78.867,-0.09,2.275,0.0
ATOM,1833.0,CG1,ILE,170.0,105.142,-58.585,78.93,-0.18,2.175,0.0
ATOM,1834.0,CG2,ILE,170.0,106.643,-60.525,79.422,-0.27,2.06,4.02
ATOM,1835.0,CD1,ILE,170.0,105.184,-58.003,80.335,-0.27,2.06,0.09
ATOM,1836.0,H,ILE,170.0,103.119,-59.692,77.42,0.31,0.2245,0.0
ATOM,1837.0,HA,ILE,170.0,105.836,-60.181,76.798,0.09,1.32,0.0
ATOM,1838.0,HB,ILE,170.0,104.553,-60.513,79.396,0.09,1.32,0.0
ATOM,1839.0,HG12,ILE,170.0,105.878,-58.175,78.39,0.09,1.32,0.0
ATOM,1840.0,HG13,ILE,170.0,104.268,-58.337,78.509,0.09,1.32,0.0
ATOM,1841.0,HG21,ILE,170.0,106.72,-60.226,80.371,0.09,1.32,0.0
ATOM,1842.0,HG22,ILE,170.0,106.732,-61.519,79.378,0.09,1.32,0.51
ATOM,1843.0,HG23,ILE,170.0,107.368,-60.103,78.881,0.09,1.32,0.0
ATOM,1844.0,HD11,ILE,170.0,106.058,-58.231,80.758,0.09,1.32,0.0
ATOM,1845.0,HD12,ILE,170.0,105.083,-57.012,80.282,0.09,1.32,0.0
ATOM,1846.0,HD13,ILE,170.0,104.438,-58.39,80.872,0.09,1.32,0.0
ATOM,1847.0,N,GLU,171.0,104.286,-62.866,77.516,-0.47,1.85,0.0
ATOM,1848.0,CA,GLU,171.0,104.382,-64.32,77.528,0.07,2.275,0.33
ATOM,1849.0,C,GLU,171.0,104.25,-65.008,76.173,0.51,2.0,0.0
ATOM,1850.0,O,GLU,171.0,104.563,-66.19,76.049,-0.51,1.7,18.91
ATOM,1851.0,CB,GLU,171.0,103.333,-64.897,78.483,-0.18,2.175,1.88
ATOM,1852.0,CG,GLU,171.0,103.661,-64.713,79.96,-0.28,2.175,5.41
ATOM,1853.0,CD,GLU,171.0,102.864,-65.644,80.857,0.62,2.0,2.78
ATOM,1854.0,OE1,GLU,171.0,101.781,-66.11,80.428,-0.76,1.7,31.73
ATOM,1855.0,OE2,GLU,171.0,103.323,-65.91,81.991,-0.76,1.7,22.39
ATOM,1856.0,H,GLU,171.0,103.394,-62.349,77.628,0.31,0.2245,0.0
ATOM,1857.0,HA,GLU,171.0,105.277,-64.594,77.955,0.09,1.32,5.85
ATOM,1858.0,HB2,GLU,171.0,102.482,-64.434,78.308,0.09,1.32,0.0
ATOM,1859.0,HB3,GLU,171.0,103.27,-65.864,78.311,0.09,1.32,4.96
ATOM,1860.0,HG2,GLU,171.0,104.612,-64.916,80.091,0.09,1.32,8.17
ATOM,1861.0,HG3,GLU,171.0,103.436,-63.792,80.214,0.09,1.32,0.0
ATOM,1862.0,N,THR,172.0,103.791,-64.286,75.158,-0.47,1.85,0.0
ATOM,1863.0,CA,THR,172.0,103.623,-64.899,73.845,0.07,2.275,0.57
ATOM,1864.0,C,THR,172.0,104.374,-64.199,72.727,0.51,2.0,0.0
ATOM,1865.0,O,THR,172.0,104.979,-64.851,71.885,-0.51,1.7,6.21
ATOM,1866.0,CB,THR,172.0,102.136,-64.973,73.454,0.14,2.275,5.66
ATOM,1867.0,OG1,THR,172.0,101.654,-63.659,73.146,-0.66,1.77,2.31
ATOM,1868.0,CG2,THR,172.0,101.32,-65.561,74.592,-0.27,2.06,22.69
ATOM,1869.0,H,THR,172.0,103.575,-63.305,75.369,0.31,0.2245,0.0
ATOM,1870.0,HA,THR,172.0,103.957,-65.863,73.9,0.09,1.32,4.49
ATOM,1871.0,HB,THR,172.0,102.044,-65.55,72.617,0.09,1.32,10.97
ATOM,1872.0,HG21,THR,172.0,101.912,-66.107,75.19,0.09,1.32,1.91
ATOM,1873.0,HG22,THR,172.0,100.902,-64.824,75.129,0.09,1.32,0.0
ATOM,1874.0,HG23,THR,172.0,100.595,-66.149,74.224,0.09,1.32,11.82
ATOM,1875.0,HG1,THR,172.0,101.594,-63.104,73.982,0.43,0.2245,0.0
ATOM,1876.0,N,ILE,173.0,104.338,-62.874,72.708,-0.47,1.85,0.0
ATOM,1877.0,CA,ILE,173.0,105.026,-62.137,71.661,0.07,2.275,0.0
ATOM,1878.0,C,ILE,173.0,106.517,-62.03,71.945,0.51,2.0,0.0
ATOM,1879.0,O,ILE,173.0,107.329,-62.614,71.231,-0.51,1.7,0.0
ATOM,1880.0,CB,ILE,173.0,104.44,-60.72,71.5,-0.09,2.275,0.0
ATOM,1881.0,CG1,ILE,173.0,102.915,-60.79,71.473,-0.18,2.175,3.82
ATOM,1882.0,CG2,ILE,173.0,104.936,-60.09,70.218,-0.27,2.06,18.73
ATOM,1883.0,CD1,ILE,173.0,102.371,-61.92,70.645,-0.27,2.06,19.96
ATOM,1884.0,H,ILE,173.0,103.802,-62.433,73.469,0.31,0.2245,0.0
ATOM,1885.0,HA,ILE,173.0,104.932,-62.683,70.82,0.09,1.32,0.0
ATOM,1886.0,HB,ILE,173.0,104.712,-60.186,72.29,0.09,1.32,0.0
ATOM,1887.0,HG12,ILE,173.0,102.588,-60.885,72.414,0.09,1.32,0.0
ATOM,1888.0,HG13,ILE,173.0,102.571,-59.924,71.106,0.09,1.32,4.35
ATOM,1889.0,HG21,ILE,173.0,104.563,-59.166,70.128,0.09,1.32,2.32
ATOM,1890.0,HG22,ILE,173.0,105.935,-60.041,70.229,0.09,1.32,0.28
ATOM,1891.0,HG23,ILE,173.0,104.643,-60.64,69.435,0.09,1.32,1.65
ATOM,1892.0,HD11,ILE,173.0,102.699,-62.792,71.009,0.09,1.32,0.0
ATOM,1893.0,HD12,ILE,173.0,101.371,-61.906,70.672,0.09,1.32,10.79
ATOM,1894.0,HD13,ILE,173.0,102.678,-61.821,69.698,0.09,1.32,2.0
ATOM,1895.0,N,LEU,174.0,106.875,-61.294,72.995,-0.47,1.85,0.0
ATOM,1896.0,CA,LEU,174.0,108.273,-61.11,73.364,0.07,2.275,0.0
ATOM,1897.0,C,LEU,174.0,109.145,-62.356,73.205,0.51,2.0,0.0
ATOM,1898.0,O,LEU,174.0,110.261,-62.27,72.699,-0.51,1.7,0.0
ATOM,1899.0,CB,LEU,174.0,108.36,-60.593,74.793,-0.18,2.175,0.0
ATOM,1900.0,CG,LEU,174.0,107.775,-59.192,74.928,-0.09,2.275,0.0
ATOM,1901.0,CD1,LEU,174.0,107.814,-58.753,76.381,-0.27,2.06,0.0
ATOM,1902.0,CD2,LEU,174.0,108.566,-58.232,74.052,-0.27,2.06,0.0
ATOM,1903.0,H,LEU,174.0,106.083,-60.87,73.518,0.31,0.2245,0.0
ATOM,1904.0,HA,LEU,174.0,108.666,-60.373,72.776,0.09,1.32,0.0
ATOM,1905.0,HB2,LEU,174.0,107.838,-61.19,75.368,0.09,1.32,0.0
ATOM,1906.0,HB3,LEU,174.0,109.304,-60.548,75.047,0.09,1.32,0.0
ATOM,1907.0,HG,LEU,174.0,106.83,-59.201,74.609,0.09,1.32,0.0
ATOM,1908.0,HD11,LEU,174.0,108.761,-58.746,76.705,0.09,1.32,0.0
ATOM,1909.0,HD12,LEU,174.0,107.429,-57.833,76.465,0.09,1.32,0.0
ATOM,1910.0,HD13,LEU,174.0,107.278,-59.388,76.939,0.09,1.32,0.0
ATOM,1911.0,HD21,LEU,174.0,108.511,-58.527,73.097,0.09,1.32,0.0
ATOM,1912.0,HD22,LEU,174.0,108.186,-57.31,74.137,0.09,1.32,0.0
ATOM,1913.0,HD23,LEU,174.0,109.523,-58.225,74.343,0.09,1.32,0.0
ATOM,1914.0,N,PRO,175.0,108.656,-63.53,73.64,-0.29,1.85,0.0
ATOM,1915.0,CA,PRO,175.0,109.478,-64.738,73.492,0.02,2.275,0.83
ATOM,1916.0,C,PRO,175.0,109.946,-64.964,72.052,0.51,2.0,0.17
ATOM,1917.0,O,PRO,175.0,111.004,-65.556,71.818,-0.51,1.7,12.69
ATOM,1918.0,CB,PRO,175.0,108.565,-65.867,73.977,-0.18,2.175,18.35
ATOM,1919.0,CG,PRO,175.0,107.19,-65.281,74.004,-0.18,2.175,5.64
ATOM,1920.0,CD,PRO,175.0,107.369,-63.825,74.286,0.0,2.175,0.2
ATOM,1921.0,HA,PRO,175.0,110.272,-64.707,74.122,0.09,1.32,1.16
ATOM,1922.0,HB2,PRO,175.0,108.608,-66.652,73.348,0.09,1.32,9.28
ATOM,1923.0,HB3,PRO,175.0,108.841,-66.178,74.893,0.09,1.32,11.28
ATOM,1924.0,HG2,PRO,175.0,106.731,-65.426,73.118,0.09,1.32,0.31
ATOM,1925.0,HG3,PRO,175.0,106.635,-65.724,74.72,0.09,1.32,0.07
ATOM,1926.0,HD2,PRO,175.0,106.64,-63.277,73.88,0.09,1.32,0.0
ATOM,1927.0,HD3,PRO,175.0,107.419,-63.641,75.268,0.09,1.32,0.04
ATOM,1928.0,N,LYS,176.0,109.151,-64.494,71.095,-0.47,1.85,0.16
ATOM,1929.0,CA,LYS,176.0,109.477,-64.636,69.68,0.07,2.275,2.01
ATOM,1930.0,C,LYS,176.0,110.806,-63.947,69.385,0.51,2.0,0.0
ATOM,1931.0,O,LYS,176.0,111.524,-64.329,68.462,-0.51,1.7,30.66
ATOM,1932.0,CB,LYS,176.0,108.373,-64.018,68.818,-0.18,2.175,4.92
ATOM,1933.0,CG,LYS,176.0,107.133,-64.887,68.644,-0.18,2.175,8.02
ATOM,1934.0,CD,LYS,176.0,106.206,-64.298,67.583,-0.18,2.175,8.87
ATOM,1935.0,CE,LYS,176.0,104.847,-64.994,67.554,0.21,2.175,16.95
ATOM,1936.0,NZ,LYS,176.0,103.863,-64.284,66.68,-0.3,1.85,14.71
ATOM,1937.0,H,LYS,176.0,108.289,-64.023,71.439,0.31,0.2245,0.0
ATOM,1938.0,HA,LYS,176.0,109.564,-65.61,69.461,0.09,1.32,8.68
ATOM,1939.0,HB2,LYS,176.0,108.093,-63.155,69.241,0.09,1.32,0.03
ATOM,1940.0,HB3,LYS,176.0,108.754,-63.831,67.911,0.09,1.32,7.01
ATOM,1941.0,HG2,LYS,176.0,107.411,-65.799,68.357,0.09,1.32,9.67
ATOM,1942.0,HG3,LYS,176.0,106.643,-64.934,69.509,0.09,1.32,0.0
ATOM,1943.0,HD2,LYS,176.0,106.062,-63.333,67.783,0.09,1.32,2.03
ATOM,1944.0,HD3,LYS,176.0,106.633,-64.402,66.689,0.09,1.32,10.25
ATOM,1945.0,HE2,LYS,176.0,104.97,-65.931,67.215,0.05,1.32,11.31
ATOM,1946.0,HE3,LYS,176.0,104.484,-65.035,68.49,0.05,1.32,1.84
ATOM,1947.0,HZ1,LYS,176.0,103.19,-64.94,66.344,0.33,0.2245,20.57
ATOM,1948.0,HZ2,LYS,176.0,103.406,-63.573,67.211,0.33,0.2245,7.14
ATOM,1949.0,HZ3,LYS,176.0,104.346,-63.872,65.91,0.33,0.2245,16.15
ATOM,1950.0,N,MET,177.0,111.124,-62.925,70.173,-0.47,1.85,0.0
ATOM,1951.0,CA,MET,177.0,112.374,-62.191,70.008,0.07,2.275,4.43
ATOM,1952.0,C,MET,177.0,113.401,-62.741,70.987,0.51,2.0,2.02
ATOM,1953.0,O,MET,177.0,114.429,-62.111,71.251,-0.51,1.7,2.52
ATOM,1954.0,CB,MET,177.0,112.168,-60.702,70.282,-0.18,2.175,0.93
ATOM,1955.0,CG,MET,177.0,110.807,-60.18,69.892,-0.14,2.175,4.16
ATOM,1956.0,SD,MET,177.0,110.936,-58.625,69.015,-0.09,2.0,26.8
ATOM,1957.0,CE,MET,177.0,112.191,-57.761,69.972,-0.22,2.06,8.79
ATOM,1958.0,H,MET,177.0,110.419,-62.699,70.901,0.31,0.2245,0.0
ATOM,1959.0,HA,MET,177.0,112.711,-62.35,69.081,0.09,1.32,7.28
ATOM,1960.0,HB2,MET,177.0,112.309,-60.531,71.269,0.09,1.32,0.0
ATOM,1961.0,HB3,MET,177.0,112.872,-60.179,69.777,0.09,1.32,1.1
ATOM,1962.0,HG2,MET,177.0,110.337,-60.884,69.319,0.09,1.32,1.66
ATOM,1963.0,HG3,MET,177.0,110.24,-60.077,70.735,0.09,1.32,0.0
ATOM,1964.0,HE1,MET,177.0,111.747,-57.154,70.631,0.09,1.32,0.0
ATOM,1965.0,HE2,MET,177.0,112.755,-58.428,70.459,0.09,1.32,0.0
ATOM,1966.0,HE3,MET,177.0,112.766,-57.223,69.356,0.09,1.32,11.77
ATOM,1967.0,N,GLY,178.0,113.104,-63.917,71.53,-0.47,1.85,1.64
ATOM,1968.0,CA,GLY,178.0,114.005,-64.546,72.477,-0.02,2.175,17.28
ATOM,1969.0,C,GLY,178.0,114.131,-63.797,73.79,0.51,2.0,1.13
ATOM,1970.0,O,GLY,178.0,115.076,-64.017,74.55,-0.51,1.7,8.76
ATOM,1971.0,H,GLY,178.0,112.205,-64.326,71.226,0.31,0.2245,0.0
ATOM,1972.0,HA2,GLY,178.0,113.685,-65.496,72.665,0.09,1.32,8.35
ATOM,1973.0,HA3,GLY,178.0,114.929,-64.635,72.054,0.09,1.32,7.62
ATOM,1974.0,N,ILE,179.0,113.179,-62.909,74.057,-0.47,1.85,0.0
ATOM,1975.0,CA,ILE,179.0,113.187,-62.128,75.288,0.07,2.275,0.0
ATOM,1976.0,C,ILE,179.0,112.508,-62.915,76.4,0.51,2.0,0.33
ATOM,1977.0,O,ILE,179.0,111.301,-63.167,76.35,-0.51,1.7,2.59
ATOM,1978.0,CB,ILE,179.0,112.462,-60.782,75.096,-0.09,2.275,0.0
ATOM,1979.0,CG1,ILE,179.0,113.376,-59.804,74.357,-0.18,2.175,0.0
ATOM,1980.0,CG2,ILE,179.0,112.084,-60.197,76.434,-0.27,2.06,0.0
ATOM,1981.0,CD1,ILE,179.0,112.736,-58.472,74.074,-0.27,2.06,0.0
ATOM,1982.0,H,ILE,179.0,112.445,-62.822,73.328,0.31,0.2245,0.0
ATOM,1983.0,HA,ILE,179.0,114.147,-62.028,75.552,0.09,1.32,0.0
ATOM,1984.0,HB,ILE,179.0,111.662,-60.943,74.533,0.09,1.32,0.0
ATOM,1985.0,HG12,ILE,179.0,114.197,-59.663,74.909,0.09,1.32,0.0
ATOM,1986.0,HG13,ILE,179.0,113.645,-60.225,73.49,0.09,1.32,0.0
ATOM,1987.0,HG21,ILE,179.0,111.604,-59.329,76.302,0.09,1.32,0.0
ATOM,1988.0,HG22,ILE,179.0,111.485,-60.831,76.926,0.09,1.32,0.04
ATOM,1989.0,HG23,ILE,179.0,112.907,-60.036,76.98,0.09,1.32,0.0
ATOM,1990.0,HD11,ILE,179.0,112.472,-58.037,74.935,0.09,1.32,0.0
ATOM,1991.0,HD12,ILE,179.0,113.385,-57.884,73.591,0.09,1.32,0.0
ATOM,1992.0,HD13,ILE,179.0,111.923,-58.604,73.506,0.09,1.32,0.0
ATOM,1993.0,N,THR,180.0,113.297,-63.305,77.397,-0.47,1.85,0.04
ATOM,1994.0,CA,THR,180.0,112.795,-64.072,78.533,0.07,2.275,1.82
ATOM,1995.0,C,THR,180.0,112.442,-63.143,79.683,0.51,2.0,0.0
ATOM,1996.0,O,THR,180.0,112.986,-62.041,79.785,-0.51,1.7,0.0
ATOM,1997.0,CB,THR,180.0,113.841,-65.094,79.03,0.14,2.275,8.62
ATOM,1998.0,OG1,THR,180.0,113.644,-65.344,80.429,-0.66,1.77,11.3
ATOM,1999.0,CG2,THR,180.0,115.251,-64.563,78.809,-0.27,2.06,14.53
ATOM,2000.0,H,THR,180.0,114.294,-63.019,77.298,0.31,0.2245,0.0
ATOM,2001.0,HA,THR,180.0,111.962,-64.556,78.248,0.09,1.32,6.01
ATOM,2002.0,HB,THR,180.0,113.706,-65.971,78.528,0.09,1.32,12.73
ATOM,2003.0,HG21,THR,180.0,115.9,-65.326,78.779,0.09,1.32,11.78
ATOM,2004.0,HG22,THR,180.0,115.293,-64.061,77.942,0.09,1.32,0.0
ATOM,2005.0,HG23,THR,180.0,115.503,-63.947,79.558,0.09,1.32,0.0
ATOM,2006.0,HG1,THR,180.0,113.77,-64.497,80.956,0.43,0.2245,0.0
ATOM,2007.0,N,ALA,181.0,111.54,-63.596,80.55,-0.47,1.85,0.43
ATOM,2008.0,CA,ALA,181.0,111.108,-62.792,81.685,0.07,2.275,0.0
ATOM,2009.0,C,ALA,181.0,111.038,-63.566,82.987,0.51,2.0,0.0
ATOM,2010.0,O,ALA,181.0,110.894,-64.79,82.998,-0.51,1.7,20.16
ATOM,2011.0,CB,ALA,181.0,109.754,-62.178,81.392,-0.27,2.06,2.65
ATOM,2012.0,H,ALA,181.0,111.182,-64.548,80.35,0.31,0.2245,8.56
ATOM,2013.0,HA,ALA,181.0,111.764,-62.02,81.802,0.09,1.32,0.0
ATOM,2014.0,HB1,ALA,181.0,109.544,-61.481,82.079,0.09,1.32,0.0
ATOM,2015.0,HB2,ALA,181.0,109.764,-61.755,80.485,0.09,1.32,0.15
ATOM,2016.0,HB3,ALA,181.0,109.049,-62.888,81.416,0.09,1.32,6.93
ATOM,2017.0,N,THR,182.0,111.136,-62.829,84.088,-0.47,1.85,0.0
ATOM,2018.0,CA,THR,182.0,111.063,-63.411,85.419,0.07,2.275,0.0
ATOM,2019.0,C,THR,182.0,109.906,-62.765,86.165,0.51,2.0,0.0
ATOM,2020.0,O,THR,182.0,109.881,-61.551,86.365,-0.51,1.7,0.0
ATOM,2021.0,CB,THR,182.0,112.354,-63.167,86.204,0.14,2.275,0.0
ATOM,2022.0,OG1,THR,182.0,113.365,-64.068,85.741,-0.66,1.77,0.64
ATOM,2023.0,CG2,THR,182.0,112.128,-63.402,87.681,-0.27,2.06,11.55
ATOM,2024.0,H,THR,182.0,111.268,-61.809,83.916,0.31,0.2245,0.0
ATOM,2025.0,HA,THR,182.0,110.877,-64.388,85.333,0.09,1.32,3.64
ATOM,2026.0,HB,THR,182.0,112.674,-62.214,86.029,0.09,1.32,0.0
ATOM,2027.0,HG21,THR,182.0,112.858,-63.982,88.053,0.09,1.32,4.72
ATOM,2028.0,HG22,THR,182.0,112.127,-62.527,88.173,0.09,1.32,0.0
ATOM,2029.0,HG23,THR,182.0,111.245,-63.858,87.826,0.09,1.32,0.67
ATOM,2030.0,HG1,THR,182.0,114.257,-63.829,86.14,0.43,0.2245,0.0
ATOM,2031.0,N,VAL,183.0,108.944,-63.577,86.576,-0.47,1.85,0.0
ATOM,2032.0,CA,VAL,183.0,107.793,-63.049,87.284,0.07,2.275,0.0
ATOM,2033.0,C,VAL,183.0,107.902,-63.248,88.798,0.51,2.0,0.0
ATOM,2034.0,O,VAL,183.0,107.854,-64.379,89.299,-0.51,1.7,22.91
ATOM,2035.0,CB,VAL,183.0,106.495,-63.699,86.772,-0.09,2.275,2.14
ATOM,2036.0,CG1,VAL,183.0,105.293,-62.906,87.243,-0.27,2.06,0.17
ATOM,2037.0,CG2,VAL,183.0,106.52,-63.766,85.262,-0.27,2.06,9.49
ATOM,2038.0,H,VAL,183.0,109.081,-64.575,86.357,0.31,0.2245,8.72
ATOM,2039.0,HA,VAL,183.0,107.741,-62.053,87.11,0.09,1.32,0.0
ATOM,2040.0,HB,VAL,183.0,106.429,-64.603,87.181,0.09,1.32,7.45
ATOM,2041.0,HG11,VAL,183.0,105.593,-62.164,87.845,0.09,1.32,0.0
ATOM,2042.0,HG12,VAL,183.0,104.815,-62.518,86.454,0.09,1.32,0.0
ATOM,2043.0,HG13,VAL,183.0,104.668,-63.506,87.745,0.09,1.32,1.47
ATOM,2044.0,HG21,VAL,183.0,105.799,-63.18,84.889,0.09,1.32,0.34
ATOM,2045.0,HG22,VAL,183.0,107.41,-63.452,84.927,0.09,1.32,0.0
ATOM,2046.0,HG23,VAL,183.0,106.367,-64.71,84.966,0.09,1.32,9.5
ATOM,2047.0,N,ILE,184.0,108.049,-62.134,89.515,-0.47,1.85,0.0
ATOM,2048.0,CA,ILE,184.0,108.162,-62.147,90.97,0.07,2.275,0.08
ATOM,2049.0,C,ILE,184.0,106.952,-61.468,91.597,0.51,2.0,0.0
ATOM,2050.0,O,ILE,184.0,106.204,-60.776,90.911,-0.51,1.7,0.0
ATOM,2051.0,CB,ILE,184.0,109.427,-61.403,91.437,-0.09,2.275,0.0
ATOM,2052.0,CG1,ILE,184.0,109.215,-59.896,91.327,-0.18,2.175,0.0
ATOM,2053.0,CG2,ILE,184.0,110.613,-61.814,90.595,-0.27,2.06,0.09
ATOM,2054.0,CD1,ILE,184.0,110.318,-59.081,91.967,-0.27,2.06,1.76
ATOM,2055.0,H,ILE,184.0,108.076,-61.258,88.948,0.31,0.2245,0.0
ATOM,2056.0,HA,ILE,184.0,108.127,-63.109,91.247,0.09,1.32,5.33
ATOM,2057.0,HB,ILE,184.0,109.577,-61.626,92.392,0.09,1.32,0.0
ATOM,2058.0,HG12,ILE,184.0,109.152,-59.654,90.361,0.09,1.32,0.0
ATOM,2059.0,HG13,ILE,184.0,108.35,-59.667,91.771,0.09,1.32,0.0
ATOM,2060.0,HG21,ILE,184.0,111.435,-61.342,90.915,0.09,1.32,0.0
ATOM,2061.0,HG22,ILE,184.0,110.753,-62.802,90.666,0.09,1.32,3.48
ATOM,2062.0,HG23,ILE,184.0,110.448,-61.574,89.638,0.09,1.32,0.0
ATOM,2063.0,HD11,ILE,184.0,111.187,-59.294,91.523,0.09,1.32,0.0
ATOM,2064.0,HD12,ILE,184.0,110.117,-58.109,91.859,0.09,1.32,1.65
ATOM,2065.0,HD13,ILE,184.0,110.374,-59.305,92.939,0.09,1.32,0.0
ATOM,2066.0,N,ASP,185.0,106.761,-61.672,92.899,-0.47,1.85,1.09
ATOM,2067.0,CA,ASP,185.0,105.648,-61.056,93.615,0.07,2.275,0.0
ATOM,2068.0,C,ASP,185.0,106.001,-59.599,93.9,0.51,2.0,0.0
ATOM,2069.0,O,ASP,185.0,107.147,-59.278,94.202,-0.51,1.7,0.0
ATOM,2070.0,CB,ASP,185.0,105.379,-61.787,94.928,-0.28,2.175,10.98
ATOM,2071.0,CG,ASP,185.0,104.279,-61.13,95.743,0.62,2.0,2.75
ATOM,2072.0,OD1,ASP,185.0,103.103,-61.528,95.582,-0.76,1.7,14.33
ATOM,2073.0,OD2,ASP,185.0,104.59,-60.218,96.541,-0.76,1.7,3.02
ATOM,2074.0,H,ASP,185.0,107.458,-62.294,93.35,0.31,0.2245,2.68
ATOM,2075.0,HA,ASP,185.0,104.863,-61.052,92.999,0.09,1.32,0.0
ATOM,2076.0,HB2,ASP,185.0,105.104,-62.716,94.714,0.09,1.32,8.04
ATOM,2077.0,HB3,ASP,185.0,106.216,-61.783,95.461,0.09,1.32,0.0
ATOM,2078.0,N,PRO,186.0,105.014,-58.701,93.829,-0.29,1.85,0.0
ATOM,2079.0,CA,PRO,186.0,105.253,-57.275,94.076,0.02,2.275,0.14
ATOM,2080.0,C,PRO,186.0,106.098,-56.987,95.312,0.51,2.0,0.0
ATOM,2081.0,O,PRO,186.0,107.034,-56.186,95.275,-0.51,1.7,6.12
ATOM,2082.0,CB,PRO,186.0,103.849,-56.693,94.197,-0.18,2.175,0.05
ATOM,2083.0,CG,PRO,186.0,102.982,-57.623,93.413,-0.18,2.175,0.11
ATOM,2084.0,CD,PRO,186.0,103.597,-58.987,93.542,0.0,2.175,0.28
ATOM,2085.0,HA,PRO,186.0,105.668,-56.838,93.251,0.09,1.32,0.03
ATOM,2086.0,HB2,PRO,186.0,103.559,-56.659,95.159,0.09,1.32,0.0
ATOM,2087.0,HB3,PRO,186.0,103.814,-55.764,93.817,0.09,1.32,1.17
ATOM,2088.0,HG2,PRO,186.0,102.04,-57.618,93.777,0.09,1.32,0.0
ATOM,2089.0,HG3,PRO,186.0,102.943,-57.336,92.446,0.09,1.32,0.0
ATOM,2090.0,HD2,PRO,186.0,103.186,-59.506,94.293,0.09,1.32,0.0
ATOM,2091.0,HD3,PRO,186.0,103.51,-59.512,92.692,0.09,1.32,0.0
ATOM,2092.0,N,ALA,187.0,105.759,-57.647,96.41,-0.47,1.85,0.0
ATOM,2093.0,CA,ALA,187.0,106.471,-57.452,97.659,0.07,2.275,0.84
ATOM,2094.0,C,ALA,187.0,107.845,-58.111,97.652,0.51,2.0,0.3
ATOM,2095.0,O,ALA,187.0,108.839,-57.483,98.019,-0.51,1.7,5.68
ATOM,2096.0,CB,ALA,187.0,105.638,-57.997,98.808,-0.27,2.06,22.79
ATOM,2097.0,H,ALA,187.0,104.959,-58.299,96.299,0.31,0.2245,0.0
ATOM,2098.0,HA,ALA,187.0,106.595,-56.458,97.814,0.09,1.32,3.55
ATOM,2099.0,HB1,ALA,187.0,104.688,-57.703,98.702,0.09,1.32,0.0
ATOM,2100.0,HB2,ALA,187.0,105.678,-58.996,98.806,0.09,1.32,4.3
ATOM,2101.0,HB3,ALA,187.0,105.997,-57.653,99.675,0.09,1.32,11.22
ATOM,2102.0,N,ASP,188.0,107.891,-59.374,97.234,-0.47,1.85,0.71
ATOM,2103.0,CA,ASP,188.0,109.129,-60.151,97.194,0.07,2.275,3.56
ATOM,2104.0,C,ASP,188.0,110.321,-59.419,96.596,0.51,2.0,0.0
ATOM,2105.0,O,ASP,188.0,110.695,-59.657,95.452,-0.51,1.7,0.03
ATOM,2106.0,CB,ASP,188.0,108.907,-61.458,96.424,-0.28,2.175,3.52
ATOM,2107.0,CG,ASP,188.0,110.048,-62.446,96.604,0.62,2.0,3.04
ATOM,2108.0,OD1,ASP,188.0,111.104,-62.048,97.143,-0.76,1.7,8.92
ATOM,2109.0,OD2,ASP,188.0,109.888,-63.621,96.207,-0.76,1.7,31.37
ATOM,2110.0,H,ASP,188.0,106.967,-59.763,96.937,0.31,0.2245,0.0
ATOM,2111.0,HA,ASP,188.0,109.37,-60.373,98.161,0.09,1.32,8.11
ATOM,2112.0,HB2,ASP,188.0,108.07,-61.873,96.76,0.09,1.32,4.55
ATOM,2113.0,HB3,ASP,188.0,108.826,-61.236,95.46,0.09,1.32,0.0
ATOM,2114.0,N,VAL,189.0,110.928,-58.541,97.384,-0.47,1.85,0.0
ATOM,2115.0,CA,VAL,189.0,112.085,-57.788,96.932,0.07,2.275,0.11
ATOM,2116.0,C,VAL,189.0,113.277,-58.722,96.772,0.51,2.0,0.0
ATOM,2117.0,O,VAL,189.0,114.144,-58.496,95.93,-0.51,1.7,0.0
ATOM,2118.0,CB,VAL,189.0,112.457,-56.691,97.938,-0.09,2.275,1.81
ATOM,2119.0,CG1,VAL,189.0,113.762,-56.043,97.534,-0.27,2.06,4.07
ATOM,2120.0,CG2,VAL,189.0,111.35,-55.658,98.015,-0.27,2.06,14.67
ATOM,2121.0,H,VAL,189.0,110.512,-58.443,98.331,0.31,0.2245,5.09
ATOM,2122.0,HA,VAL,189.0,111.876,-57.397,96.032,0.09,1.32,1.68
ATOM,2123.0,HB,VAL,189.0,112.605,-57.126,98.82,0.09,1.32,8.29
ATOM,2124.0,HG11,VAL,189.0,114.233,-55.695,98.346,0.09,1.32,6.15
ATOM,2125.0,HG12,VAL,189.0,114.347,-56.715,97.077,0.09,1.32,0.0
ATOM,2126.0,HG13,VAL,189.0,113.583,-55.283,96.907,0.09,1.32,0.0
ATOM,2127.0,HG21,VAL,189.0,111.364,-55.093,97.189,0.09,1.32,0.18
ATOM,2128.0,HG22,VAL,189.0,110.466,-56.122,98.088,0.09,1.32,0.0
ATOM,2129.0,HG23,VAL,189.0,111.491,-55.079,98.819,0.09,1.32,2.85
ATOM,2130.0,N,GLY,190.0,113.316,-59.768,97.591,-0.47,1.85,1.4
ATOM,2131.0,CA,GLY,190.0,114.408,-60.722,97.517,-0.02,2.175,21.34
ATOM,2132.0,C,GLY,190.0,114.529,-61.312,96.124,0.51,2.0,1.61
ATOM,2133.0,O,GLY,190.0,115.586,-61.225,95.493,-0.51,1.7,1.44
ATOM,2134.0,H,GLY,190.0,112.531,-59.836,98.257,0.31,0.2245,6.53
ATOM,2135.0,HA2,GLY,190.0,115.273,-60.264,97.761,0.09,1.32,1.76
ATOM,2136.0,HA3,GLY,190.0,114.252,-61.465,98.182,0.09,1.32,11.03
ATOM,2137.0,N,ALA,191.0,113.439,-61.909,95.646,-0.47,1.85,3.23
ATOM,2138.0,CA,ALA,191.0,113.402,-62.515,94.319,0.07,2.275,3.27
ATOM,2139.0,C,ALA,191.0,114.005,-61.55,93.307,0.51,2.0,0.0
ATOM,2140.0,O,ALA,191.0,114.822,-61.942,92.474,-0.51,1.7,0.89
ATOM,2141.0,CB,ALA,191.0,111.963,-62.851,93.933,-0.27,2.06,13.37
ATOM,2142.0,H,ALA,191.0,112.624,-61.906,96.295,0.31,0.2245,0.0
ATOM,2143.0,HA,ALA,191.0,113.95,-63.353,94.33,0.09,1.32,1.02
ATOM,2144.0,HB1,ALA,191.0,111.934,-63.132,92.975,0.09,1.32,1.86
ATOM,2145.0,HB2,ALA,191.0,111.63,-63.595,94.51,0.09,1.32,2.95
ATOM,2146.0,HB3,ALA,191.0,111.388,-62.045,94.063,0.09,1.32,0.0
ATOM,2147.0,N,LEU,192.0,113.603,-60.285,93.389,-0.47,1.85,0.0
ATOM,2148.0,CA,LEU,192.0,114.117,-59.273,92.481,0.07,2.275,0.0
ATOM,2149.0,C,LEU,192.0,115.63,-59.183,92.616,0.51,2.0,0.0
ATOM,2150.0,O,LEU,192.0,116.358,-59.4,91.647,-0.51,1.7,0.0
ATOM,2151.0,CB,LEU,192.0,113.493,-57.912,92.782,-0.18,2.175,0.04
ATOM,2152.0,CG,LEU,192.0,114.093,-56.751,91.986,-0.09,2.275,0.0
ATOM,2153.0,CD1,LEU,192.0,113.671,-56.865,90.53,-0.27,2.06,0.0
ATOM,2154.0,CD2,LEU,192.0,113.646,-55.421,92.581,-0.27,2.06,0.19
ATOM,2155.0,H,LEU,192.0,112.912,-60.093,94.136,0.31,0.2245,0.0
ATOM,2156.0,HA,LEU,192.0,113.898,-59.542,91.54,0.09,1.32,0.0
ATOM,2157.0,HB2,LEU,192.0,112.531,-57.959,92.557,0.09,1.32,0.0
ATOM,2158.0,HB3,LEU,192.0,113.63,-57.717,93.741,0.09,1.32,0.0
ATOM,2159.0,HG,LEU,192.0,115.085,-56.793,92.049,0.09,1.32,0.0
ATOM,2160.0,HD11,LEU,192.0,112.673,-56.832,90.467,0.09,1.32,0.0
ATOM,2161.0,HD12,LEU,192.0,114.062,-56.107,90.007,0.09,1.32,0.0
ATOM,2162.0,HD13,LEU,192.0,113.999,-57.732,90.153,0.09,1.32,0.0
ATOM,2163.0,HD21,LEU,192.0,113.953,-55.361,93.531,0.09,1.32,0.0
ATOM,2164.0,HD22,LEU,192.0,114.043,-54.669,92.054,0.09,1.32,0.0
ATOM,2165.0,HD23,LEU,192.0,112.648,-55.36,92.549,0.09,1.32,1.39
ATOM,2166.0,N,GLU,193.0,116.097,-58.874,93.823,-0.47,1.85,0.0
ATOM,2167.0,CA,GLU,193.0,117.529,-58.754,94.085,0.07,2.275,0.0
ATOM,2168.0,C,GLU,193.0,118.279,-59.975,93.577,0.51,2.0,0.0
ATOM,2169.0,O,GLU,193.0,119.395,-59.867,93.068,-0.51,1.7,0.0
ATOM,2170.0,CB,GLU,193.0,117.79,-58.588,95.582,-0.18,2.175,0.09
ATOM,2171.0,CG,GLU,193.0,119.262,-58.413,95.93,-0.28,2.175,5.19
ATOM,2172.0,CD,GLU,193.0,119.479,-57.891,97.34,0.62,2.0,3.09
ATOM,2173.0,OE1,GLU,193.0,118.573,-58.048,98.188,-0.76,1.7,29.13
ATOM,2174.0,OE2,GLU,193.0,120.561,-57.323,97.602,-0.76,1.7,39.9
ATOM,2175.0,H,GLU,193.0,115.369,-58.728,94.548,0.31,0.2245,0.0
ATOM,2176.0,HA,GLU,193.0,117.886,-57.927,93.634,0.09,1.32,0.19
ATOM,2177.0,HB2,GLU,193.0,117.316,-57.781,95.882,0.09,1.32,0.0
ATOM,2178.0,HB3,GLU,193.0,117.472,-59.399,96.035,0.09,1.32,1.19
ATOM,2179.0,HG2,GLU,193.0,119.699,-59.291,95.868,0.09,1.32,5.41
ATOM,2180.0,HG3,GLU,193.0,119.651,-57.758,95.308,0.09,1.32,2.99
ATOM,2181.0,N,LEU,194.0,117.661,-61.141,93.725,-0.47,1.85,0.56
ATOM,2182.0,CA,LEU,194.0,118.277,-62.377,93.266,0.07,2.275,2.19
ATOM,2183.0,C,LEU,194.0,118.368,-62.353,91.744,0.51,2.0,0.0
ATOM,2184.0,O,LEU,194.0,119.46,-62.376,91.178,-0.51,1.7,0.0
ATOM,2185.0,CB,LEU,194.0,117.447,-63.581,93.719,-0.18,2.175,0.86
ATOM,2186.0,CG,LEU,194.0,117.838,-64.925,93.1,-0.09,2.275,0.0
ATOM,2187.0,CD1,LEU,194.0,119.196,-65.341,93.638,-0.27,2.06,27.41
ATOM,2188.0,CD2,LEU,194.0,116.774,-65.981,93.411,-0.27,2.06,27.79
ATOM,2189.0,H,LEU,194.0,116.734,-61.093,94.18,0.31,0.2245,0.0
ATOM,2190.0,HA,LEU,194.0,119.203,-62.434,93.637,0.09,1.32,3.24
ATOM,2191.0,HB2,LEU,194.0,117.547,-63.668,94.704,0.09,1.32,7.49
ATOM,2192.0,HB3,LEU,194.0,116.5,-63.407,93.479,0.09,1.32,0.0
ATOM,2193.0,HG,LEU,194.0,117.887,-64.825,92.113,0.09,1.32,0.0
ATOM,2194.0,HD11,LEU,194.0,119.15,-65.43,94.634,0.09,1.32,9.41
ATOM,2195.0,HD12,LEU,194.0,119.461,-66.22,93.239,0.09,1.32,2.27
ATOM,2196.0,HD13,LEU,194.0,119.878,-64.649,93.399,0.09,1.32,1.78
ATOM,2197.0,HD21,LEU,194.0,115.897,-65.688,93.032,0.09,1.32,5.71
ATOM,2198.0,HD22,LEU,194.0,117.043,-66.851,93.001,0.09,1.32,1.84
ATOM,2199.0,HD23,LEU,194.0,116.694,-66.087,94.401,0.09,1.32,9.86
ATOM,2200.0,N,ALA,195.0,117.209,-62.296,91.092,-0.47,1.85,0.0
ATOM,2201.0,CA,ALA,195.0,117.139,-62.269,89.637,0.07,2.275,0.0
ATOM,2202.0,C,ALA,195.0,118.103,-61.223,89.11,0.51,2.0,0.0
ATOM,2203.0,O,ALA,195.0,118.769,-61.421,88.098,-0.51,1.7,0.0
ATOM,2204.0,CB,ALA,195.0,115.726,-61.947,89.192,-0.27,2.06,0.03
ATOM,2205.0,H,ALA,195.0,116.368,-62.273,91.706,0.31,0.2245,0.0
ATOM,2206.0,HA,ALA,195.0,117.41,-63.166,89.283,0.09,1.32,0.0
ATOM,2207.0,HB1,ALA,195.0,115.731,-61.667,88.231,0.09,1.32,0.0
ATOM,2208.0,HB2,ALA,195.0,115.147,-62.756,89.297,0.09,1.32,2.28
ATOM,2209.0,HB3,ALA,195.0,115.358,-61.203,89.751,0.09,1.32,0.0
ATOM,2210.0,N,LEU,196.0,118.179,-60.105,89.812,-0.47,1.85,0.0
ATOM,2211.0,CA,LEU,196.0,119.067,-59.038,89.405,0.07,2.275,0.0
ATOM,2212.0,C,LEU,196.0,120.484,-59.557,89.234,0.51,2.0,0.0
ATOM,2213.0,O,LEU,196.0,121.216,-59.1,88.359,-0.51,1.7,4.38
ATOM,2214.0,CB,LEU,196.0,119.053,-57.92,90.443,-0.18,2.175,0.67
ATOM,2215.0,CG,LEU,196.0,118.484,-56.57,89.994,-0.09,2.275,0.18
ATOM,2216.0,CD1,LEU,196.0,118.678,-56.37,88.488,-0.27,2.06,0.55
ATOM,2217.0,CD2,LEU,196.0,117.015,-56.51,90.356,-0.27,2.06,0.0
ATOM,2218.0,H,LEU,196.0,117.569,-60.065,90.646,0.31,0.2245,0.0
ATOM,2219.0,HA,LEU,196.0,118.754,-58.674,88.52,0.09,1.32,0.0
ATOM,2220.0,HB2,LEU,196.0,118.504,-58.227,91.219,0.09,1.32,0.0
ATOM,2221.0,HB3,LEU,196.0,119.993,-57.761,90.737,0.09,1.32,0.0
ATOM,2222.0,HG,LEU,196.0,118.955,-55.838,90.486,0.09,1.32,0.28
ATOM,2223.0,HD11,LEU,196.0,118.206,-57.099,87.995,0.09,1.32,0.0
ATOM,2224.0,HD12,LEU,196.0,118.3,-55.485,88.222,0.09,1.32,0.0
ATOM,2225.0,HD13,LEU,196.0,119.653,-56.396,88.275,0.09,1.32,0.0
ATOM,2226.0,HD21,LEU,196.0,116.906,-56.607,91.347,0.09,1.32,0.0
ATOM,2227.0,HD22,LEU,196.0,116.631,-55.631,90.067,0.09,1.32,0.0
ATOM,2228.0,HD23,LEU,196.0,116.523,-57.252,89.896,0.09,1.32,0.0
ATOM,2229.0,N,ASN,197.0,120.869,-60.518,90.066,-0.47,1.85,0.0
ATOM,2230.0,CA,ASN,197.0,122.214,-61.081,90.001,0.07,2.275,0.61
ATOM,2231.0,C,ASN,197.0,122.307,-62.344,89.153,0.51,2.0,0.21
ATOM,2232.0,O,ASN,197.0,123.296,-62.556,88.456,-0.51,1.7,22.38
ATOM,2233.0,CB,ASN,197.0,122.728,-61.371,91.41,-0.18,2.175,14.14
ATOM,2234.0,CG,ASN,197.0,123.089,-60.11,92.161,0.55,2.0,1.72
ATOM,2235.0,H,ASN,197.0,120.151,-60.825,90.746,0.31,0.2245,0.0
ATOM,2236.0,HA,ASN,197.0,122.807,-60.384,89.559,0.09,1.32,3.5
ATOM,2237.0,HB2,ASN,197.0,122.014,-61.849,91.913,0.09,1.32,0.16
ATOM,2238.0,HB3,ASN,197.0,123.54,-61.943,91.337,0.09,1.32,9.02
ATOM,2239.0,OD1,ASN,197.0,124.237,-59.671,92.139,-0.55,1.7,20.98
ATOM,2240.0,ND2,ASN,197.0,122.107,-59.515,92.828,-0.62,1.85,7.35
ATOM,2241.0,HD22,ASN,197.0,121.187,-59.911,92.819,0.3,0.2245,0.0
ATOM,2242.0,HD21,ASN,197.0,122.283,-58.675,93.339,0.32,0.2245,6.25
ATOM,2243.0,N,GLN,198.0,121.284,-63.188,89.216,-0.47,1.85,0.1
ATOM,2244.0,CA,GLN,198.0,121.284,-64.414,88.433,0.07,2.275,3.1
ATOM,2245.0,C,GLN,198.0,121.451,-64.073,86.953,0.51,2.0,0.41
ATOM,2246.0,O,GLN,198.0,122.52,-64.278,86.383,-0.51,1.7,26.37
ATOM,2247.0,CB,GLN,198.0,119.978,-65.18,88.643,-0.18,2.175,1.76
ATOM,2248.0,CG,GLN,198.0,119.787,-65.713,90.052,-0.18,2.175,2.83
ATOM,2249.0,CD,GLN,198.0,118.55,-66.593,90.178,0.55,2.0,0.73
ATOM,2250.0,H,GLN,198.0,120.517,-62.906,89.847,0.31,0.2245,0.0
ATOM,2251.0,HA,GLN,198.0,122.074,-64.963,88.71,0.09,1.32,9.28
ATOM,2252.0,HB2,GLN,198.0,119.21,-64.569,88.434,0.09,1.32,0.0
ATOM,2253.0,HB3,GLN,198.0,119.957,-65.959,88.009,0.09,1.32,6.6
ATOM,2254.0,HG2,GLN,198.0,120.586,-66.256,90.304,0.09,1.32,6.81
ATOM,2255.0,HG3,GLN,198.0,119.691,-64.942,90.679,0.09,1.32,0.0
ATOM,2256.0,OE1,GLN,198.0,117.447,-66.197,89.792,-0.55,1.7,10.6
ATOM,2257.0,NE2,GLN,198.0,118.73,-67.791,90.723,-0.62,1.85,18.14
ATOM,2258.0,HE21,GLN,198.0,117.949,-68.427,90.852,0.32,0.2245,18.32
ATOM,2259.0,HE22,GLN,198.0,119.668,-68.064,91.01,0.3,0.2245,15.2
ATOM,2260.0,N,LYS,199.0,120.398,-63.541,86.338,-0.47,1.85,0.0
ATOM,2261.0,CA,LYS,199.0,120.43,-63.179,84.924,0.07,2.275,0.55
ATOM,2262.0,C,LYS,199.0,120.821,-61.721,84.717,0.51,2.0,1.35
ATOM,2263.0,O,LYS,199.0,121.119,-61.006,85.671,-0.51,1.7,3.86
ATOM,2264.0,CB,LYS,199.0,119.061,-63.435,84.292,-0.18,2.175,0.93
ATOM,2265.0,CG,LYS,199.0,118.673,-64.905,84.247,-0.18,2.175,13.34
ATOM,2266.0,CD,LYS,199.0,117.472,-65.194,85.132,-0.18,2.175,1.7
ATOM,2267.0,CE,LYS,199.0,116.427,-66.031,84.395,0.21,2.175,11.4
ATOM,2268.0,NZ,LYS,199.0,115.225,-66.34,85.232,-0.3,1.85,8.75
ATOM,2269.0,H,LYS,199.0,119.563,-63.408,86.943,0.31,0.2245,0.0
ATOM,2270.0,HA,LYS,199.0,121.107,-63.765,84.453,0.09,1.32,6.81
ATOM,2271.0,HB2,LYS,199.0,118.375,-62.946,84.824,0.09,1.32,0.0
ATOM,2272.0,HB3,LYS,199.0,119.079,-63.086,83.358,0.09,1.32,0.9
ATOM,2273.0,HG2,LYS,199.0,118.448,-65.154,83.304,0.09,1.32,6.68
ATOM,2274.0,HG3,LYS,199.0,119.447,-65.457,84.56,0.09,1.32,5.66
ATOM,2275.0,HD2,LYS,199.0,117.773,-65.701,85.931,0.09,1.32,1.37
ATOM,2276.0,HD3,LYS,199.0,117.052,-64.335,85.401,0.09,1.32,0.0
ATOM,2277.0,HE2,LYS,199.0,116.133,-65.53,83.572,0.05,1.32,0.0
ATOM,2278.0,HE3,LYS,199.0,116.853,-66.896,84.102,0.05,1.32,11.13
ATOM,2279.0,HZ1,LYS,199.0,114.867,-67.235,84.973,0.33,0.2245,20.4
ATOM,2280.0,HZ2,LYS,199.0,115.49,-66.347,86.194,0.33,0.2245,6.83
ATOM,2281.0,HZ3,LYS,199.0,114.53,-65.64,85.078,0.33,0.2245,0.0
ATOM,2282.0,N,LYS,200.0,120.827,-61.287,83.461,-0.47,1.85,1.08
ATOM,2283.0,CA,LYS,200.0,121.17,-59.909,83.126,0.07,2.275,0.86
ATOM,2284.0,C,LYS,200.0,119.9,-59.158,82.757,0.51,2.0,0.0
ATOM,2285.0,O,LYS,200.0,119.522,-59.1,81.588,-0.51,1.7,1.78
ATOM,2286.0,CB,LYS,200.0,122.14,-59.872,81.948,-0.18,2.175,13.7
ATOM,2287.0,CG,LYS,200.0,123.01,-58.626,81.913,-0.18,2.175,10.85
ATOM,2288.0,CD,LYS,200.0,122.452,-57.579,80.961,-0.18,2.175,2.44
ATOM,2289.0,CE,LYS,200.0,123.132,-56.227,81.158,0.21,2.175,12.17
ATOM,2290.0,NZ,LYS,200.0,124.623,-56.323,81.128,-0.3,1.85,13.66
ATOM,2291.0,H,LYS,200.0,120.571,-62.001,82.751,0.31,0.2245,6.81
ATOM,2292.0,HA,LYS,200.0,121.583,-59.473,83.925,0.09,1.32,2.87
ATOM,2293.0,HB2,LYS,200.0,122.736,-60.669,82.008,0.09,1.32,9.97
ATOM,2294.0,HB3,LYS,200.0,121.609,-59.908,81.104,0.09,1.32,4.34
ATOM,2295.0,HG2,LYS,200.0,123.056,-58.234,82.833,0.09,1.32,5.92
ATOM,2296.0,HG3,LYS,200.0,123.931,-58.878,81.613,0.09,1.32,6.9
ATOM,2297.0,HD2,LYS,200.0,122.608,-57.877,80.026,0.09,1.32,10.92
ATOM,2298.0,HD3,LYS,200.0,121.479,-57.47,81.133,0.09,1.32,0.0
ATOM,2299.0,HE2,LYS,200.0,122.829,-55.603,80.43,0.05,1.32,7.57
ATOM,2300.0,HE3,LYS,200.0,122.846,-55.846,82.044,0.05,1.32,0.17
ATOM,2301.0,HZ1,LYS,200.0,124.888,-57.278,81.003,0.33,0.2245,9.62
ATOM,2302.0,HZ2,LYS,200.0,124.972,-55.774,80.37,0.33,0.2245,20.66
ATOM,2303.0,HZ3,LYS,200.0,124.992,-55.981,81.991,0.33,0.2245,18.49
ATOM,2304.0,N,VAL,201.0,119.247,-58.582,83.76,-0.47,1.85,0.95
ATOM,2305.0,CA,VAL,201.0,118.011,-57.848,83.549,0.07,2.275,0.0
ATOM,2306.0,C,VAL,201.0,118.197,-56.562,82.761,0.51,2.0,0.0
ATOM,2307.0,O,VAL,201.0,119.034,-55.725,83.099,-0.51,1.7,0.88
ATOM,2308.0,CB,VAL,201.0,117.348,-57.509,84.883,-0.09,2.275,0.0
ATOM,2309.0,CG1,VAL,201.0,116.053,-56.748,84.642,-0.27,2.06,0.0
ATOM,2310.0,CG2,VAL,201.0,117.087,-58.786,85.656,-0.27,2.06,0.0
ATOM,2311.0,H,VAL,201.0,119.692,-58.701,84.693,0.31,0.2245,1.48
ATOM,2312.0,HA,VAL,201.0,117.376,-58.446,83.024,0.09,1.32,0.0
ATOM,2313.0,HB,VAL,201.0,117.954,-56.897,85.381,0.09,1.32,0.02
ATOM,2314.0,HG11,VAL,201.0,115.279,-57.379,84.696,0.09,1.32,0.0
ATOM,2315.0,HG12,VAL,201.0,115.95,-56.035,85.336,0.09,1.32,0.0
ATOM,2316.0,HG13,VAL,201.0,116.076,-56.328,83.735,0.09,1.32,0.0
ATOM,2317.0,HG21,VAL,201.0,117.075,-58.585,86.637,0.09,1.32,0.0
ATOM,2318.0,HG22,VAL,201.0,116.203,-59.167,85.382,0.09,1.32,0.0
ATOM,2319.0,HG23,VAL,201.0,117.811,-59.448,85.46,0.09,1.32,0.0
ATOM,2320.0,N,ASN,202.0,117.396,-56.417,81.709,-0.47,1.85,0.0
ATOM,2321.0,CA,ASN,202.0,117.434,-55.242,80.846,0.07,2.275,0.0
ATOM,2322.0,C,ASN,202.0,116.52,-54.148,81.377,0.51,2.0,0.0
ATOM,2323.0,O,ASN,202.0,116.827,-52.96,81.254,-0.51,1.7,2.98
ATOM,2324.0,CB,ASN,202.0,116.99,-55.61,79.432,-0.18,2.175,0.0
ATOM,2325.0,CG,ASN,202.0,118.059,-56.347,78.661,0.55,2.0,0.0
ATOM,2326.0,H,ASN,202.0,116.739,-57.216,81.555,0.31,0.2245,0.0
ATOM,2327.0,HA,ASN,202.0,118.373,-54.882,80.875,0.09,1.32,1.83
ATOM,2328.0,HB2,ASN,202.0,116.183,-56.192,79.497,0.09,1.32,0.0
ATOM,2329.0,HB3,ASN,202.0,116.765,-54.769,78.945,0.09,1.32,2.15
ATOM,2330.0,OD1,ASN,202.0,117.913,-57.531,78.352,-0.55,1.7,1.06
ATOM,2331.0,ND2,ASN,202.0,119.144,-55.649,78.343,-0.62,1.85,2.9
ATOM,2332.0,HD22,ASN,202.0,119.221,-54.69,78.62,0.3,0.2245,12.6
ATOM,2333.0,HD21,ASN,202.0,119.885,-56.08,77.828,0.32,0.2245,10.73
ATOM,2334.0,N,LEU,203.0,115.394,-54.552,81.96,-0.47,1.85,0.0
ATOM,2335.0,CA,LEU,203.0,114.433,-53.598,82.501,0.07,2.275,0.0
ATOM,2336.0,C,LEU,203.0,113.427,-54.266,83.424,0.51,2.0,0.0
ATOM,2337.0,O,LEU,203.0,112.957,-55.377,83.158,-0.51,1.7,0.0
ATOM,2338.0,CB,LEU,203.0,113.692,-52.896,81.354,-0.18,2.175,0.77
ATOM,2339.0,CG,LEU,203.0,112.199,-52.578,81.51,-0.09,2.275,0.0
ATOM,2340.0,CD1,LEU,203.0,111.941,-51.143,81.084,-0.27,2.06,0.0
ATOM,2341.0,CD2,LEU,203.0,111.366,-53.531,80.668,-0.27,2.06,0.0
ATOM,2342.0,H,LEU,203.0,115.264,-55.58,81.994,0.31,0.2245,0.0
ATOM,2343.0,HA,LEU,203.0,114.938,-52.9,83.03,0.09,1.32,0.0
ATOM,2344.0,HB2,LEU,203.0,114.163,-52.021,81.179,0.09,1.32,0.0
ATOM,2345.0,HB3,LEU,203.0,113.787,-53.473,80.533,0.09,1.32,0.0
ATOM,2346.0,HG,LEU,203.0,111.943,-52.695,82.464,0.09,1.32,0.0
ATOM,2347.0,HD11,LEU,203.0,112.209,-51.024,80.127,0.09,1.32,0.0
ATOM,2348.0,HD12,LEU,203.0,110.968,-50.933,81.185,0.09,1.32,0.0
ATOM,2349.0,HD13,LEU,203.0,112.476,-50.521,81.658,0.09,1.32,0.0
ATOM,2350.0,HD21,LEU,203.0,111.531,-54.473,80.965,0.09,1.32,0.0
ATOM,2351.0,HD22,LEU,203.0,110.395,-53.314,80.778,0.09,1.32,0.0
ATOM,2352.0,HD23,LEU,203.0,111.62,-53.437,79.704,0.09,1.32,0.0
ATOM,2353.0,N,PHE,204.0,113.115,-53.584,84.517,-0.47,1.85,0.0
ATOM,2354.0,CA,PHE,204.0,112.143,-54.079,85.472,0.07,2.275,0.0
ATOM,2355.0,C,PHE,204.0,110.872,-53.302,85.196,0.51,2.0,0.0
ATOM,2356.0,O,PHE,204.0,110.891,-52.071,85.168,-0.51,1.7,0.0
ATOM,2357.0,CB,PHE,204.0,112.596,-53.812,86.902,-0.18,2.175,0.0
ATOM,2358.0,CG,PHE,204.0,111.537,-54.089,87.92,0.0,1.9924,0.0
ATOM,2359.0,CD1,PHE,204.0,111.041,-55.384,88.086,-0.115,1.9924,0.0
ATOM,2360.0,CD2,PHE,204.0,111.003,-53.06,88.684,-0.115,1.9924,0.0
ATOM,2361.0,CE1,PHE,204.0,110.021,-55.654,89.0,-0.115,1.9924,0.0
ATOM,2362.0,CE2,PHE,204.0,109.983,-53.316,89.601,-0.115,1.9924,0.0
ATOM,2363.0,CZ,PHE,204.0,109.49,-54.619,89.758,-0.115,1.9924,1.07
ATOM,2364.0,H,PHE,204.0,113.62,-52.681,84.625,0.31,0.2245,0.0
ATOM,2365.0,HA,PHE,204.0,111.959,-55.023,85.242,0.09,1.32,0.0
ATOM,2366.0,HB2,PHE,204.0,113.367,-54.401,87.091,0.09,1.32,0.0
ATOM,2367.0,HB3,PHE,204.0,112.845,-52.858,86.968,0.09,1.32,0.0
ATOM,2368.0,HD1,PHE,204.0,111.419,-56.131,87.546,0.115,1.3582,0.0
ATOM,2369.0,HD2,PHE,204.0,111.349,-52.131,88.58,0.115,1.3582,0.0
ATOM,2370.0,HE1,PHE,204.0,109.68,-56.592,89.1,0.115,1.3582,0.0
ATOM,2371.0,HE2,PHE,204.0,109.6,-52.56,90.15,0.115,1.3582,0.0
ATOM,2372.0,HZ,PHE,204.0,108.761,-54.799,90.413,0.115,1.3582,0.79
ATOM,2373.0,N,PHE,205.0,109.769,-54.011,85.001,-0.47,1.85,0.0
ATOM,2374.0,CA,PHE,205.0,108.519,-53.342,84.698,0.07,2.275,0.0
ATOM,2375.0,C,PHE,205.0,107.345,-53.855,85.499,0.51,2.0,0.0
ATOM,2376.0,O,PHE,205.0,107.143,-55.066,85.631,-0.51,1.7,0.0
ATOM,2377.0,CB,PHE,205.0,108.205,-53.483,83.211,-0.18,2.175,0.0
ATOM,2378.0,CG,PHE,205.0,106.791,-53.143,82.858,0.0,1.9924,0.0
ATOM,2379.0,CD1,PHE,205.0,106.449,-51.849,82.499,-0.115,1.9924,0.0
ATOM,2380.0,CD2,PHE,205.0,105.796,-54.116,82.892,-0.115,1.9924,0.0
ATOM,2381.0,CE1,PHE,205.0,105.136,-51.524,82.177,-0.115,1.9924,0.0
ATOM,2382.0,CE2,PHE,205.0,104.478,-53.804,82.572,-0.115,1.9924,0.05
ATOM,2383.0,CZ,PHE,205.0,104.146,-52.507,82.214,-0.115,1.9924,0.0
ATOM,2384.0,H,PHE,205.0,109.877,-55.032,85.081,0.31,0.2245,0.0
ATOM,2385.0,HA,PHE,205.0,108.641,-52.362,84.948,0.09,1.32,0.0
ATOM,2386.0,HB2,PHE,205.0,108.802,-52.869,82.716,0.09,1.32,0.0
ATOM,2387.0,HB3,PHE,205.0,108.368,-54.425,82.955,0.09,1.32,0.0
ATOM,2388.0,HD1,PHE,205.0,107.147,-51.139,82.468,0.115,1.3582,0.0
ATOM,2389.0,HD2,PHE,205.0,106.032,-55.054,83.15,0.115,1.3582,0.0
ATOM,2390.0,HE1,PHE,205.0,104.904,-50.58,81.92,0.115,1.3582,0.0
ATOM,2391.0,HE2,PHE,205.0,103.771,-54.526,82.604,0.115,1.3582,0.0
ATOM,2392.0,HZ,PHE,205.0,103.206,-52.269,81.982,0.115,1.3582,0.1
ATOM,2393.0,N,THR,206.0,106.557,-52.92,86.011,-0.47,1.85,0.0
ATOM,2394.0,CA,THR,206.0,105.386,-53.276,86.783,0.07,2.275,0.0
ATOM,2395.0,C,THR,206.0,104.503,-52.068,87.011,0.51,2.0,0.0
ATOM,2396.0,O,THR,206.0,104.909,-50.937,86.76,-0.51,1.7,0.0
ATOM,2397.0,CB,THR,206.0,105.766,-53.829,88.145,0.14,2.275,0.0
ATOM,2398.0,OG1,THR,206.0,104.573,-54.148,88.871,-0.66,1.77,0.23
ATOM,2399.0,CG2,THR,206.0,106.572,-52.799,88.924,-0.27,2.06,0.0
ATOM,2400.0,H,THR,206.0,106.847,-51.946,85.814,0.31,0.2245,0.0
ATOM,2401.0,HA,THR,206.0,104.857,-53.964,86.269,0.09,1.32,0.0
ATOM,2402.0,HB,THR,206.0,106.299,-54.691,88.023,0.09,1.32,0.0
ATOM,2403.0,HG21,THR,206.0,107.491,-53.154,89.107,0.09,1.32,0.0
ATOM,2404.0,HG22,THR,206.0,106.647,-51.953,88.392,0.09,1.32,0.0
ATOM,2405.0,HG23,THR,206.0,106.118,-52.6,89.795,0.09,1.32,0.0
ATOM,2406.0,HG1,THR,206.0,104.057,-53.311,89.081,0.43,0.2245,0.0
ATOM,2407.0,N,GLU,207.0,103.291,-52.32,87.489,-0.47,1.85,0.0
ATOM,2408.0,CA,GLU,207.0,102.344,-51.258,87.769,0.07,2.275,0.0
ATOM,2409.0,C,GLU,207.0,102.188,-51.125,89.28,0.51,2.0,0.0
ATOM,2410.0,O,GLU,207.0,102.192,-52.124,90.001,-0.51,1.7,0.93
ATOM,2411.0,CB,GLU,207.0,100.996,-51.587,87.143,-0.18,2.175,0.7
ATOM,2412.0,CG,GLU,207.0,100.676,-53.062,87.151,-0.28,2.175,0.0
ATOM,2413.0,CD,GLU,207.0,99.426,-53.39,86.356,0.62,2.0,1.14
ATOM,2414.0,OE1,GLU,207.0,99.435,-53.194,85.118,-0.76,1.7,4.1
ATOM,2415.0,OE2,GLU,207.0,98.432,-53.844,86.966,-0.76,1.7,0.6
ATOM,2416.0,H,GLU,207.0,103.086,-53.329,87.642,0.31,0.2245,0.0
ATOM,2417.0,HA,GLU,207.0,102.675,-50.394,87.392,0.09,1.32,0.0
ATOM,2418.0,HB2,GLU,207.0,100.302,-51.125,87.665,0.09,1.32,0.0
ATOM,2419.0,HB3,GLU,207.0,101.018,-51.288,86.207,0.09,1.32,0.0
ATOM,2420.0,HG2,GLU,207.0,101.424,-53.547,86.737,0.09,1.32,0.0
ATOM,2421.0,HG3,GLU,207.0,100.517,-53.345,88.079,0.09,1.32,0.0
ATOM,2422.0,N,SER,208.0,102.058,-49.891,89.754,-0.47,1.85,0.0
ATOM,2423.0,CA,SER,208.0,101.888,-49.636,91.177,0.07,2.275,0.0
ATOM,2424.0,C,SER,208.0,101.012,-48.399,91.364,0.51,2.0,0.0
ATOM,2425.0,O,SER,208.0,101.393,-47.299,90.973,-0.51,1.7,0.0
ATOM,2426.0,CB,SER,208.0,103.248,-49.424,91.843,0.05,2.175,0.0
ATOM,2427.0,OG,SER,208.0,103.096,-49.145,93.224,-0.66,1.77,0.0
ATOM,2428.0,H,SER,208.0,102.088,-49.142,89.036,0.31,0.2245,0.0
ATOM,2429.0,HA,SER,208.0,101.409,-50.415,91.581,0.09,1.32,0.0
ATOM,2430.0,HB2,SER,208.0,103.79,-50.251,91.737,0.09,1.32,0.0
ATOM,2431.0,HB3,SER,208.0,103.703,-48.655,91.405,0.09,1.32,0.0
ATOM,2432.0,HG,SER,208.0,102.126,-49.161,93.462,0.43,0.2245,0.0
ATOM,2433.0,N,PRO,209.0,99.826,-48.562,91.966,-0.29,1.85,0.0
ATOM,2434.0,CA,PRO,209.0,99.257,-49.813,92.479,0.02,2.275,0.0
ATOM,2435.0,C,PRO,209.0,99.123,-50.877,91.4,0.51,2.0,0.0
ATOM,2436.0,O,PRO,209.0,99.336,-50.601,90.22,-0.51,1.7,0.0
ATOM,2437.0,CB,PRO,209.0,97.895,-49.397,93.034,-0.18,2.175,0.0
ATOM,2438.0,CG,PRO,209.0,97.99,-47.922,93.23,-0.18,2.175,0.39
ATOM,2439.0,CD,PRO,209.0,98.923,-47.42,92.183,0.0,2.175,0.0
ATOM,2440.0,HA,PRO,209.0,99.806,-50.159,93.258,0.09,1.32,0.0
ATOM,2441.0,HB2,PRO,209.0,97.162,-49.627,92.384,0.09,1.32,0.0
ATOM,2442.0,HB3,PRO,209.0,97.709,-49.865,93.904,0.09,1.32,0.0
ATOM,2443.0,HG2,PRO,209.0,97.077,-47.497,93.139,0.09,1.32,0.36
ATOM,2444.0,HG3,PRO,209.0,98.336,-47.714,94.157,0.09,1.32,0.0
ATOM,2445.0,HD2,PRO,209.0,98.443,-47.19,91.335,0.09,1.32,0.0
ATOM,2446.0,HD3,PRO,209.0,99.44,-46.621,92.496,0.09,1.32,0.0
ATOM,2447.0,N,THR,210.0,98.759,-52.088,91.813,-0.47,1.85,0.0
ATOM,2448.0,CA,THR,210.0,98.596,-53.203,90.893,0.07,2.275,0.0
ATOM,2449.0,C,THR,210.0,97.125,-53.433,90.539,0.51,2.0,0.0
ATOM,2450.0,O,THR,210.0,96.241,-52.756,91.056,-0.51,1.7,0.0
ATOM,2451.0,CB,THR,210.0,99.177,-54.487,91.509,0.14,2.275,0.44
ATOM,2452.0,OG1,THR,210.0,99.929,-55.19,90.518,-0.66,1.77,0.0
ATOM,2453.0,CG2,THR,210.0,98.072,-55.389,92.028,-0.27,2.06,0.0
ATOM,2454.0,H,THR,210.0,98.603,-52.165,92.841,0.31,0.2245,0.0
ATOM,2455.0,HA,THR,210.0,99.094,-52.994,90.04,0.09,1.32,0.0
ATOM,2456.0,HB,THR,210.0,99.809,-54.231,92.268,0.09,1.32,0.09
ATOM,2457.0,HG21,THR,210.0,98.462,-56.251,92.36,0.09,1.32,0.0
ATOM,2458.0,HG22,THR,210.0,97.588,-54.938,92.782,0.09,1.32,0.0
ATOM,2459.0,HG23,THR,210.0,97.419,-55.588,91.293,0.09,1.32,0.0
ATOM,2460.0,HG1,THR,210.0,100.688,-54.621,90.183,0.43,0.2245,0.51
ATOM,2461.0,N,ASN,211.0,96.869,-54.387,89.651,-0.47,1.85,0.0
ATOM,2462.0,CA,ASN,211.0,95.504,-54.711,89.249,0.07,2.275,0.0
ATOM,2463.0,C,ASN,211.0,95.221,-56.203,89.383,0.51,2.0,0.0
ATOM,2464.0,O,ASN,211.0,95.959,-57.041,88.871,-0.51,1.7,2.15
ATOM,2465.0,CB,ASN,211.0,95.248,-54.29,87.798,-0.18,2.175,0.92
ATOM,2466.0,CG,ASN,211.0,93.829,-54.615,87.337,0.55,2.0,0.0
ATOM,2467.0,H,ASN,211.0,97.706,-54.872,89.276,0.31,0.2245,0.0
ATOM,2468.0,HA,ASN,211.0,94.885,-54.235,89.887,0.09,1.32,0.0
ATOM,2469.0,HB2,ASN,211.0,95.385,-53.308,87.725,0.09,1.32,0.0
ATOM,2470.0,HB3,ASN,211.0,95.888,-54.775,87.211,0.09,1.32,0.0
ATOM,2471.0,OD1,ASN,211.0,93.142,-53.771,86.76,-0.55,1.7,4.85
ATOM,2472.0,ND2,ASN,211.0,93.387,-55.842,87.589,-0.62,1.85,3.98
ATOM,2473.0,HD22,ASN,211.0,93.981,-56.494,88.066,0.3,0.2245,0.1
ATOM,2474.0,HD21,ASN,211.0,92.47,-56.115,87.307,0.32,0.2245,4.88
ATOM,2475.0,N,PRO,212.0,94.125,-56.551,90.058,-0.29,1.85,0.0
ATOM,2476.0,CA,PRO,212.0,93.15,-55.658,90.685,0.02,2.275,0.31
ATOM,2477.0,C,PRO,212.0,93.329,-55.502,92.203,0.51,2.0,0.0
ATOM,2478.0,O,PRO,212.0,92.569,-54.782,92.852,-0.51,1.7,0.32
ATOM,2479.0,CB,PRO,212.0,91.826,-56.323,90.353,-0.18,2.175,0.0
ATOM,2480.0,CG,PRO,212.0,92.178,-57.828,90.278,-0.18,2.175,0.0
ATOM,2481.0,CD,PRO,212.0,93.693,-57.953,90.168,0.0,2.175,1.74
ATOM,2482.0,HA,PRO,212.0,93.161,-54.743,90.235,0.09,1.32,0.01
ATOM,2483.0,HB2,PRO,212.0,91.148,-56.177,91.068,0.09,1.32,0.0
ATOM,2484.0,HB3,PRO,212.0,91.469,-56.022,89.474,0.09,1.32,0.0
ATOM,2485.0,HG2,PRO,212.0,91.836,-58.291,91.105,0.09,1.32,0.0
ATOM,2486.0,HG3,PRO,212.0,91.723,-58.236,89.477,0.09,1.32,0.0
ATOM,2487.0,HD2,PRO,212.0,94.075,-58.38,90.981,0.09,1.32,0.0
ATOM,2488.0,HD3,PRO,212.0,93.95,-58.47,89.356,0.09,1.32,1.9
ATOM,2489.0,N,PHE,213.0,94.328,-56.173,92.763,-0.47,1.85,0.0
ATOM,2490.0,CA,PHE,213.0,94.556,-56.131,94.201,0.07,2.275,0.0
ATOM,2491.0,C,PHE,213.0,95.326,-54.907,94.677,0.51,2.0,0.0
ATOM,2492.0,O,PHE,213.0,95.799,-54.857,95.807,-0.51,1.7,0.1
ATOM,2493.0,CB,PHE,213.0,95.271,-57.411,94.633,-0.18,2.175,1.44
ATOM,2494.0,CG,PHE,213.0,94.538,-58.669,94.253,0.0,1.9924,0.46
ATOM,2495.0,CD1,PHE,213.0,93.245,-58.902,94.712,-0.115,1.9924,0.3
ATOM,2496.0,CD2,PHE,213.0,95.137,-59.621,93.435,-0.115,1.9924,5.68
ATOM,2497.0,CE1,PHE,213.0,92.558,-60.066,94.365,-0.115,1.9924,0.89
ATOM,2498.0,CE2,PHE,213.0,94.457,-60.79,93.081,-0.115,1.9924,5.51
ATOM,2499.0,CZ,PHE,213.0,93.166,-61.011,93.548,-0.115,1.9924,3.34
ATOM,2500.0,H,PHE,213.0,94.916,-56.715,92.104,0.31,0.2245,0.0
ATOM,2501.0,HA,PHE,213.0,93.639,-56.089,94.643,0.09,1.32,0.0
ATOM,2502.0,HB2,PHE,213.0,96.155,-57.428,94.193,0.09,1.32,0.0
ATOM,2503.0,HB3,PHE,213.0,95.357,-57.393,95.617,0.09,1.32,0.17
ATOM,2504.0,HD1,PHE,213.0,92.797,-58.231,95.296,0.115,1.3582,0.0
ATOM,2505.0,HD2,PHE,213.0,96.064,-59.47,93.094,0.115,1.3582,0.0
ATOM,2506.0,HE1,PHE,213.0,91.626,-60.212,94.711,0.115,1.3582,0.0
ATOM,2507.0,HE2,PHE,213.0,94.912,-61.47,92.487,0.115,1.3582,2.43
ATOM,2508.0,HZ,PHE,213.0,92.676,-61.843,93.299,0.115,1.3582,0.0
ATOM,2509.0,N,LEU,214.0,95.449,-53.919,93.808,-0.47,1.85,0.0
ATOM,2510.0,CA,LEU,214.0,96.149,-52.688,94.15,0.07,2.275,0.0
ATOM,2511.0,C,LEU,214.0,97.391,-52.876,95.011,0.51,2.0,0.0
ATOM,2512.0,O,LEU,214.0,97.617,-52.115,95.947,-0.51,1.7,0.0
ATOM,2513.0,CB,LEU,214.0,95.196,-51.731,94.856,-0.18,2.175,0.0
ATOM,2514.0,CG,LEU,214.0,93.777,-51.748,94.295,-0.09,2.275,0.0
ATOM,2515.0,CD1,LEU,214.0,92.78,-51.679,95.431,-0.27,2.06,0.0
ATOM,2516.0,CD2,LEU,214.0,93.592,-50.581,93.339,-0.27,2.06,1.15
ATOM,2517.0,H,LEU,214.0,95.014,-54.091,92.881,0.31,0.2245,0.0
ATOM,2518.0,HA,LEU,214.0,96.432,-52.228,93.281,0.09,1.32,0.0
ATOM,2519.0,HB2,LEU,214.0,95.143,-51.995,95.806,0.09,1.32,0.0
ATOM,2520.0,HB3,LEU,214.0,95.547,-50.815,94.752,0.09,1.32,0.0
ATOM,2521.0,HG,LEU,214.0,93.642,-52.592,93.781,0.09,1.32,0.0
ATOM,2522.0,HD11,LEU,214.0,92.919,-50.835,95.953,0.09,1.32,0.0
ATOM,2523.0,HD12,LEU,214.0,91.848,-51.69,95.065,0.09,1.32,0.0
ATOM,2524.0,HD13,LEU,214.0,92.904,-52.466,96.039,0.09,1.32,0.0
ATOM,2525.0,HD21,LEU,214.0,94.247,-50.657,92.586,0.09,1.32,0.0
ATOM,2526.0,HD22,LEU,214.0,92.661,-50.593,92.971,0.09,1.32,0.49
ATOM,2527.0,HD23,LEU,214.0,93.745,-49.72,93.827,0.09,1.32,0.56
ATOM,2528.0,N,ARG,215.0,98.189,-53.89,94.709,-0.47,1.85,0.0
ATOM,2529.0,CA,ARG,215.0,99.418,-54.116,95.454,0.07,2.275,0.0
ATOM,2530.0,C,ARG,215.0,100.368,-52.999,95.05,0.51,2.0,0.0
ATOM,2531.0,O,ARG,215.0,100.283,-52.49,93.934,-0.51,1.7,0.6
ATOM,2532.0,CB,ARG,215.0,100.018,-55.467,95.088,-0.18,2.175,0.0
ATOM,2533.0,CG,ARG,215.0,99.069,-56.625,95.309,-0.18,2.175,0.0
ATOM,2534.0,CD,ARG,215.0,99.266,-57.241,96.68,0.2,2.175,1.65
ATOM,2535.0,NE,ARG,215.0,99.972,-58.518,96.599,-0.7,1.85,3.86
ATOM,2536.0,CZ,ARG,215.0,101.21,-58.726,97.043,0.64,2.0,1.38
ATOM,2537.0,NH1,ARG,215.0,101.9,-57.742,97.607,-0.8,1.85,1.76
ATOM,2538.0,NH2,ARG,215.0,101.76,-59.926,96.922,-0.8,1.85,12.52
ATOM,2539.0,H,ARG,215.0,97.872,-54.484,93.926,0.31,0.2245,0.0
ATOM,2540.0,HA,ARG,215.0,99.231,-54.043,96.422,0.09,1.32,0.0
ATOM,2541.0,HB2,ARG,215.0,100.267,-55.448,94.126,0.09,1.32,0.0
ATOM,2542.0,HB3,ARG,215.0,100.824,-55.615,95.651,0.09,1.32,0.0
ATOM,2543.0,HG2,ARG,215.0,98.128,-56.304,95.244,0.09,1.32,0.0
ATOM,2544.0,HG3,ARG,215.0,99.237,-57.33,94.625,0.09,1.32,0.0
ATOM,2545.0,HD2,ARG,215.0,99.797,-56.607,97.233,0.09,1.32,0.0
ATOM,2546.0,HD3,ARG,215.0,98.369,-57.387,97.087,0.09,1.32,3.2
ATOM,2547.0,HE,ARG,215.0,99.489,-59.296,96.177,0.44,0.2245,8.9
ATOM,2548.0,HH11,ARG,215.0,101.496,-56.838,97.725,0.46,0.2245,0.0
ATOM,2549.0,HH12,ARG,215.0,102.841,-57.909,97.92,0.46,0.2245,0.0
ATOM,2550.0,HH21,ARG,215.0,101.234,-60.677,96.515,0.46,0.2245,10.84
ATOM,2551.0,HH22,ARG,215.0,102.695,-60.086,97.236,0.46,0.2245,2.36
ATOM,2552.0,N,CYS,216.0,101.265,-52.611,95.946,-0.47,1.85,0.0
ATOM,2553.0,CA,CYS,216.0,102.199,-51.535,95.639,0.07,2.275,0.0
ATOM,2554.0,C,CYS,216.0,103.652,-51.947,95.765,0.51,2.0,0.0
ATOM,2555.0,O,CYS,216.0,104.008,-52.777,96.596,-0.51,1.7,0.07
ATOM,2556.0,CB,CYS,216.0,101.931,-50.336,96.541,-0.11,2.175,0.0
ATOM,2557.0,SG,CYS,216.0,100.244,-49.754,96.416,-0.23,2.0,0.0
ATOM,2558.0,H,CYS,216.0,101.244,-53.117,96.843,0.31,0.2245,0.0
ATOM,2559.0,HA,CYS,216.0,102.036,-51.242,94.679,0.09,1.32,0.0
ATOM,2560.0,HB2,CYS,216.0,102.105,-50.609,97.478,0.09,1.32,0.0
ATOM,2561.0,HB3,CYS,216.0,102.542,-49.603,96.269,0.09,1.32,0.0
ATOM,2562.0,HG,CYS,216.0,99.624,-50.529,96.271,0.16,0.45,0.0
ATOM,2563.0,N,VAL,217.0,104.491,-51.344,94.934,-0.47,1.85,0.0
ATOM,2564.0,CA,VAL,217.0,105.911,-51.646,94.926,0.07,2.275,0.0
ATOM,2565.0,C,VAL,217.0,106.717,-50.477,95.462,0.51,2.0,0.0
ATOM,2566.0,O,VAL,217.0,106.541,-49.346,95.015,-0.51,1.7,0.0
ATOM,2567.0,CB,VAL,217.0,106.385,-51.941,93.496,-0.09,2.275,0.0
ATOM,2568.0,CG1,VAL,217.0,107.876,-51.686,93.373,-0.27,2.06,0.03
ATOM,2569.0,CG2,VAL,217.0,106.046,-53.364,93.13,-0.27,2.06,0.52
ATOM,2570.0,H,VAL,217.0,104.049,-50.647,94.299,0.31,0.2245,0.0
ATOM,2571.0,HA,VAL,217.0,106.069,-52.437,95.531,0.09,1.32,0.04
ATOM,2572.0,HB,VAL,217.0,105.928,-51.301,92.886,0.09,1.32,0.0
ATOM,2573.0,HG11,VAL,217.0,108.042,-50.705,93.268,0.09,1.32,0.0
ATOM,2574.0,HG12,VAL,217.0,108.342,-52.014,94.195,0.09,1.32,0.2
ATOM,2575.0,HG13,VAL,217.0,108.235,-52.17,92.574,0.09,1.32,0.0
ATOM,2576.0,HG21,VAL,217.0,105.643,-53.829,93.921,0.09,1.32,0.0
ATOM,2577.0,HG22,VAL,217.0,105.389,-53.37,92.373,0.09,1.32,0.3
ATOM,2578.0,HG23,VAL,217.0,106.878,-53.847,92.85,0.09,1.32,0.8
ATOM,2579.0,N,ASP,218.0,107.603,-50.749,96.414,-0.47,1.85,0.0
ATOM,2580.0,CA,ASP,218.0,108.437,-49.692,96.967,0.07,2.275,0.0
ATOM,2581.0,C,ASP,218.0,109.339,-49.188,95.849,0.51,2.0,0.0
ATOM,2582.0,O,ASP,218.0,110.496,-49.591,95.726,-0.51,1.7,0.0
ATOM,2583.0,CB,ASP,218.0,109.286,-50.212,98.127,-0.28,2.175,3.08
ATOM,2584.0,CG,ASP,218.0,110.03,-49.098,98.843,0.62,2.0,0.0
ATOM,2585.0,OD1,ASP,218.0,110.318,-48.068,98.194,-0.76,1.7,0.14
ATOM,2586.0,OD2,ASP,218.0,110.325,-49.249,100.05,-0.76,1.7,9.39
ATOM,2587.0,H,ASP,218.0,107.644,-51.734,96.712,0.31,0.2245,3.3
ATOM,2588.0,HA,ASP,218.0,107.837,-48.94,97.221,0.09,1.32,0.0
ATOM,2589.0,HB2,ASP,218.0,108.682,-50.659,98.775,0.09,1.32,0.0
ATOM,2590.0,HB3,ASP,218.0,109.947,-50.854,97.762,0.09,1.32,0.0
ATOM,2591.0,N,ILE,219.0,108.782,-48.306,95.03,-0.47,1.85,0.0
ATOM,2592.0,CA,ILE,219.0,109.49,-47.728,93.903,0.07,2.275,0.0
ATOM,2593.0,C,ILE,219.0,110.904,-47.301,94.249,0.51,2.0,0.0
ATOM,2594.0,O,ILE,219.0,111.856,-47.772,93.632,-0.51,1.7,0.0
ATOM,2595.0,CB,ILE,219.0,108.74,-46.514,93.351,-0.09,2.275,0.0
ATOM,2596.0,CG1,ILE,219.0,107.41,-46.963,92.752,-0.18,2.175,0.0
ATOM,2597.0,CG2,ILE,219.0,109.581,-45.825,92.304,-0.27,2.06,0.0
ATOM,2598.0,CD1,ILE,219.0,106.309,-45.937,92.876,-0.27,2.06,0.0
ATOM,2599.0,H,ILE,219.0,107.791,-48.065,95.267,0.31,0.2245,0.0
ATOM,2600.0,HA,ILE,219.0,109.571,-48.463,93.21,0.09,1.32,0.0
ATOM,2601.0,HB,ILE,219.0,108.546,-45.9,94.106,0.09,1.32,0.0
ATOM,2602.0,HG12,ILE,219.0,107.553,-47.172,91.785,0.09,1.32,0.0
ATOM,2603.0,HG13,ILE,219.0,107.123,-47.8,93.219,0.09,1.32,0.0
ATOM,2604.0,HG21,ILE,219.0,109.097,-45.022,91.954,0.09,1.32,0.0
ATOM,2605.0,HG22,ILE,219.0,110.451,-45.534,92.704,0.09,1.32,0.0
ATOM,2606.0,HG23,ILE,219.0,109.763,-46.453,91.547,0.09,1.32,0.0
ATOM,2607.0,HD11,ILE,219.0,106.58,-45.099,92.403,0.09,1.32,0.0
ATOM,2608.0,HD12,ILE,219.0,105.472,-46.296,92.465,0.09,1.32,0.0
ATOM,2609.0,HD13,ILE,219.0,106.147,-45.737,93.842,0.09,1.32,0.0
ATOM,2610.0,N,GLU,220.0,111.04,-46.413,95.231,-0.47,1.85,0.0
ATOM,2611.0,CA,GLU,220.0,112.356,-45.922,95.634,0.07,2.275,0.0
ATOM,2612.0,C,GLU,220.0,113.368,-47.044,95.857,0.51,2.0,0.0
ATOM,2613.0,O,GLU,220.0,114.506,-46.988,95.375,-0.51,1.7,1.08
ATOM,2614.0,CB,GLU,220.0,112.246,-45.085,96.909,-0.18,2.175,2.11
ATOM,2615.0,CG,GLU,220.0,113.377,-44.076,97.062,-0.28,2.175,8.67
ATOM,2616.0,CD,GLU,220.0,113.685,-43.747,98.509,0.62,2.0,3.4
ATOM,2617.0,OE1,GLU,220.0,113.055,-44.348,99.407,-0.76,1.7,19.12
ATOM,2618.0,OE2,GLU,220.0,114.559,-42.883,98.745,-0.76,1.7,34.91
ATOM,2619.0,H,GLU,220.0,110.155,-46.109,95.673,0.31,0.2245,0.0
ATOM,2620.0,HA,GLU,220.0,112.711,-45.288,94.925,0.09,1.32,0.0
ATOM,2621.0,HB2,GLU,220.0,111.405,-44.584,96.867,0.09,1.32,1.33
ATOM,2622.0,HB3,GLU,220.0,112.287,-45.695,97.674,0.09,1.32,0.0
ATOM,2623.0,HG2,GLU,220.0,114.189,-44.463,96.664,0.09,1.32,0.57
ATOM,2624.0,HG3,GLU,220.0,113.107,-43.241,96.617,0.09,1.32,3.3
ATOM,2625.0,N,LEU,221.0,112.949,-48.061,96.595,-0.47,1.85,0.2
ATOM,2626.0,CA,LEU,221.0,113.815,-49.195,96.874,0.07,2.275,2.37
ATOM,2627.0,C,LEU,221.0,114.192,-49.901,95.574,0.51,2.0,0.0
ATOM,2628.0,O,LEU,221.0,115.36,-49.917,95.177,-0.51,1.7,0.0
ATOM,2629.0,CB,LEU,221.0,113.099,-50.173,97.808,-0.18,2.175,0.26
ATOM,2630.0,CG,LEU,221.0,113.845,-51.459,98.161,-0.09,2.275,0.0
ATOM,2631.0,CD1,LEU,221.0,115.241,-51.111,98.663,-0.27,2.06,19.9
ATOM,2632.0,CD2,LEU,221.0,113.061,-52.234,99.216,-0.27,2.06,17.09
ATOM,2633.0,H,LEU,221.0,111.977,-47.979,96.946,0.31,0.2245,0.0
ATOM,2634.0,HA,LEU,221.0,114.657,-48.861,97.307,0.09,1.32,1.02
ATOM,2635.0,HB2,LEU,221.0,112.91,-49.694,98.664,0.09,1.32,2.2
ATOM,2636.0,HB3,LEU,221.0,112.24,-50.436,97.373,0.09,1.32,0.0
ATOM,2637.0,HG,LEU,221.0,113.918,-52.027,97.348,0.09,1.32,0.0
ATOM,2638.0,HD11,LEU,221.0,115.169,-50.533,99.476,0.09,1.32,9.43
ATOM,2639.0,HD12,LEU,221.0,115.731,-51.951,98.895,0.09,1.32,5.78
ATOM,2640.0,HD13,LEU,221.0,115.74,-50.621,97.948,0.09,1.32,0.0
ATOM,2641.0,HD21,LEU,221.0,112.156,-52.463,98.857,0.09,1.32,0.06
ATOM,2642.0,HD22,LEU,221.0,113.552,-53.075,99.444,0.09,1.32,3.45
ATOM,2643.0,HD23,LEU,221.0,112.962,-51.671,100.037,0.09,1.32,6.62
ATOM,2644.0,N,VAL,222.0,113.188,-50.479,94.917,-0.47,1.85,0.0
ATOM,2645.0,CA,VAL,222.0,113.388,-51.194,93.665,0.07,2.275,0.0
ATOM,2646.0,C,VAL,222.0,114.296,-50.416,92.731,0.51,2.0,0.0
ATOM,2647.0,O,VAL,222.0,115.308,-50.93,92.265,-0.51,1.7,0.0
ATOM,2648.0,CB,VAL,222.0,112.061,-51.435,92.954,-0.09,2.275,0.0
ATOM,2649.0,CG1,VAL,222.0,112.292,-52.285,91.724,-0.27,2.06,0.0
ATOM,2650.0,CG2,VAL,222.0,111.087,-52.107,93.894,-0.27,2.06,3.57
ATOM,2651.0,H,VAL,222.0,112.257,-50.375,95.375,0.31,0.2245,0.0
ATOM,2652.0,HA,VAL,222.0,113.835,-52.074,93.874,0.09,1.32,0.0
ATOM,2653.0,HB,VAL,222.0,111.716,-50.557,92.641,0.09,1.32,0.0
ATOM,2654.0,HG11,VAL,222.0,112.63,-51.712,90.975,0.09,1.32,0.0
ATOM,2655.0,HG12,VAL,222.0,112.968,-52.996,91.926,0.09,1.32,0.0
ATOM,2656.0,HG13,VAL,222.0,111.433,-52.718,91.445,0.09,1.32,0.0
ATOM,2657.0,HG21,VAL,222.0,111.434,-53.012,94.146,0.09,1.32,0.42
ATOM,2658.0,HG22,VAL,222.0,110.979,-51.55,94.72,0.09,1.32,0.0
ATOM,2659.0,HG23,VAL,222.0,110.199,-52.206,93.442,0.09,1.32,0.0
ATOM,2660.0,N,SER,223.0,113.918,-49.174,92.456,-0.47,1.85,0.0
ATOM,2661.0,CA,SER,223.0,114.702,-48.307,91.588,0.07,2.275,0.0
ATOM,2662.0,C,SER,223.0,116.184,-48.424,91.928,0.51,2.0,0.0
ATOM,2663.0,O,SER,223.0,117.018,-48.674,91.051,-0.51,1.7,0.0
ATOM,2664.0,CB,SER,223.0,114.264,-46.852,91.766,0.05,2.175,1.56
ATOM,2665.0,OG,SER,223.0,113.239,-46.505,90.855,-0.66,1.77,0.0
ATOM,2666.0,H,SER,223.0,113.028,-48.879,92.907,0.31,0.2245,0.0
ATOM,2667.0,HA,SER,223.0,114.578,-48.616,90.641,0.09,1.32,0.0
ATOM,2668.0,HB2,SER,223.0,113.927,-46.73,92.697,0.09,1.32,0.0
ATOM,2669.0,HB3,SER,223.0,115.052,-46.26,91.61,0.09,1.32,2.37
ATOM,2670.0,HG,SER,223.0,113.546,-45.748,90.279,0.43,0.2245,0.0
ATOM,2671.0,N,LYS,224.0,116.501,-48.243,93.208,-0.47,1.85,0.3
ATOM,2672.0,CA,LYS,224.0,117.879,-48.312,93.689,0.07,2.275,1.71
ATOM,2673.0,C,LYS,224.0,118.555,-49.628,93.324,0.51,2.0,0.17
ATOM,2674.0,O,LYS,224.0,119.638,-49.633,92.74,-0.51,1.7,2.49
ATOM,2675.0,CB,LYS,224.0,117.91,-48.127,95.207,-0.18,2.175,0.36
ATOM,2676.0,CG,LYS,224.0,119.0,-47.183,95.703,-0.18,2.175,12.4
ATOM,2677.0,CD,LYS,224.0,118.781,-46.793,97.166,-0.18,2.175,13.8
ATOM,2678.0,CE,LYS,224.0,118.227,-45.378,97.294,0.21,2.175,12.91
ATOM,2679.0,NZ,LYS,224.0,117.887,-45.029,98.705,-0.3,1.85,12.76
ATOM,2680.0,H,LYS,224.0,115.689,-48.05,93.832,0.31,0.2245,0.0
ATOM,2681.0,HA,LYS,224.0,118.406,-47.552,93.275,0.09,1.32,3.75
ATOM,2682.0,HB2,LYS,224.0,117.026,-47.762,95.496,0.09,1.32,0.0
ATOM,2683.0,HB3,LYS,224.0,118.056,-49.022,95.628,0.09,1.32,1.73
ATOM,2684.0,HG2,LYS,224.0,119.887,-47.636,95.622,0.09,1.32,4.02
ATOM,2685.0,HG3,LYS,224.0,118.994,-46.354,95.146,0.09,1.32,6.62
ATOM,2686.0,HD2,LYS,224.0,118.131,-47.426,97.571,0.09,1.32,1.1
ATOM,2687.0,HD3,LYS,224.0,119.652,-46.837,97.642,0.09,1.32,11.43
ATOM,2688.0,HE2,LYS,224.0,118.913,-44.729,96.951,0.05,1.32,11.13
ATOM,2689.0,HE3,LYS,224.0,117.4,-45.301,96.728,0.05,1.32,1.77
ATOM,2690.0,HZ1,LYS,224.0,117.747,-45.869,99.227,0.33,0.2245,15.15
ATOM,2691.0,HZ2,LYS,224.0,118.638,-44.506,99.105,0.33,0.2245,20.19
ATOM,2692.0,HZ3,LYS,224.0,117.052,-44.482,98.717,0.33,0.2245,0.98
ATOM,2693.0,N,LEU,225.0,117.912,-50.738,93.676,-0.47,1.85,0.0
ATOM,2694.0,CA,LEU,225.0,118.446,-52.066,93.395,0.07,2.275,0.17
ATOM,2695.0,C,LEU,225.0,118.742,-52.256,91.917,0.51,2.0,0.0
ATOM,2696.0,O,LEU,225.0,119.865,-52.566,91.527,-0.51,1.7,1.03
ATOM,2697.0,CB,LEU,225.0,117.45,-53.136,93.832,-0.18,2.175,0.19
ATOM,2698.0,CG,LEU,225.0,117.262,-53.322,95.329,-0.09,2.275,0.0
ATOM,2699.0,CD1,LEU,225.0,116.26,-54.435,95.587,-0.27,2.06,0.0
ATOM,2700.0,CD2,LEU,225.0,118.603,-53.645,95.956,-0.27,2.06,15.29
ATOM,2701.0,H,LEU,225.0,117.006,-50.578,94.163,0.31,0.2245,0.0
ATOM,2702.0,HA,LEU,225.0,119.308,-52.18,93.911,0.09,1.32,0.0
ATOM,2703.0,HB2,LEU,225.0,116.559,-52.899,93.445,0.09,1.32,0.0
ATOM,2704.0,HB3,LEU,225.0,117.756,-54.009,93.457,0.09,1.32,0.61
ATOM,2705.0,HG,LEU,225.0,116.922,-52.472,95.726,0.09,1.32,0.0
ATOM,2706.0,HD11,LEU,225.0,116.597,-55.289,95.188,0.09,1.32,0.0
ATOM,2707.0,HD12,LEU,225.0,116.138,-54.555,96.573,0.09,1.32,1.25
ATOM,2708.0,HD13,LEU,225.0,115.381,-54.198,95.171,0.09,1.32,0.0
ATOM,2709.0,HD21,LEU,225.0,119.244,-52.894,95.788,0.09,1.32,1.84
ATOM,2710.0,HD22,LEU,225.0,118.493,-53.77,96.944,0.09,1.32,7.6
ATOM,2711.0,HD23,LEU,225.0,118.969,-54.487,95.556,0.09,1.32,1.9
ATOM,2712.0,N,CYS,226.0,117.715,-52.076,91.098,-0.47,1.85,0.0
ATOM,2713.0,CA,CYS,226.0,117.851,-52.24,89.664,0.07,2.275,0.0
ATOM,2714.0,C,CYS,226.0,118.98,-51.382,89.112,0.51,2.0,0.0
ATOM,2715.0,O,CYS,226.0,119.888,-51.884,88.459,-0.51,1.7,0.0
ATOM,2716.0,CB,CYS,226.0,116.53,-51.89,88.974,-0.11,2.175,0.0
ATOM,2717.0,SG,CYS,226.0,115.162,-52.999,89.405,-0.23,2.0,0.0
ATOM,2718.0,H,CYS,226.0,116.825,-51.813,91.566,0.31,0.2245,0.0
ATOM,2719.0,HA,CYS,226.0,118.072,-53.206,89.472,0.09,1.32,0.0
ATOM,2720.0,HB2,CYS,226.0,116.276,-50.965,89.239,0.09,1.32,0.0
ATOM,2721.0,HB3,CYS,226.0,116.672,-51.939,87.989,0.09,1.32,0.0
ATOM,2722.0,HG,CYS,226.0,114.389,-52.822,88.797,0.16,0.45,0.0
ATOM,2723.0,N,HIS,227.0,118.93,-50.087,89.387,-0.47,1.85,0.0
ATOM,2724.0,CA,HIS,227.0,119.952,-49.176,88.893,0.07,2.275,0.49
ATOM,2725.0,C,HIS,227.0,121.365,-49.619,89.24,0.51,2.0,0.17
ATOM,2726.0,O,HIS,227.0,122.327,-49.242,88.568,-0.51,1.7,19.67
ATOM,2727.0,CB,HIS,227.0,119.704,-47.776,89.448,-0.09,2.175,9.95
ATOM,2728.0,CG,HIS,227.0,118.541,-47.087,88.818,-0.05,1.8,0.8
ATOM,2729.0,H,HIS,227.0,118.126,-49.789,89.966,0.31,0.2245,0.0
ATOM,2730.0,HA,HIS,227.0,119.875,-49.129,87.881,0.09,1.32,1.62
ATOM,2731.0,HB2,HIS,227.0,119.537,-47.841,90.438,0.09,1.32,0.0
ATOM,2732.0,HB3,HIS,227.0,120.525,-47.215,89.298,0.09,1.32,8.17
ATOM,2733.0,ND1,HIS,227.0,118.342,-45.727,88.907,-0.36,1.85,8.19
ATOM,2734.0,CD2,HIS,227.0,117.525,-47.569,88.065,0.22,1.8,2.48
ATOM,2735.0,CE1,HIS,227.0,117.252,-45.401,88.234,0.25,1.8,9.58
ATOM,2736.0,NE2,HIS,227.0,116.739,-46.5,87.715,-0.7,1.85,0.21
ATOM,2737.0,HD1,HIS,227.0,118.93,-45.089,89.402,0.32,0.2245,19.34
ATOM,2738.0,HD2,HIS,227.0,117.374,-48.521,87.812,0.1,1.468,0.0
ATOM,2739.0,HE1,HIS,227.0,116.881,-44.482,88.137,0.13,0.9,6.73
ATOM,2740.0,N,GLU,228.0,121.488,-50.415,90.294,-0.47,1.85,0.14
ATOM,2741.0,CA,GLU,228.0,122.791,-50.9,90.727,0.07,2.275,1.7
ATOM,2742.0,C,GLU,228.0,123.311,-51.929,89.739,0.51,2.0,0.0
ATOM,2743.0,O,GLU,228.0,124.517,-52.084,89.566,-0.51,1.7,23.75
ATOM,2744.0,CB,GLU,228.0,122.681,-51.53,92.116,-0.18,2.175,0.25
ATOM,2745.0,CG,GLU,228.0,123.786,-51.128,93.078,-0.28,2.175,15.19
ATOM,2746.0,CD,GLU,228.0,123.477,-51.513,94.514,0.62,2.0,3.19
ATOM,2747.0,OE1,GLU,228.0,123.421,-52.728,94.812,-0.76,1.7,26.28
ATOM,2748.0,OE2,GLU,228.0,123.288,-50.599,95.345,-0.76,1.7,36.88
ATOM,2749.0,H,GLU,228.0,120.599,-50.655,90.769,0.31,0.2245,0.0
ATOM,2750.0,HA,GLU,228.0,123.436,-50.133,90.786,0.09,1.32,6.72
ATOM,2751.0,HB2,GLU,228.0,121.824,-51.241,92.508,0.09,1.32,0.0
ATOM,2752.0,HB3,GLU,228.0,122.722,-52.509,92.006,0.09,1.32,0.0
ATOM,2753.0,HG2,GLU,228.0,124.609,-51.595,92.816,0.09,1.32,6.81
ATOM,2754.0,HG3,GLU,228.0,123.884,-50.151,93.048,0.09,1.32,8.55
ATOM,2755.0,N,LYS,229.0,122.389,-52.624,89.085,-0.47,1.85,0.0
ATOM,2756.0,CA,LYS,229.0,122.748,-53.653,88.118,0.07,2.275,2.29
ATOM,2757.0,C,LYS,229.0,122.527,-53.221,86.668,0.51,2.0,1.93
ATOM,2758.0,O,LYS,229.0,122.568,-54.048,85.757,-0.51,1.7,13.16
ATOM,2759.0,CB,LYS,229.0,121.955,-54.931,88.411,-0.18,2.175,0.37
ATOM,2760.0,CG,LYS,229.0,122.063,-55.404,89.858,-0.18,2.175,2.58
ATOM,2761.0,CD,LYS,229.0,123.3,-56.267,90.063,-0.18,2.175,5.07
ATOM,2762.0,CE,LYS,229.0,124.156,-55.749,91.203,0.21,2.175,7.59
ATOM,2763.0,NZ,LYS,229.0,124.587,-56.857,92.097,-0.3,1.85,5.09
ATOM,2764.0,H,LYS,229.0,121.407,-52.375,89.318,0.31,0.2245,0.0
ATOM,2765.0,HA,LYS,229.0,123.73,-53.885,88.237,0.09,1.32,3.91
ATOM,2766.0,HB2,LYS,229.0,120.995,-54.755,88.211,0.09,1.32,0.0
ATOM,2767.0,HB3,LYS,229.0,122.3,-55.655,87.819,0.09,1.32,4.01
ATOM,2768.0,HG2,LYS,229.0,122.121,-54.607,90.456,0.09,1.32,0.0
ATOM,2769.0,HG3,LYS,229.0,121.253,-55.939,90.086,0.09,1.32,0.0
ATOM,2770.0,HD2,LYS,229.0,123.011,-57.195,90.277,0.09,1.32,0.0
ATOM,2771.0,HD3,LYS,229.0,123.841,-56.257,89.228,0.09,1.32,6.92
ATOM,2772.0,HE2,LYS,229.0,124.966,-55.298,90.824,0.05,1.32,7.93
ATOM,2773.0,HE3,LYS,229.0,123.627,-55.085,91.734,0.05,1.32,0.64
ATOM,2774.0,HZ1,LYS,229.0,124.744,-56.499,93.017,0.33,0.2245,16.27
ATOM,2775.0,HZ2,LYS,229.0,123.873,-57.556,92.127,0.33,0.2245,0.0
ATOM,2776.0,HZ3,LYS,229.0,125.433,-57.257,91.745,0.33,0.2245,14.76
ATOM,2777.0,N,GLY,230.0,122.289,-51.929,86.461,-0.47,1.85,2.17
ATOM,2778.0,CA,GLY,230.0,122.08,-51.416,85.117,-0.02,2.175,16.46
ATOM,2779.0,C,GLY,230.0,120.706,-51.642,84.503,0.51,2.0,0.15
ATOM,2780.0,O,GLY,230.0,120.47,-51.263,83.355,-0.51,1.7,23.17
ATOM,2781.0,H,GLY,230.0,122.267,-51.344,87.313,0.31,0.2245,0.0
ATOM,2782.0,HA2,GLY,230.0,122.282,-50.403,85.112,0.09,1.32,10.51
ATOM,2783.0,HA3,GLY,230.0,122.793,-51.823,84.49,0.09,1.32,9.95
ATOM,2784.0,N,ALA,231.0,119.796,-52.258,85.249,-0.47,1.85,0.0
ATOM,2785.0,CA,ALA,231.0,118.461,-52.51,84.733,0.07,2.275,0.0
ATOM,2786.0,C,ALA,231.0,117.678,-51.209,84.731,0.51,2.0,0.0
ATOM,2787.0,O,ALA,231.0,118.039,-50.261,85.424,-0.51,1.7,3.2
ATOM,2788.0,CB,ALA,231.0,117.756,-53.547,85.59,-0.27,2.06,0.0
ATOM,2789.0,H,ALA,231.0,120.112,-52.531,86.193,0.31,0.2245,0.0
ATOM,2790.0,HA,ALA,231.0,118.533,-52.844,83.792,0.09,1.32,0.0
ATOM,2791.0,HB1,ALA,231.0,116.768,-53.395,85.556,0.09,1.32,0.0
ATOM,2792.0,HB2,ALA,231.0,117.962,-54.463,85.246,0.09,1.32,0.0
ATOM,2793.0,HB3,ALA,231.0,118.07,-53.47,86.536,0.09,1.32,0.0
ATOM,2794.0,N,LEU,232.0,116.612,-51.163,83.942,-0.47,1.85,0.0
ATOM,2795.0,CA,LEU,232.0,115.771,-49.976,83.856,0.07,2.275,0.0
ATOM,2796.0,C,LEU,232.0,114.457,-50.24,84.581,0.51,2.0,0.0
ATOM,2797.0,O,LEU,232.0,113.994,-51.384,84.653,-0.51,1.7,0.0
ATOM,2798.0,CB,LEU,232.0,115.498,-49.627,82.393,-0.18,2.175,0.0
ATOM,2799.0,CG,LEU,232.0,116.651,-48.939,81.663,-0.09,2.275,1.66
ATOM,2800.0,CD1,LEU,232.0,116.583,-49.27,80.185,-0.27,2.06,16.42
ATOM,2801.0,CD2,LEU,232.0,116.573,-47.441,81.874,-0.27,2.06,10.35
ATOM,2802.0,H,LEU,232.0,116.432,-52.032,83.4,0.31,0.2245,0.0
ATOM,2803.0,HA,LEU,232.0,116.237,-49.218,84.311,0.09,1.32,0.0
ATOM,2804.0,HB2,LEU,232.0,115.301,-50.471,81.909,0.09,1.32,0.0
ATOM,2805.0,HB3,LEU,232.0,114.719,-49.014,82.365,0.09,1.32,0.0
ATOM,2806.0,HG,LEU,232.0,117.513,-49.265,82.039,0.09,1.32,0.95
ATOM,2807.0,HD11,LEU,232.0,115.713,-48.95,79.807,0.09,1.32,0.0
ATOM,2808.0,HD12,LEU,232.0,117.337,-48.821,79.704,0.09,1.32,8.51
ATOM,2809.0,HD13,LEU,232.0,116.654,-50.261,80.058,0.09,1.32,1.73
ATOM,2810.0,HD21,LEU,232.0,116.633,-47.234,82.852,0.09,1.32,0.0
ATOM,2811.0,HD22,LEU,232.0,117.33,-46.992,81.395,0.09,1.32,7.68
ATOM,2812.0,HD23,LEU,232.0,115.704,-47.094,81.516,0.09,1.32,0.0
ATOM,2813.0,N,VAL,233.0,113.856,-49.187,85.122,-0.47,1.85,0.0
ATOM,2814.0,CA,VAL,233.0,112.601,-49.352,85.834,0.07,2.275,0.0
ATOM,2815.0,C,VAL,233.0,111.463,-48.585,85.198,0.51,2.0,0.0
ATOM,2816.0,O,VAL,233.0,111.554,-47.375,84.992,-0.51,1.7,0.0
ATOM,2817.0,CB,VAL,233.0,112.718,-48.895,87.284,-0.09,2.275,0.0
ATOM,2818.0,CG1,VAL,233.0,111.463,-49.286,88.046,-0.27,2.06,0.0
ATOM,2819.0,CG2,VAL,233.0,113.94,-49.514,87.917,-0.27,2.06,0.0
ATOM,2820.0,H,VAL,233.0,114.338,-48.287,84.996,0.31,0.2245,0.0
ATOM,2821.0,HA,VAL,233.0,112.361,-50.339,85.821,0.09,1.32,0.0
ATOM,2822.0,HB,VAL,233.0,112.763,-47.902,87.292,0.09,1.32,0.0
ATOM,2823.0,HG11,VAL,233.0,110.66,-48.901,87.59,0.09,1.32,0.0
ATOM,2824.0,HG12,VAL,233.0,111.383,-50.283,88.072,0.09,1.32,0.0
ATOM,2825.0,HG13,VAL,233.0,111.515,-48.933,88.981,0.09,1.32,0.0
ATOM,2826.0,HG21,VAL,233.0,114.46,-48.809,88.403,0.09,1.32,0.0
ATOM,2827.0,HG22,VAL,233.0,113.66,-50.225,88.565,0.09,1.32,0.0
ATOM,2828.0,HG23,VAL,233.0,114.517,-49.921,87.206,0.09,1.32,0.0
ATOM,2829.0,N,CYS,234.0,110.388,-49.298,84.894,-0.47,1.85,0.0
ATOM,2830.0,CA,CYS,234.0,109.226,-48.677,84.298,0.07,2.275,0.0
ATOM,2831.0,C,CYS,234.0,108.017,-48.968,85.154,0.51,2.0,0.0
ATOM,2832.0,O,CYS,234.0,107.664,-50.128,85.381,-0.51,1.7,0.0
ATOM,2833.0,CB,CYS,234.0,108.992,-49.207,82.893,-0.11,2.175,0.0
ATOM,2834.0,SG,CYS,234.0,107.7,-48.301,82.04,-0.23,2.0,0.0
ATOM,2835.0,H,CYS,234.0,110.455,-50.308,85.116,0.31,0.2245,0.0
ATOM,2836.0,HA,CYS,234.0,109.369,-47.685,84.28,0.09,1.32,0.0
ATOM,2837.0,HB2,CYS,234.0,109.833,-49.114,82.38,0.09,1.32,0.0
ATOM,2838.0,HB3,CYS,234.0,108.719,-50.157,82.959,0.09,1.32,0.0
ATOM,2839.0,HG,CYS,234.0,106.857,-48.318,82.583,0.16,0.45,0.0
ATOM,2840.0,N,ILE,235.0,107.382,-47.905,85.627,-0.47,1.85,0.0
ATOM,2841.0,CA,ILE,235.0,106.219,-48.046,86.477,0.07,2.275,0.0
ATOM,2842.0,C,ILE,235.0,104.933,-47.619,85.805,0.51,2.0,0.0
ATOM,2843.0,O,ILE,235.0,104.842,-46.523,85.248,-0.51,1.7,0.0
ATOM,2844.0,CB,ILE,235.0,106.376,-47.234,87.773,-0.09,2.275,0.0
ATOM,2845.0,CG1,ILE,235.0,107.659,-47.654,88.491,-0.18,2.175,0.0
ATOM,2846.0,CG2,ILE,235.0,105.162,-47.452,88.676,-0.27,2.06,0.0
ATOM,2847.0,CD1,ILE,235.0,107.78,-49.154,88.706,-0.27,2.06,0.0
ATOM,2848.0,H,ILE,235.0,107.783,-46.992,85.341,0.31,0.2245,0.0
ATOM,2849.0,HA,ILE,235.0,106.129,-49.038,86.674,0.09,1.32,0.0
ATOM,2850.0,HB,ILE,235.0,106.459,-46.277,87.528,0.09,1.32,0.0
ATOM,2851.0,HG12,ILE,235.0,108.44,-47.342,87.954,0.09,1.32,0.0
ATOM,2852.0,HG13,ILE,235.0,107.683,-47.203,89.382,0.09,1.32,0.0
ATOM,2853.0,HG21,ILE,235.0,105.265,-46.906,89.505,0.09,1.32,0.0
ATOM,2854.0,HG22,ILE,235.0,104.336,-47.173,88.192,0.09,1.32,0.0
ATOM,2855.0,HG23,ILE,235.0,105.099,-48.418,88.917,0.09,1.32,0.0
ATOM,2856.0,HD11,ILE,235.0,107.769,-49.614,87.821,0.09,1.32,0.0
ATOM,2857.0,HD12,ILE,235.0,108.638,-49.349,89.177,0.09,1.32,0.0
ATOM,2858.0,HD13,ILE,235.0,107.012,-49.469,89.259,0.09,1.32,0.0
ATOM,2859.0,N,ASP,236.0,103.944,-48.505,85.867,-0.47,1.85,0.0
ATOM,2860.0,CA,ASP,236.0,102.637,-48.243,85.297,0.07,2.275,0.0
ATOM,2861.0,C,ASP,236.0,101.758,-47.678,86.411,0.51,2.0,0.0
ATOM,2862.0,O,ASP,236.0,100.996,-48.401,87.053,-0.51,1.7,0.0
ATOM,2863.0,CB,ASP,236.0,102.037,-49.538,84.739,-0.28,2.175,0.0
ATOM,2864.0,CG,ASP,236.0,100.704,-49.314,84.032,0.62,2.0,0.17
ATOM,2865.0,OD1,ASP,236.0,100.071,-48.258,84.258,-0.76,1.7,0.0
ATOM,2866.0,OD2,ASP,236.0,100.289,-50.2,83.251,-0.76,1.7,13.72
ATOM,2867.0,H,ASP,236.0,104.191,-49.393,86.356,0.31,0.2245,0.0
ATOM,2868.0,HA,ASP,236.0,102.742,-47.523,84.618,0.09,1.32,0.0
ATOM,2869.0,HB2,ASP,236.0,102.681,-49.92,84.087,0.09,1.32,0.0
ATOM,2870.0,HB3,ASP,236.0,101.893,-50.162,85.496,0.09,1.32,0.0
ATOM,2871.0,N,GLY,237.0,101.883,-46.376,86.639,-0.47,1.85,0.0
ATOM,2872.0,CA,GLY,237.0,101.103,-45.727,87.671,-0.02,2.175,0.0
ATOM,2873.0,C,GLY,237.0,99.703,-45.343,87.235,0.51,2.0,0.0
ATOM,2874.0,O,GLY,237.0,99.155,-44.359,87.724,-0.51,1.7,0.0
ATOM,2875.0,H,GLY,237.0,102.564,-45.888,86.033,0.31,0.2245,0.0
ATOM,2876.0,HA2,GLY,237.0,101.041,-46.342,88.484,0.09,1.32,0.0
ATOM,2877.0,HA3,GLY,237.0,101.594,-44.889,87.988,0.09,1.32,0.22
ATOM,2878.0,N,THR,238.0,99.116,-46.112,86.325,-0.47,1.85,0.0
ATOM,2879.0,CA,THR,238.0,97.77,-45.826,85.843,0.07,2.275,0.28
ATOM,2880.0,C,THR,238.0,96.825,-45.56,87.004,0.51,2.0,0.0
ATOM,2881.0,O,THR,238.0,96.251,-44.484,87.106,-0.51,1.7,1.54
ATOM,2882.0,CB,THR,238.0,97.219,-47.001,85.005,0.14,2.275,2.49
ATOM,2883.0,OG1,THR,238.0,97.732,-46.912,83.668,-0.66,1.77,1.13
ATOM,2884.0,CG2,THR,238.0,95.692,-46.977,84.969,-0.27,2.06,1.44
ATOM,2885.0,H,THR,238.0,99.685,-46.914,85.996,0.31,0.2245,0.0
ATOM,2886.0,HA,THR,238.0,97.806,-45.001,85.267,0.09,1.32,0.13
ATOM,2887.0,HB,THR,238.0,97.545,-47.875,85.414,0.09,1.32,2.22
ATOM,2888.0,HG21,THR,238.0,95.382,-46.351,84.251,0.09,1.32,0.06
ATOM,2889.0,HG22,THR,238.0,95.345,-47.897,84.778,0.09,1.32,4.41
ATOM,2890.0,HG23,THR,238.0,95.339,-46.667,85.853,0.09,1.32,0.0
ATOM,2891.0,HG1,THR,238.0,98.62,-47.378,83.604,0.43,0.2245,0.15
ATOM,2892.0,N,PHE,239.0,96.679,-46.543,87.881,-0.47,1.85,0.0
ATOM,2893.0,CA,PHE,239.0,95.794,-46.424,89.038,0.07,2.275,0.0
ATOM,2894.0,C,PHE,239.0,96.155,-45.253,89.955,0.51,2.0,0.0
ATOM,2895.0,O,PHE,239.0,95.282,-44.587,90.518,-0.51,1.7,0.07
ATOM,2896.0,CB,PHE,239.0,95.833,-47.715,89.859,-0.18,2.175,0.0
ATOM,2897.0,CG,PHE,239.0,94.912,-48.783,89.357,0.0,1.9924,0.0
ATOM,2898.0,CD1,PHE,239.0,93.547,-48.707,89.59,-0.115,1.9924,0.0
ATOM,2899.0,CD2,PHE,239.0,95.413,-49.874,88.658,-0.115,1.9924,0.74
ATOM,2900.0,CE1,PHE,239.0,92.696,-49.702,89.131,-0.115,1.9924,0.19
ATOM,2901.0,CE2,PHE,239.0,94.566,-50.873,88.196,-0.115,1.9924,3.26
ATOM,2902.0,CZ,PHE,239.0,93.208,-50.788,88.432,-0.115,1.9924,0.37
ATOM,2903.0,H,PHE,239.0,97.24,-47.396,87.679,0.31,0.2245,0.0
ATOM,2904.0,HA,PHE,239.0,94.865,-46.235,88.68,0.09,1.32,0.0
ATOM,2905.0,HB2,PHE,239.0,96.758,-48.065,89.826,0.09,1.32,0.0
ATOM,2906.0,HB3,PHE,239.0,95.569,-47.49,90.786,0.09,1.32,0.28
ATOM,2907.0,HD1,PHE,239.0,93.17,-47.933,90.089,0.115,1.3582,0.37
ATOM,2908.0,HD2,PHE,239.0,96.396,-49.941,88.484,0.115,1.3582,0.65
ATOM,2909.0,HE1,PHE,239.0,91.707,-49.632,89.309,0.115,1.3582,0.0
ATOM,2910.0,HE2,PHE,239.0,94.953,-51.66,87.689,0.115,1.3582,1.25
ATOM,2911.0,HZ,PHE,239.0,92.589,-51.501,88.104,0.115,1.3582,0.0
ATOM,2912.0,N,ALA,240.0,97.451,-45.023,90.106,-0.47,1.85,0.0
ATOM,2913.0,CA,ALA,240.0,97.954,-43.965,90.961,0.07,2.275,0.0
ATOM,2914.0,C,ALA,240.0,97.575,-42.587,90.469,0.51,2.0,0.0
ATOM,2915.0,O,ALA,240.0,96.944,-41.822,91.189,-0.51,1.7,0.25
ATOM,2916.0,CB,ALA,240.0,99.464,-44.066,91.07,-0.27,2.06,0.0
ATOM,2917.0,H,ALA,240.0,98.071,-45.663,89.561,0.31,0.2245,0.0
ATOM,2918.0,HA,ALA,240.0,97.572,-44.093,91.895,0.09,1.32,1.14
ATOM,2919.0,HB1,ALA,240.0,99.728,-44.137,92.032,0.09,1.32,0.0
ATOM,2920.0,HB2,ALA,240.0,99.783,-44.877,90.579,0.09,1.32,0.0
ATOM,2921.0,HB3,ALA,240.0,99.886,-43.251,90.671,0.09,1.32,0.0
ATOM,2922.0,N,THR,241.0,97.969,-42.276,89.24,-0.47,1.85,0.0
ATOM,2923.0,CA,THR,241.0,97.704,-40.975,88.641,0.07,2.275,0.1
ATOM,2924.0,C,THR,241.0,98.856,-40.072,89.058,0.51,2.0,0.0
ATOM,2925.0,O,THR,241.0,99.273,-40.092,90.213,-0.51,1.7,0.0
ATOM,2926.0,CB,THR,241.0,96.388,-40.371,89.155,0.14,2.275,0.12
ATOM,2927.0,OG1,THR,241.0,95.28,-41.099,88.609,-0.66,1.77,1.22
ATOM,2928.0,CG2,THR,241.0,96.294,-38.909,88.774,-0.27,2.06,0.0
ATOM,2929.0,H,THR,241.0,98.481,-43.039,88.744,0.31,0.2245,0.0
ATOM,2930.0,HA,THR,241.0,97.717,-41.067,87.656,0.09,1.32,0.73
ATOM,2931.0,HB,THR,241.0,96.357,-40.462,90.171,0.09,1.32,0.0
ATOM,2932.0,HG21,THR,241.0,95.54,-38.77,88.126,0.09,1.32,0.0
ATOM,2933.0,HG22,THR,241.0,96.128,-38.351,89.591,0.09,1.32,0.0
ATOM,2934.0,HG23,THR,241.0,97.151,-38.61,88.344,0.09,1.32,0.0
ATOM,2935.0,HG1,THR,241.0,95.588,-41.987,88.251,0.43,0.2245,0.0
ATOM,2936.0,N,PRO,242.0,99.391,-39.274,88.124,-0.29,1.85,0.0
ATOM,2937.0,CA,PRO,242.0,100.506,-38.382,88.457,0.02,2.275,0.0
ATOM,2938.0,C,PRO,242.0,100.257,-37.513,89.683,0.51,2.0,0.0
ATOM,2939.0,O,PRO,242.0,101.188,-36.958,90.255,-0.51,1.7,0.0
ATOM,2940.0,CB,PRO,242.0,100.7,-37.543,87.194,-0.18,2.175,0.0
ATOM,2941.0,CG,PRO,242.0,99.498,-37.799,86.352,-0.18,2.175,0.0
ATOM,2942.0,CD,PRO,242.0,98.993,-39.152,86.714,0.0,2.175,0.0
ATOM,2943.0,HA,PRO,242.0,101.367,-38.918,88.568,0.09,1.32,0.12
ATOM,2944.0,HB2,PRO,242.0,100.775,-36.565,87.427,0.09,1.32,0.0
ATOM,2945.0,HB3,PRO,242.0,101.543,-37.816,86.713,0.09,1.32,0.0
ATOM,2946.0,HG2,PRO,242.0,98.793,-37.09,86.521,0.09,1.32,0.0
ATOM,2947.0,HG3,PRO,242.0,99.742,-37.752,85.369,0.09,1.32,0.46
ATOM,2948.0,HD2,PRO,242.0,98.0,-39.215,86.625,0.09,1.32,0.04
ATOM,2949.0,HD3,PRO,242.0,99.423,-39.87,86.166,0.09,1.32,0.0
ATOM,2950.0,N,LEU,243.0,99.0,-37.401,90.093,-0.47,1.85,0.0
ATOM,2951.0,CA,LEU,243.0,98.657,-36.584,91.248,0.07,2.275,0.0
ATOM,2952.0,C,LEU,243.0,98.878,-37.303,92.566,0.51,2.0,0.0
ATOM,2953.0,O,LEU,243.0,99.319,-36.692,93.537,-0.51,1.7,9.71
ATOM,2954.0,CB,LEU,243.0,97.197,-36.149,91.171,-0.18,2.175,0.02
ATOM,2955.0,CG,LEU,243.0,96.835,-35.127,90.1,-0.09,2.275,0.0
ATOM,2956.0,CD1,LEU,243.0,95.449,-34.589,90.388,-0.27,2.06,0.96
ATOM,2957.0,CD2,LEU,243.0,97.85,-34.006,90.085,-0.27,2.06,0.0
ATOM,2958.0,H,LEU,243.0,98.306,-37.93,89.536,0.31,0.2245,0.0
ATOM,2959.0,HA,LEU,243.0,99.239,-35.752,91.236,0.09,1.32,0.0
ATOM,2960.0,HB2,LEU,243.0,96.643,-36.966,91.003,0.09,1.32,0.0
ATOM,2961.0,HB3,LEU,243.0,96.948,-35.755,92.056,0.09,1.32,5.44
ATOM,2962.0,HG,LEU,243.0,96.843,-35.57,89.211,0.09,1.32,0.0
ATOM,2963.0,HD11,LEU,243.0,95.436,-34.152,91.289,0.09,1.32,4.91
ATOM,2964.0,HD12,LEU,243.0,95.197,-33.915,89.691,0.09,1.32,0.0
ATOM,2965.0,HD13,LEU,243.0,94.786,-35.339,90.376,0.09,1.32,0.0
ATOM,2966.0,HD21,LEU,243.0,98.761,-34.375,89.888,0.09,1.32,0.0
ATOM,2967.0,HD22,LEU,243.0,97.607,-33.337,89.379,0.09,1.32,0.0
ATOM,2968.0,HD23,LEU,243.0,97.866,-33.551,90.978,0.09,1.32,1.0
ATOM,2969.0,N,ASN,244.0,98.564,-38.596,92.602,-0.47,1.85,0.0
ATOM,2970.0,CA,ASN,244.0,98.718,-39.377,93.821,0.07,2.275,0.0
ATOM,2971.0,C,ASN,244.0,100.129,-39.907,94.037,0.51,2.0,0.0
ATOM,2972.0,O,ASN,244.0,100.444,-40.413,95.112,-0.51,1.7,0.0
ATOM,2973.0,CB,ASN,244.0,97.717,-40.531,93.833,-0.18,2.175,0.15
ATOM,2974.0,CG,ASN,244.0,96.35,-40.104,94.332,0.55,2.0,0.0
ATOM,2975.0,OD1,ASN,244.0,95.376,-40.85,94.208,-0.55,1.7,0.0
ATOM,2976.0,ND2,ASN,244.0,96.269,-38.903,94.901,-0.62,1.85,3.44
ATOM,2977.0,H,ASN,244.0,98.21,-38.985,91.71,0.31,0.2245,0.0
ATOM,2978.0,HA,ASN,244.0,98.513,-38.757,94.601,0.09,1.32,0.0
ATOM,2979.0,HB2,ASN,244.0,97.622,-40.876,92.905,0.09,1.32,0.0
ATOM,2980.0,HB3,ASN,244.0,98.066,-41.245,94.433,0.09,1.32,0.0
ATOM,2981.0,HD22,ASN,244.0,97.091,-38.334,94.973,0.3,0.2245,0.41
ATOM,2982.0,HD21,ASN,244.0,95.397,-38.572,95.252,0.32,0.2245,0.88
ATOM,2983.0,N,GLN,245.0,100.981,-39.788,93.023,-0.47,1.85,0.0
ATOM,2984.0,CA,GLN,245.0,102.36,-40.251,93.146,0.07,2.275,0.6
ATOM,2985.0,C,GLN,245.0,103.255,-39.841,91.977,0.51,2.0,0.0
ATOM,2986.0,O,GLN,245.0,102.791,-39.677,90.844,-0.51,1.7,1.01
ATOM,2987.0,CB,GLN,245.0,102.393,-41.772,93.319,-0.18,2.175,0.0
ATOM,2988.0,CG,GLN,245.0,102.416,-42.555,92.03,-0.18,2.175,0.58
ATOM,2989.0,CD,GLN,245.0,102.428,-44.044,92.272,0.55,2.0,0.0
ATOM,2990.0,H,GLN,245.0,100.594,-39.354,92.17,0.31,0.2245,0.0
ATOM,2991.0,HA,GLN,245.0,102.752,-39.84,93.99,0.09,1.32,1.7
ATOM,2992.0,HB2,GLN,245.0,103.212,-42.013,93.851,0.09,1.32,0.0
ATOM,2993.0,HB3,GLN,245.0,101.58,-42.05,93.844,0.09,1.32,0.0
ATOM,2994.0,HG2,GLN,245.0,101.603,-42.325,91.496,0.09,1.32,0.0
ATOM,2995.0,HG3,GLN,245.0,103.236,-42.308,91.515,0.09,1.32,0.0
ATOM,2996.0,OE1,GLN,245.0,102.308,-44.499,93.409,-0.55,1.7,0.0
ATOM,2997.0,NE2,GLN,245.0,102.57,-44.817,91.203,-0.62,1.85,0.0
ATOM,2998.0,HE21,GLN,245.0,102.601,-45.832,91.288,0.32,0.2245,0.0
ATOM,2999.0,HE22,GLN,245.0,102.648,-44.379,90.285,0.3,0.2245,0.54
ATOM,3000.0,N,LYS,246.0,104.543,-39.678,92.271,-0.47,1.85,0.0
ATOM,3001.0,CA,LYS,246.0,105.526,-39.29,91.268,0.07,2.275,0.0
ATOM,3002.0,C,LYS,246.0,106.631,-40.337,91.144,0.51,2.0,0.0
ATOM,3003.0,O,LYS,246.0,107.74,-40.147,91.639,-0.51,1.7,0.0
ATOM,3004.0,CB,LYS,246.0,106.134,-37.938,91.635,-0.18,2.175,0.02
ATOM,3005.0,CG,LYS,246.0,105.114,-36.927,92.115,-0.18,2.175,10.37
ATOM,3006.0,CD,LYS,246.0,104.688,-35.983,90.996,-0.18,2.175,1.81
ATOM,3007.0,CE,LYS,246.0,103.407,-35.233,91.354,0.21,2.175,6.17
ATOM,3008.0,NZ,LYS,246.0,102.882,-34.441,90.204,-0.3,1.85,0.1
ATOM,3009.0,H,LYS,246.0,104.783,-39.851,93.271,0.31,0.2245,2.52
ATOM,3010.0,HA,LYS,246.0,105.066,-39.202,90.375,0.09,1.32,0.0
ATOM,3011.0,HB2,LYS,246.0,106.801,-38.083,92.361,0.09,1.32,0.85
ATOM,3012.0,HB3,LYS,246.0,106.587,-37.571,90.826,0.09,1.32,0.12
ATOM,3013.0,HG2,LYS,246.0,104.304,-37.41,92.452,0.09,1.32,0.16
ATOM,3014.0,HG3,LYS,246.0,105.509,-36.385,92.858,0.09,1.32,10.94
ATOM,3015.0,HD2,LYS,246.0,105.411,-35.318,90.844,0.09,1.32,9.16
ATOM,3016.0,HD3,LYS,246.0,104.523,-36.513,90.172,0.09,1.32,0.0
ATOM,3017.0,HE2,LYS,246.0,102.713,-35.898,91.64,0.05,1.32,0.0
ATOM,3018.0,HE3,LYS,246.0,103.598,-34.614,92.12,0.05,1.32,9.84
ATOM,3019.0,HZ1,LYS,246.0,102.236,-33.758,90.542,0.33,0.2245,0.0
ATOM,3020.0,HZ2,LYS,246.0,103.642,-33.985,89.743,0.33,0.2245,2.99
ATOM,3021.0,HZ3,LYS,246.0,102.42,-35.054,89.565,0.33,0.2245,0.0
ATOM,3022.0,N,ALA,247.0,106.316,-41.441,90.475,-0.47,1.85,0.0
ATOM,3023.0,CA,ALA,247.0,107.271,-42.524,90.284,0.07,2.275,0.0
ATOM,3024.0,C,ALA,247.0,108.602,-42.004,89.759,0.51,2.0,0.0
ATOM,3025.0,O,ALA,247.0,109.662,-42.463,90.176,-0.51,1.7,0.0
ATOM,3026.0,CB,ALA,247.0,106.699,-43.563,89.32,-0.27,2.06,0.0
ATOM,3027.0,H,ALA,247.0,105.343,-41.463,90.106,0.31,0.2245,0.43
ATOM,3028.0,HA,ALA,247.0,107.431,-42.977,91.172,0.09,1.32,0.0
ATOM,3029.0,HB1,ALA,247.0,107.425,-44.188,89.038,0.09,1.32,0.0
ATOM,3030.0,HB2,ALA,247.0,105.975,-44.076,89.778,0.09,1.32,0.0
ATOM,3031.0,HB3,ALA,247.0,106.326,-43.1,88.518,0.09,1.32,0.0
ATOM,3032.0,N,LEU,248.0,108.55,-41.044,88.844,-0.47,1.85,0.0
ATOM,3033.0,CA,LEU,248.0,109.773,-40.498,88.276,0.07,2.275,0.0
ATOM,3034.0,C,LEU,248.0,110.629,-39.86,89.353,0.51,2.0,0.09
ATOM,3035.0,O,LEU,248.0,111.852,-39.992,89.347,-0.51,1.7,13.1
ATOM,3036.0,CB,LEU,248.0,109.442,-39.471,87.194,-0.18,2.175,0.68
ATOM,3037.0,CG,LEU,248.0,109.316,-40.044,85.778,-0.09,2.275,0.0
ATOM,3038.0,CD1,LEU,248.0,109.083,-38.915,84.792,-0.27,2.06,0.1
ATOM,3039.0,CD2,LEU,248.0,110.576,-40.818,85.412,-0.27,2.06,0.49
ATOM,3040.0,H,LEU,248.0,107.602,-40.733,88.583,0.31,0.2245,0.0
ATOM,3041.0,HA,LEU,248.0,110.295,-41.249,87.855,0.09,1.32,0.0
ATOM,3042.0,HB2,LEU,248.0,108.573,-39.054,87.422,0.09,1.32,0.0
ATOM,3043.0,HB3,LEU,248.0,110.167,-38.797,87.177,0.09,1.32,5.16
ATOM,3044.0,HG,LEU,248.0,108.546,-40.675,85.753,0.09,1.32,0.0
ATOM,3045.0,HD11,LEU,248.0,109.853,-38.276,84.824,0.09,1.32,2.67
ATOM,3046.0,HD12,LEU,248.0,109.0,-39.288,83.867,0.09,1.32,0.0
ATOM,3047.0,HD13,LEU,248.0,108.24,-38.429,85.029,0.09,1.32,0.0
ATOM,3048.0,HD21,LEU,248.0,110.706,-41.569,86.06,0.09,1.32,0.0
ATOM,3049.0,HD22,LEU,248.0,110.484,-41.188,84.487,0.09,1.32,0.0
ATOM,3050.0,HD23,LEU,248.0,111.366,-40.206,85.449,0.09,1.32,8.02
ATOM,3051.0,N,ALA,249.0,109.976,-39.171,90.281,-0.47,1.85,0.39
ATOM,3052.0,CA,ALA,249.0,110.676,-38.517,91.375,0.07,2.275,3.69
ATOM,3053.0,C,ALA,249.0,111.227,-39.555,92.346,0.51,2.0,0.0
ATOM,3054.0,O,ALA,249.0,112.284,-39.352,92.941,-0.51,1.7,27.66
ATOM,3055.0,CB,ALA,249.0,109.735,-37.579,92.097,-0.27,2.06,26.34
ATOM,3056.0,H,ALA,249.0,108.945,-39.142,90.159,0.31,0.2245,0.0
ATOM,3057.0,HA,ALA,249.0,111.445,-37.989,91.001,0.09,1.32,9.83
ATOM,3058.0,HB1,ALA,249.0,109.071,-37.201,91.45,0.09,1.32,2.08
ATOM,3059.0,HB2,ALA,249.0,109.247,-38.076,92.816,0.09,1.32,0.54
ATOM,3060.0,HB3,ALA,249.0,110.254,-36.829,92.51,0.09,1.32,11.6
ATOM,3061.0,N,LEU,250.0,110.506,-40.663,92.502,-0.47,1.85,0.0
ATOM,3062.0,CA,LEU,250.0,110.927,-41.731,93.396,0.07,2.275,0.35
ATOM,3063.0,C,LEU,250.0,112.114,-42.49,92.821,0.51,2.0,1.12
ATOM,3064.0,O,LEU,250.0,112.607,-43.438,93.434,-0.51,1.7,2.15
ATOM,3065.0,CB,LEU,250.0,109.777,-42.704,93.647,-0.18,2.175,0.0
ATOM,3066.0,CG,LEU,250.0,108.499,-42.154,94.281,-0.09,2.275,0.0
ATOM,3067.0,CD1,LEU,250.0,107.772,-43.289,94.989,-0.27,2.06,0.0
ATOM,3068.0,CD2,LEU,250.0,108.825,-41.03,95.255,-0.27,2.06,22.21
ATOM,3069.0,H,LEU,250.0,109.633,-40.696,91.939,0.31,0.2245,0.0
ATOM,3070.0,HA,LEU,250.0,111.205,-41.325,94.275,0.09,1.32,2.47
ATOM,3071.0,HB2,LEU,250.0,109.519,-43.107,92.764,0.09,1.32,0.0
ATOM,3072.0,HB3,LEU,250.0,110.117,-43.432,94.249,0.09,1.32,0.0
ATOM,3073.0,HG,LEU,250.0,107.917,-41.781,93.569,0.09,1.32,0.0
ATOM,3074.0,HD11,LEU,250.0,108.363,-43.673,95.699,0.09,1.32,0.77
ATOM,3075.0,HD12,LEU,250.0,106.934,-42.939,95.407,0.09,1.32,0.0
ATOM,3076.0,HD13,LEU,250.0,107.541,-44.002,94.327,0.09,1.32,0.0
ATOM,3077.0,HD21,LEU,250.0,109.289,-40.29,94.768,0.09,1.32,0.32
ATOM,3078.0,HD22,LEU,250.0,107.978,-40.683,95.66,0.09,1.32,4.59
ATOM,3079.0,HD23,LEU,250.0,109.422,-41.378,95.979,0.09,1.32,5.41
ATOM,3080.0,N,GLY,251.0,112.562,-42.081,91.638,-0.47,1.85,0.01
ATOM,3081.0,CA,GLY,251.0,113.704,-42.73,91.02,-0.02,2.175,12.2
ATOM,3082.0,C,GLY,251.0,113.437,-43.533,89.761,0.51,2.0,0.0
ATOM,3083.0,O,GLY,251.0,114.375,-43.852,89.031,-0.51,1.7,3.62
ATOM,3084.0,H,GLY,251.0,112.045,-41.294,91.219,0.31,0.2245,0.0
ATOM,3085.0,HA2,GLY,251.0,114.421,-42.015,90.812,0.09,1.32,12.52
ATOM,3086.0,HA3,GLY,251.0,114.155,-43.346,91.717,0.09,1.32,2.83
ATOM,3087.0,N,ALA,252.0,112.174,-43.858,89.495,-0.47,1.85,0.0
ATOM,3088.0,CA,ALA,252.0,111.82,-44.642,88.312,0.07,2.275,0.0
ATOM,3089.0,C,ALA,252.0,112.38,-44.029,87.03,0.51,2.0,0.0
ATOM,3090.0,O,ALA,252.0,112.551,-42.813,86.937,-0.51,1.7,5.32
ATOM,3091.0,CB,ALA,252.0,110.311,-44.777,88.211,-0.27,2.06,0.0
ATOM,3092.0,H,ALA,252.0,111.479,-43.515,90.183,0.31,0.2245,0.0
ATOM,3093.0,HA,ALA,252.0,112.201,-45.573,88.415,0.09,1.32,0.0
ATOM,3094.0,HB1,ALA,252.0,109.931,-44.983,89.113,0.09,1.32,0.0
ATOM,3095.0,HB2,ALA,252.0,109.919,-43.921,87.875,0.09,1.32,0.0
ATOM,3096.0,HB3,ALA,252.0,110.081,-45.517,87.578,0.09,1.32,0.0
ATOM,3097.0,N,ASP,253.0,112.672,-44.878,86.049,-0.47,1.85,0.0
ATOM,3098.0,CA,ASP,253.0,113.209,-44.418,84.77,0.07,2.275,0.0
ATOM,3099.0,C,ASP,253.0,112.09,-43.964,83.847,0.51,2.0,0.0
ATOM,3100.0,O,ASP,253.0,112.214,-42.958,83.149,-0.51,1.7,0.0
ATOM,3101.0,CB,ASP,253.0,113.972,-45.54,84.078,-0.28,2.175,0.0
ATOM,3102.0,CG,ASP,253.0,115.378,-45.684,84.59,0.62,2.0,0.0
ATOM,3103.0,OD1,ASP,253.0,116.127,-44.679,84.582,-0.76,1.7,19.78
ATOM,3104.0,OD2,ASP,253.0,115.73,-46.811,84.998,-0.76,1.7,1.07
ATOM,3105.0,H,ASP,253.0,112.489,-45.876,86.266,0.31,0.2245,0.0
ATOM,3106.0,HA,ASP,253.0,113.782,-43.613,84.961,0.09,1.32,3.23
ATOM,3107.0,HB2,ASP,253.0,113.48,-46.39,84.239,0.09,1.32,0.0
ATOM,3108.0,HB3,ASP,253.0,114.0,-45.337,83.105,0.09,1.32,0.0
ATOM,3109.0,N,LEU,254.0,111.004,-44.73,83.849,-0.47,1.85,0.0
ATOM,3110.0,CA,LEU,254.0,109.848,-44.444,83.015,0.07,2.275,0.0
ATOM,3111.0,C,LEU,254.0,108.536,-44.748,83.713,0.51,2.0,0.0
ATOM,3112.0,O,LEU,254.0,108.377,-45.791,84.349,-0.51,1.7,0.0
ATOM,3113.0,CB,LEU,254.0,109.902,-45.272,81.737,-0.18,2.175,0.0
ATOM,3114.0,CG,LEU,254.0,111.133,-45.091,80.869,-0.09,2.275,0.0
ATOM,3115.0,CD1,LEU,254.0,111.245,-46.272,79.928,-0.27,2.06,0.0
ATOM,3116.0,CD2,LEU,254.0,111.028,-43.789,80.1,-0.27,2.06,0.0
ATOM,3117.0,H,LEU,254.0,111.054,-45.548,84.497,0.31,0.2245,0.0
ATOM,3118.0,HA,LEU,254.0,109.861,-43.459,82.775,0.09,1.32,0.0
ATOM,3119.0,HB2,LEU,254.0,109.856,-46.236,81.996,0.09,1.32,0.0
ATOM,3120.0,HB3,LEU,254.0,109.106,-45.033,81.185,0.09,1.32,0.0
ATOM,3121.0,HG,LEU,254.0,111.94,-45.05,81.448,0.09,1.32,0.0
ATOM,3122.0,HD11,LEU,254.0,110.429,-46.322,79.349,0.09,1.32,0.0
ATOM,3123.0,HD12,LEU,254.0,112.054,-46.166,79.348,0.09,1.32,0.0
ATOM,3124.0,HD13,LEU,254.0,111.327,-47.119,80.456,0.09,1.32,0.0
ATOM,3125.0,HD21,LEU,254.0,110.96,-43.023,80.741,0.09,1.32,0.0
ATOM,3126.0,HD22,LEU,254.0,111.841,-43.669,79.527,0.09,1.32,0.0
ATOM,3127.0,HD23,LEU,254.0,110.213,-43.805,79.518,0.09,1.32,0.0
ATOM,3128.0,N,VAL,255.0,107.591,-43.83,83.572,-0.47,1.85,0.0
ATOM,3129.0,CA,VAL,255.0,106.273,-43.995,84.151,0.07,2.275,0.0
ATOM,3130.0,C,VAL,255.0,105.309,-43.87,82.986,0.51,2.0,0.0
ATOM,3131.0,O,VAL,255.0,105.405,-42.932,82.188,-0.51,1.7,0.0
ATOM,3132.0,CB,VAL,255.0,105.967,-42.893,85.193,-0.09,2.275,0.0
ATOM,3133.0,CG1,VAL,255.0,106.444,-41.548,84.684,-0.27,2.06,0.0
ATOM,3134.0,CG2,VAL,255.0,104.479,-42.839,85.478,-0.27,2.06,0.06
ATOM,3135.0,H,VAL,255.0,107.876,-42.995,83.018,0.31,0.2245,0.0
ATOM,3136.0,HA,VAL,255.0,106.2,-44.91,84.514,0.09,1.32,0.0
ATOM,3137.0,HB,VAL,255.0,106.491,-43.103,86.011,0.09,1.32,0.0
ATOM,3138.0,HG11,VAL,255.0,106.401,-41.531,83.684,0.09,1.32,0.0
ATOM,3139.0,HG12,VAL,255.0,105.861,-40.822,85.052,0.09,1.32,0.0
ATOM,3140.0,HG13,VAL,255.0,107.389,-41.392,84.976,0.09,1.32,0.0
ATOM,3141.0,HG21,VAL,255.0,104.012,-42.379,84.722,0.09,1.32,0.0
ATOM,3142.0,HG22,VAL,255.0,104.124,-43.77,85.574,0.09,1.32,0.0
ATOM,3143.0,HG23,VAL,255.0,104.321,-42.332,86.326,0.09,1.32,1.35
ATOM,3144.0,N,LEU,256.0,104.398,-44.828,82.873,-0.47,1.85,0.0
ATOM,3145.0,CA,LEU,256.0,103.415,-44.807,81.8,0.07,2.275,0.0
ATOM,3146.0,C,LEU,256.0,102.006,-44.921,82.37,0.51,2.0,0.0
ATOM,3147.0,O,LEU,256.0,101.801,-45.513,83.422,-0.51,1.7,0.0
ATOM,3148.0,CB,LEU,256.0,103.684,-45.944,80.81,-0.18,2.175,0.0
ATOM,3149.0,CG,LEU,256.0,103.189,-47.338,81.188,-0.09,2.275,0.0
ATOM,3150.0,CD1,LEU,256.0,101.773,-47.531,80.694,-0.27,2.06,2.4
ATOM,3151.0,CD2,LEU,256.0,104.105,-48.381,80.578,-0.27,2.06,0.0
ATOM,3152.0,H,LEU,256.0,104.447,-45.569,83.594,0.31,0.2245,0.0
ATOM,3153.0,HA,LEU,256.0,103.489,-43.933,81.311,0.09,1.32,0.0
ATOM,3154.0,HB2,LEU,256.0,103.249,-45.699,79.941,0.09,1.32,0.0
ATOM,3155.0,HB3,LEU,256.0,104.675,-46.004,80.678,0.09,1.32,0.0
ATOM,3156.0,HG,LEU,256.0,103.214,-47.432,82.181,0.09,1.32,0.0
ATOM,3157.0,HD11,LEU,256.0,101.745,-47.432,79.697,0.09,1.32,0.0
ATOM,3158.0,HD12,LEU,256.0,101.449,-48.446,80.942,0.09,1.32,0.36
ATOM,3159.0,HD13,LEU,256.0,101.172,-46.845,81.11,0.09,1.32,0.0
ATOM,3160.0,HD21,LEU,256.0,105.037,-48.254,80.922,0.09,1.32,0.0
ATOM,3161.0,HD22,LEU,256.0,103.784,-49.297,80.824,0.09,1.32,0.0
ATOM,3162.0,HD23,LEU,256.0,104.106,-48.288,79.581,0.09,1.32,0.0
ATOM,3163.0,N,HIS,257.0,101.04,-44.344,81.669,-0.47,1.85,0.0
ATOM,3164.0,CA,HIS,257.0,99.651,-44.372,82.109,0.07,2.275,0.0
ATOM,3165.0,C,HIS,257.0,98.717,-44.698,80.96,0.51,2.0,0.0
ATOM,3166.0,O,HIS,257.0,99.068,-44.55,79.787,-0.51,1.7,0.0
ATOM,3167.0,CB,HIS,257.0,99.226,-43.008,82.654,-0.08,2.175,0.0
ATOM,3168.0,CG,HIS,257.0,100.011,-42.54,83.833,0.22,1.8,0.0
ATOM,3169.0,H,HIS,257.0,101.353,-43.878,80.794,0.31,0.2245,0.0
ATOM,3170.0,HA,HIS,257.0,99.555,-45.09,82.811,0.09,1.32,0.0
ATOM,3171.0,HB2,HIS,257.0,99.316,-42.321,81.919,0.09,1.32,0.0
ATOM,3172.0,HB3,HIS,257.0,98.252,-43.053,82.918,0.09,1.32,1.84
ATOM,3173.0,ND1,HIS,257.0,99.5,-42.55,85.112,-0.7,1.85,1.09
ATOM,3174.0,CD2,HIS,257.0,101.253,-42.009,83.926,-0.05,1.8,0.3
ATOM,3175.0,CE1,HIS,257.0,100.392,-42.042,85.942,0.25,1.8,0.65
ATOM,3176.0,NE2,HIS,257.0,101.464,-41.707,85.249,-0.36,1.85,0.0
ATOM,3177.0,HD2,HIS,257.0,101.893,-41.863,83.178,0.09,1.468,0.0
ATOM,3178.0,HE1,HIS,257.0,100.276,-41.929,86.925,0.13,0.9,0.69
ATOM,3179.0,HE2,HIS,257.0,102.298,-41.299,85.627,0.32,0.2245,0.0
ATOM,3180.0,N,SER,258.0,97.511,-45.121,81.313,-0.47,1.85,0.0
ATOM,3181.0,CA,SER,258.0,96.496,-45.414,80.326,0.07,2.275,0.0
ATOM,3182.0,C,SER,258.0,95.515,-44.263,80.456,0.51,2.0,0.0
ATOM,3183.0,O,SER,258.0,94.553,-44.347,81.209,-0.51,1.7,1.17
ATOM,3184.0,CB,SER,258.0,95.81,-46.739,80.643,0.05,2.175,9.28
ATOM,3185.0,OG,SER,258.0,94.513,-46.79,80.074,-0.66,1.77,3.97
ATOM,3186.0,H,SER,258.0,97.367,-45.22,82.338,0.31,0.2245,0.09
ATOM,3187.0,HA,SER,258.0,96.902,-45.369,79.432,0.09,1.32,0.0
ATOM,3188.0,HB2,SER,258.0,96.356,-47.483,80.27,0.09,1.32,4.25
ATOM,3189.0,HB3,SER,258.0,95.733,-46.834,81.632,0.09,1.32,0.0
ATOM,3190.0,HG,SER,258.0,93.87,-46.306,80.666,0.43,0.2245,0.0
ATOM,3191.0,N,ALA,259.0,95.78,-43.177,79.738,-0.47,1.85,0.0
ATOM,3192.0,CA,ALA,259.0,94.923,-41.995,79.777,0.07,2.275,0.0
ATOM,3193.0,C,ALA,259.0,93.449,-42.37,79.646,0.51,2.0,0.0
ATOM,3194.0,O,ALA,259.0,92.56,-41.599,80.005,-0.51,1.7,0.0
ATOM,3195.0,CB,ALA,259.0,95.322,-41.028,78.668,-0.27,2.06,0.0
ATOM,3196.0,H,ALA,259.0,96.639,-43.24,79.154,0.31,0.2245,0.0
ATOM,3197.0,HA,ALA,259.0,95.057,-41.526,80.66,0.09,1.32,0.0
ATOM,3198.0,HB1,ALA,259.0,96.27,-40.741,78.802,0.09,1.32,0.0
ATOM,3199.0,HB2,ALA,259.0,95.233,-41.482,77.782,0.09,1.32,0.0
ATOM,3200.0,HB3,ALA,259.0,94.725,-40.227,78.693,0.09,1.32,0.0
ATOM,3201.0,N,THR,260.0,93.2,-43.564,79.129,-0.47,1.85,0.0
ATOM,3202.0,CA,THR,260.0,91.851,-44.065,78.951,0.07,2.275,0.0
ATOM,3203.0,C,THR,260.0,91.053,-43.928,80.236,0.51,2.0,0.0
ATOM,3204.0,O,THR,260.0,89.855,-43.636,80.206,-0.51,1.7,0.25
ATOM,3205.0,CB,THR,260.0,91.872,-45.554,78.574,0.14,2.275,0.61
ATOM,3206.0,OG1,THR,260.0,92.747,-45.751,77.46,-0.66,1.77,0.32
ATOM,3207.0,CG2,THR,260.0,90.487,-46.034,78.216,-0.27,2.06,9.7
ATOM,3208.0,H,THR,260.0,94.053,-44.107,78.864,0.31,0.2245,0.0
ATOM,3209.0,HA,THR,260.0,91.396,-43.52,78.236,0.09,1.32,0.0
ATOM,3210.0,HB,THR,260.0,92.235,-46.089,79.363,0.09,1.32,0.0
ATOM,3211.0,HG21,THR,260.0,90.539,-46.75,77.513,0.09,1.32,1.99
ATOM,3212.0,HG22,THR,260.0,90.03,-46.411,79.028,0.09,1.32,0.0
ATOM,3213.0,HG23,THR,260.0,89.937,-45.272,77.861,0.09,1.32,0.17
ATOM,3214.0,HG1,THR,260.0,92.36,-46.429,76.825,0.43,0.2245,3.13
ATOM,3215.0,N,LYS,261.0,91.734,-44.125,81.364,-0.47,1.85,0.0
ATOM,3216.0,CA,LYS,261.0,91.106,-44.089,82.683,0.07,2.275,0.0
ATOM,3217.0,C,LYS,261.0,90.925,-42.742,83.375,0.51,2.0,0.0
ATOM,3218.0,O,LYS,261.0,89.943,-42.037,83.134,-0.51,1.7,0.0
ATOM,3219.0,CB,LYS,261.0,91.859,-45.031,83.625,-0.18,2.175,0.0
ATOM,3220.0,CG,LYS,261.0,92.337,-46.318,82.967,-0.18,2.175,0.0
ATOM,3221.0,CD,LYS,261.0,91.199,-47.31,82.827,-0.18,2.175,0.0
ATOM,3222.0,CE,LYS,261.0,91.37,-48.188,81.601,0.21,2.175,5.84
ATOM,3223.0,NZ,LYS,261.0,90.421,-49.337,81.616,-0.3,1.85,2.92
ATOM,3224.0,H,LYS,261.0,92.754,-44.307,81.224,0.31,0.2245,0.0
ATOM,3225.0,HA,LYS,261.0,90.17,-44.537,82.604,0.09,1.32,0.0
ATOM,3226.0,HB2,LYS,261.0,92.656,-44.546,83.98,0.09,1.32,0.02
ATOM,3227.0,HB3,LYS,261.0,91.249,-45.271,84.378,0.09,1.32,0.0
ATOM,3228.0,HG2,LYS,261.0,92.697,-46.105,82.06,0.09,1.32,0.0
ATOM,3229.0,HG3,LYS,261.0,93.056,-46.723,83.529,0.09,1.32,0.0
ATOM,3230.0,HD2,LYS,261.0,91.177,-47.893,83.635,0.09,1.32,0.0
ATOM,3231.0,HD3,LYS,261.0,90.342,-46.81,82.742,0.09,1.32,0.0
ATOM,3232.0,HE2,LYS,261.0,91.206,-47.638,80.78,0.05,1.32,0.0
ATOM,3233.0,HE3,LYS,261.0,92.309,-48.539,81.578,0.05,1.32,5.1
ATOM,3234.0,HZ1,LYS,261.0,90.823,-50.091,82.134,0.33,0.2245,8.82
ATOM,3235.0,HZ2,LYS,261.0,89.565,-49.053,82.046,0.33,0.2245,0.0
ATOM,3236.0,HZ3,LYS,261.0,90.244,-49.631,80.678,0.33,0.2245,12.45
ATOM,3237.0,N,PHE,262.0,91.871,-42.399,84.247,-0.47,1.85,0.0
ATOM,3238.0,CA,PHE,262.0,91.802,-41.165,85.02,0.07,2.275,0.0
ATOM,3239.0,C,PHE,262.0,92.081,-39.88,84.26,0.51,2.0,0.0
ATOM,3240.0,O,PHE,262.0,91.35,-38.904,84.408,-0.51,1.7,0.0
ATOM,3241.0,CB,PHE,262.0,92.749,-41.243,86.219,-0.18,2.175,0.0
ATOM,3242.0,CG,PHE,262.0,92.319,-42.223,87.273,0.0,1.9924,0.0
ATOM,3243.0,CD1,PHE,262.0,91.141,-42.03,87.984,-0.115,1.9924,0.06
ATOM,3244.0,CD2,PHE,262.0,93.092,-43.342,87.554,-0.115,1.9924,0.0
ATOM,3245.0,CE1,PHE,262.0,90.741,-42.939,88.959,-0.115,1.9924,1.89
ATOM,3246.0,CE2,PHE,262.0,92.701,-44.255,88.525,-0.115,1.9924,0.0
ATOM,3247.0,CZ,PHE,262.0,91.524,-44.054,89.229,-0.115,1.9924,1.36
ATOM,3248.0,H,PHE,262.0,92.654,-43.081,84.327,0.31,0.2245,0.99
ATOM,3249.0,HA,PHE,262.0,90.84,-41.095,85.373,0.09,1.32,0.0
ATOM,3250.0,HB2,PHE,262.0,93.637,-41.522,85.885,0.09,1.32,1.87
ATOM,3251.0,HB3,PHE,262.0,92.787,-40.345,86.633,0.09,1.32,0.0
ATOM,3252.0,HD1,PHE,262.0,90.572,-41.235,87.797,0.115,1.3582,0.09
ATOM,3253.0,HD2,PHE,262.0,93.944,-43.494,87.049,0.115,1.3582,0.0
ATOM,3254.0,HE1,PHE,262.0,89.886,-42.781,89.464,0.115,1.3582,0.04
ATOM,3255.0,HE2,PHE,262.0,93.281,-45.064,88.714,0.115,1.3582,0.0
ATOM,3256.0,HZ,PHE,262.0,91.236,-44.706,89.928,0.115,1.3582,0.15
ATOM,3257.0,N,LEU,263.0,93.139,-39.866,83.461,-0.47,1.85,0.0
ATOM,3258.0,CA,LEU,263.0,93.484,-38.668,82.713,0.07,2.275,0.0
ATOM,3259.0,C,LEU,263.0,92.303,-38.144,81.906,0.51,2.0,0.0
ATOM,3260.0,O,LEU,263.0,91.952,-36.965,81.999,-0.51,1.7,0.0
ATOM,3261.0,CB,LEU,263.0,94.675,-38.959,81.811,-0.18,2.175,0.0
ATOM,3262.0,CG,LEU,263.0,95.941,-39.243,82.622,-0.09,2.275,0.11
ATOM,3263.0,CD1,LEU,263.0,97.002,-39.88,81.741,-0.27,2.06,0.23
ATOM,3264.0,CD2,LEU,263.0,96.445,-37.938,83.225,-0.27,2.06,0.0
ATOM,3265.0,H,LEU,263.0,93.674,-40.747,83.419,0.31,0.2245,0.64
ATOM,3266.0,HA,LEU,263.0,93.765,-37.949,83.366,0.09,1.32,0.0
ATOM,3267.0,HB2,LEU,263.0,94.476,-39.76,81.285,0.09,1.32,0.0
ATOM,3268.0,HB3,LEU,263.0,94.847,-38.169,81.261,0.09,1.32,0.0
ATOM,3269.0,HG,LEU,263.0,95.713,-39.863,83.371,0.09,1.32,1.84
ATOM,3270.0,HD11,LEU,263.0,97.23,-39.26,80.989,0.09,1.32,0.0
ATOM,3271.0,HD12,LEU,263.0,97.824,-40.061,82.283,0.09,1.32,0.35
ATOM,3272.0,HD13,LEU,263.0,96.655,-40.741,81.367,0.09,1.32,0.0
ATOM,3273.0,HD21,LEU,263.0,95.741,-37.552,83.822,0.09,1.32,0.0
ATOM,3274.0,HD22,LEU,263.0,97.273,-38.114,83.758,0.09,1.32,0.0
ATOM,3275.0,HD23,LEU,263.0,96.652,-37.289,82.492,0.09,1.32,0.0
ATOM,3276.0,N,GLY,264.0,91.691,-39.017,81.115,-0.47,1.85,0.0
ATOM,3277.0,CA,GLY,264.0,90.535,-38.613,80.336,-0.02,2.175,0.27
ATOM,3278.0,C,GLY,264.0,89.354,-38.559,81.284,0.51,2.0,0.0
ATOM,3279.0,O,GLY,264.0,88.507,-37.668,81.216,-0.51,1.7,0.64
ATOM,3280.0,H,GLY,264.0,92.094,-39.965,81.106,0.31,0.2245,0.0
ATOM,3281.0,HA2,GLY,264.0,90.689,-37.714,79.943,0.09,1.32,0.0
ATOM,3282.0,HA3,GLY,264.0,90.359,-39.28,79.621,0.09,1.32,0.05
ATOM,3283.0,N,GLY,265.0,89.318,-39.547,82.175,-0.47,1.85,0.0
ATOM,3284.0,CA,GLY,265.0,88.289,-39.653,83.198,-0.02,2.175,0.0
ATOM,3285.0,C,GLY,265.0,86.854,-39.358,82.832,0.51,2.0,0.0
ATOM,3286.0,O,GLY,265.0,86.084,-38.912,83.68,-0.51,1.7,0.0
ATOM,3287.0,H,GLY,265.0,90.096,-40.242,82.074,0.31,0.2245,0.0
ATOM,3288.0,HA2,GLY,265.0,88.338,-40.611,83.613,0.09,1.32,0.0
ATOM,3289.0,HA3,GLY,265.0,88.561,-39.041,84.0,0.09,1.32,0.0
ATOM,3290.0,N,HIS,266.0,86.476,-39.61,81.587,-0.47,1.85,0.0
ATOM,3291.0,CA,HIS,266.0,85.107,-39.352,81.176,0.07,2.275,0.02
ATOM,3292.0,C,HIS,266.0,84.51,-40.541,80.432,0.51,2.0,0.0
ATOM,3293.0,O,HIS,266.0,83.344,-40.517,80.029,-0.51,1.7,7.36
ATOM,3294.0,CB,HIS,266.0,85.053,-38.085,80.327,-0.09,2.175,2.34
ATOM,3295.0,CG,HIS,266.0,85.046,-36.824,81.133,-0.05,1.8,0.89
ATOM,3296.0,H,HIS,266.0,87.206,-39.987,80.968,0.31,0.2245,0.13
ATOM,3297.0,HA,HIS,266.0,84.549,-39.186,82.002,0.09,1.32,0.02
ATOM,3298.0,HB2,HIS,266.0,85.852,-38.064,79.716,0.09,1.32,1.37
ATOM,3299.0,HB3,HIS,266.0,84.22,-38.103,79.763,0.09,1.32,2.28
ATOM,3300.0,ND1,HIS,266.0,86.2,-36.224,81.587,-0.36,1.85,2.44
ATOM,3301.0,CD2,HIS,266.0,84.024,-36.051,81.572,0.22,1.8,14.29
ATOM,3302.0,CE1,HIS,266.0,85.891,-35.134,82.268,0.25,1.8,6.8
ATOM,3303.0,NE2,HIS,266.0,84.576,-35.007,82.273,-0.7,1.85,22.33
ATOM,3304.0,HD1,HIS,266.0,87.128,-36.562,81.425,0.32,0.2245,0.0
ATOM,3305.0,HD2,HIS,266.0,83.053,-36.21,81.417,0.1,1.468,14.93
ATOM,3306.0,HE1,HIS,266.0,86.537,-34.515,82.704,0.13,0.9,0.32
ATOM,3307.0,N,ASN,267.0,85.317,-41.583,80.263,-0.47,1.85,0.0
ATOM,3308.0,CA,ASN,267.0,84.874,-42.799,79.593,0.07,2.275,2.56
ATOM,3309.0,C,ASN,267.0,84.453,-42.592,78.149,0.51,2.0,1.54
ATOM,3310.0,O,ASN,267.0,83.44,-43.131,77.716,-0.51,1.7,24.09
ATOM,3311.0,CB,ASN,267.0,83.711,-43.409,80.363,-0.18,2.175,10.61
ATOM,3312.0,CG,ASN,267.0,84.118,-43.877,81.721,0.55,2.0,0.39
ATOM,3313.0,H,ASN,267.0,86.276,-41.457,80.644,0.31,0.2245,0.01
ATOM,3314.0,HA,ASN,267.0,85.667,-43.438,79.583,0.09,1.32,2.92
ATOM,3315.0,HB2,ASN,267.0,83.0,-42.716,80.456,0.09,1.32,0.6
ATOM,3316.0,HB3,ASN,267.0,83.363,-44.184,79.84,0.09,1.32,8.0
ATOM,3317.0,OD1,ASN,267.0,85.262,-44.284,81.923,-0.55,1.7,0.0
ATOM,3318.0,ND2,ASN,267.0,83.194,-43.822,82.67,-0.62,1.85,2.15
ATOM,3319.0,HD22,ASN,267.0,82.275,-43.485,82.456,0.3,0.2245,1.74
ATOM,3320.0,HD21,ASN,267.0,83.41,-44.117,83.601,0.32,0.2245,0.0
ATOM,3321.0,N,ASP,268.0,85.233,-41.835,77.393,-0.47,1.85,0.0
ATOM,3322.0,CA,ASP,268.0,84.878,-41.583,76.007,0.07,2.275,4.26
ATOM,3323.0,C,ASP,268.0,86.091,-41.487,75.097,0.51,2.0,1.94
ATOM,3324.0,O,ASP,268.0,86.027,-40.853,74.048,-0.51,1.7,15.14
ATOM,3325.0,CB,ASP,268.0,84.078,-40.286,75.917,-0.28,2.175,15.97
ATOM,3326.0,CG,ASP,268.0,84.774,-39.121,76.603,0.62,2.0,0.0
ATOM,3327.0,OD1,ASP,268.0,85.911,-39.298,77.087,-0.76,1.7,1.45
ATOM,3328.0,OD2,ASP,268.0,84.18,-38.025,76.659,-0.76,1.7,24.09
ATOM,3329.0,H,ASP,268.0,86.073,-41.46,77.853,0.31,0.2245,0.04
ATOM,3330.0,HA,ASP,268.0,84.331,-42.376,75.688,0.09,1.32,7.79
ATOM,3331.0,HB2,ASP,268.0,83.958,-40.063,74.957,0.09,1.32,6.68
ATOM,3332.0,HB3,ASP,268.0,83.199,-40.433,76.354,0.09,1.32,6.91
ATOM,3333.0,N,VAL,269.0,87.192,-42.12,75.486,-0.47,1.85,2.13
ATOM,3334.0,CA,VAL,269.0,88.406,-42.059,74.68,0.07,2.275,1.22
ATOM,3335.0,C,VAL,269.0,89.522,-42.953,75.212,0.51,2.0,0.0
ATOM,3336.0,O,VAL,269.0,89.679,-43.111,76.42,-0.51,1.7,0.0
ATOM,3337.0,CB,VAL,269.0,88.934,-40.607,74.616,-0.09,2.275,1.76
ATOM,3338.0,CG1,VAL,269.0,88.975,-40.01,76.012,-0.27,2.06,0.41
ATOM,3339.0,CG2,VAL,269.0,90.313,-40.575,73.986,-0.27,2.06,1.36
ATOM,3340.0,H,VAL,269.0,87.115,-42.638,76.374,0.31,0.2245,1.83
ATOM,3341.0,HA,VAL,269.0,88.177,-42.374,73.743,0.09,1.32,7.26
ATOM,3342.0,HB,VAL,269.0,88.283,-40.075,74.088,0.09,1.32,0.13
ATOM,3343.0,HG11,VAL,269.0,88.538,-39.11,76.005,0.09,1.32,0.22
ATOM,3344.0,HG12,VAL,269.0,88.489,-40.61,76.648,0.09,1.32,0.31
ATOM,3345.0,HG13,VAL,269.0,89.926,-39.914,76.308,0.09,1.32,0.0
ATOM,3346.0,HG21,VAL,269.0,90.438,-39.708,73.503,0.09,1.32,0.0
ATOM,3347.0,HG22,VAL,269.0,91.008,-40.662,74.701,0.09,1.32,0.0
ATOM,3348.0,HG23,VAL,269.0,90.401,-41.334,73.34,0.09,1.32,0.99
ATOM,3349.0,N,LEU,270.0,90.293,-43.535,74.3,-0.47,1.85,0.0
ATOM,3350.0,CA,LEU,270.0,91.412,-44.391,74.67,0.07,2.275,0.0
ATOM,3351.0,C,LEU,270.0,92.688,-43.624,74.389,0.51,2.0,0.0
ATOM,3352.0,O,LEU,270.0,92.741,-42.826,73.454,-0.51,1.7,2.46
ATOM,3353.0,CB,LEU,270.0,91.423,-45.672,73.843,-0.18,2.175,0.39
ATOM,3354.0,CG,LEU,270.0,90.13,-46.459,73.679,-0.09,2.275,3.71
ATOM,3355.0,CD1,LEU,270.0,90.467,-47.927,73.565,-0.27,2.06,32.54
ATOM,3356.0,CD2,LEU,270.0,89.203,-46.21,74.85,-0.27,2.06,17.95
ATOM,3357.0,H,LEU,270.0,90.031,-43.329,73.314,0.31,0.2245,5.91
ATOM,3358.0,HA,LEU,270.0,91.361,-44.581,75.645,0.09,1.32,0.0
ATOM,3359.0,HB2,LEU,270.0,91.745,-45.433,72.915,0.09,1.32,4.22
ATOM,3360.0,HB3,LEU,270.0,92.101,-46.296,74.256,0.09,1.32,0.0
ATOM,3361.0,HG,LEU,270.0,89.667,-46.156,72.853,0.09,1.32,10.03
ATOM,3362.0,HD11,LEU,270.0,90.945,-48.231,74.392,0.09,1.32,5.02
ATOM,3363.0,HD12,LEU,270.0,89.626,-48.461,73.456,0.09,1.32,10.56
ATOM,3364.0,HD13,LEU,270.0,91.058,-48.079,72.77,0.09,1.32,7.25
ATOM,3365.0,HD21,LEU,270.0,88.982,-45.234,74.905,0.09,1.32,0.0
ATOM,3366.0,HD22,LEU,270.0,88.357,-46.733,74.729,0.09,1.32,10.62
ATOM,3367.0,HD23,LEU,270.0,89.648,-46.495,75.701,0.09,1.32,0.0
ATOM,3368.0,N,ALA,271.0,93.716,-43.868,75.193,-0.47,1.85,0.0
ATOM,3369.0,CA,ALA,271.0,94.983,-43.185,75.007,0.07,2.275,0.0
ATOM,3370.0,C,ALA,271.0,96.1,-43.763,75.856,0.51,2.0,0.0
ATOM,3371.0,O,ALA,271.0,95.92,-44.05,77.039,-0.51,1.7,0.0
ATOM,3372.0,CB,ALA,271.0,94.827,-41.706,75.307,-0.27,2.06,0.0
ATOM,3373.0,H,ALA,271.0,93.537,-44.564,75.936,0.31,0.2245,0.0
ATOM,3374.0,HA,ALA,271.0,95.252,-43.258,74.028,0.09,1.32,0.0
ATOM,3375.0,HB1,ALA,271.0,94.277,-41.586,76.134,0.09,1.32,0.0
ATOM,3376.0,HB2,ALA,271.0,95.728,-41.294,75.447,0.09,1.32,0.0
ATOM,3377.0,HB3,ALA,271.0,94.372,-41.253,74.54,0.09,1.32,0.0
ATOM,3378.0,N,GLY,272.0,97.256,-43.941,75.226,-0.47,1.85,0.0
ATOM,3379.0,CA,GLY,272.0,98.42,-44.452,75.918,-0.02,2.175,0.0
ATOM,3380.0,C,GLY,272.0,99.282,-43.247,76.229,0.51,2.0,0.0
ATOM,3381.0,O,GLY,272.0,99.155,-42.209,75.571,-0.51,1.7,0.0
ATOM,3382.0,H,GLY,272.0,97.247,-43.686,74.219,0.31,0.2245,0.0
ATOM,3383.0,HA2,GLY,272.0,98.148,-44.893,76.76,0.09,1.32,0.0
ATOM,3384.0,HA3,GLY,272.0,98.917,-45.075,75.332,0.09,1.32,0.0
ATOM,3385.0,N,CYS,273.0,100.161,-43.371,77.215,-0.47,1.85,0.0
ATOM,3386.0,CA,CYS,273.0,101.003,-42.249,77.59,0.07,2.275,0.0
ATOM,3387.0,C,CYS,273.0,102.239,-42.694,78.36,0.51,2.0,0.0
ATOM,3388.0,O,CYS,273.0,102.141,-43.44,79.328,-0.51,1.7,0.0
ATOM,3389.0,CB,CYS,273.0,100.169,-41.279,78.424,-0.11,2.175,0.0
ATOM,3390.0,SG,CYS,273.0,101.033,-40.48,79.749,-0.23,2.0,0.0
ATOM,3391.0,H,CYS,273.0,100.19,-44.295,77.67,0.31,0.2245,0.0
ATOM,3392.0,HA,CYS,273.0,101.312,-41.786,76.745,0.09,1.32,0.0
ATOM,3393.0,HB2,CYS,273.0,99.805,-40.579,77.798,0.09,1.32,0.0
ATOM,3394.0,HB3,CYS,273.0,99.393,-41.798,78.803,0.09,1.32,0.0
ATOM,3395.0,HG,CYS,273.0,101.806,-39.945,79.391,0.16,0.45,0.0
ATOM,3396.0,N,ILE,274.0,103.405,-42.237,77.923,-0.47,1.85,0.0
ATOM,3397.0,CA,ILE,274.0,104.654,-42.596,78.582,0.07,2.275,0.0
ATOM,3398.0,C,ILE,274.0,105.52,-41.366,78.769,0.51,2.0,0.0
ATOM,3399.0,O,ILE,274.0,105.768,-40.623,77.82,-0.51,1.7,0.0
ATOM,3400.0,CB,ILE,274.0,105.457,-43.609,77.761,-0.09,2.275,0.0
ATOM,3401.0,CG1,ILE,274.0,104.67,-44.912,77.627,-0.18,2.175,0.0
ATOM,3402.0,CG2,ILE,274.0,106.8,-43.865,78.424,-0.27,2.06,0.0
ATOM,3403.0,CD1,ILE,274.0,105.32,-45.924,76.7,-0.27,2.06,0.0
ATOM,3404.0,H,ILE,274.0,103.351,-41.618,77.093,0.31,0.2245,0.0
ATOM,3405.0,HA,ILE,274.0,104.406,-42.918,79.499,0.09,1.32,0.0
ATOM,3406.0,HB,ILE,274.0,105.589,-43.235,76.85,0.09,1.32,0.0
ATOM,3407.0,HG12,ILE,274.0,104.574,-45.32,78.532,0.09,1.32,0.0
ATOM,3408.0,HG13,ILE,274.0,103.761,-44.695,77.274,0.09,1.32,0.0
ATOM,3409.0,HG21,ILE,274.0,107.329,-44.507,77.871,0.09,1.32,0.0
ATOM,3410.0,HG22,ILE,274.0,107.303,-43.006,78.505,0.09,1.32,0.0
ATOM,3411.0,HG23,ILE,274.0,106.656,-44.251,79.334,0.09,1.32,0.0
ATOM,3412.0,HD11,ILE,274.0,106.226,-46.155,77.05,0.09,1.32,0.0
ATOM,3413.0,HD12,ILE,274.0,104.754,-46.745,76.661,0.09,1.32,0.0
ATOM,3414.0,HD13,ILE,274.0,105.402,-45.528,75.787,0.09,1.32,0.0
ATOM,3415.0,N,SER,275.0,105.984,-41.157,79.995,-0.47,1.85,0.0
ATOM,3416.0,CA,SER,275.0,106.827,-40.011,80.298,0.07,2.275,0.0
ATOM,3417.0,C,SER,275.0,108.131,-40.486,80.923,0.51,2.0,0.0
ATOM,3418.0,O,SER,275.0,108.183,-41.568,81.516,-0.51,1.7,0.0
ATOM,3419.0,CB,SER,275.0,106.101,-39.061,81.251,0.05,2.175,0.0
ATOM,3420.0,OG,SER,275.0,104.706,-39.317,81.267,-0.66,1.77,0.0
ATOM,3421.0,H,SER,275.0,105.7,-41.864,80.698,0.31,0.2245,0.0
ATOM,3422.0,HA,SER,275.0,107.048,-39.547,79.437,0.09,1.32,0.0
ATOM,3423.0,HB2,SER,275.0,106.464,-39.188,82.17,0.09,1.32,0.0
ATOM,3424.0,HB3,SER,275.0,106.254,-38.124,80.949,0.09,1.32,0.0
ATOM,3425.0,HG,SER,275.0,104.547,-40.277,81.491,0.43,0.2245,0.0
ATOM,3426.0,N,GLY,276.0,109.175,-39.671,80.773,-0.47,1.85,0.0
ATOM,3427.0,CA,GLY,276.0,110.486,-39.991,81.312,-0.02,2.175,0.0
ATOM,3428.0,C,GLY,276.0,111.585,-39.127,80.713,0.51,2.0,0.19
ATOM,3429.0,O,GLY,276.0,111.3,-38.072,80.151,-0.51,1.7,0.0
ATOM,3430.0,H,GLY,276.0,108.968,-38.799,80.243,0.31,0.2245,0.0
ATOM,3431.0,HA2,GLY,276.0,110.476,-39.866,82.318,0.09,1.32,0.0
ATOM,3432.0,HA3,GLY,276.0,110.695,-40.966,81.133,0.09,1.32,0.0
ATOM,3433.0,N,PRO,277.0,112.855,-39.544,80.811,-0.29,1.85,0.73
ATOM,3434.0,CA,PRO,277.0,113.988,-38.783,80.266,0.02,2.275,1.89
ATOM,3435.0,C,PRO,277.0,114.019,-38.816,78.743,0.51,2.0,0.0
ATOM,3436.0,O,PRO,277.0,113.642,-39.812,78.13,-0.51,1.7,0.0
ATOM,3437.0,CB,PRO,277.0,115.203,-39.469,80.87,-0.18,2.175,13.48
ATOM,3438.0,CG,PRO,277.0,114.755,-40.874,81.062,-0.18,2.175,4.68
ATOM,3439.0,CD,PRO,277.0,113.302,-40.795,81.451,0.0,2.175,1.73
ATOM,3440.0,HA,PRO,277.0,113.969,-37.83,80.604,0.09,1.32,0.01
ATOM,3441.0,HB2,PRO,277.0,115.986,-39.423,80.246,0.09,1.32,2.01
ATOM,3442.0,HB3,PRO,277.0,115.453,-39.048,81.743,0.09,1.32,11.35
ATOM,3443.0,HG2,PRO,277.0,114.867,-41.403,80.212,0.09,1.32,0.0
ATOM,3444.0,HG3,PRO,277.0,115.293,-41.323,81.786,0.09,1.32,5.7
ATOM,3445.0,HD2,PRO,277.0,112.786,-41.573,81.098,0.09,1.32,0.0
ATOM,3446.0,HD3,PRO,277.0,113.191,-40.741,82.443,0.09,1.32,2.36
ATOM,3447.0,N,LEU,278.0,114.479,-37.729,78.138,-0.47,1.85,0.0
ATOM,3448.0,CA,LEU,278.0,114.543,-37.63,76.684,0.07,2.275,0.0
ATOM,3449.0,C,LEU,278.0,115.307,-38.773,76.028,0.51,2.0,0.0
ATOM,3450.0,O,LEU,278.0,114.741,-39.556,75.268,-0.51,1.7,0.0
ATOM,3451.0,CB,LEU,278.0,115.184,-36.309,76.285,-0.18,2.175,2.63
ATOM,3452.0,CG,LEU,278.0,114.559,-35.639,75.067,-0.09,2.275,1.18
ATOM,3453.0,CD1,LEU,278.0,114.9,-34.159,75.078,-0.27,2.06,33.19
ATOM,3454.0,CD2,LEU,278.0,115.072,-36.299,73.802,-0.27,2.06,14.34
ATOM,3455.0,H,LEU,278.0,114.784,-36.968,78.777,0.31,0.2245,0.0
ATOM,3456.0,HA,LEU,278.0,113.593,-37.633,76.321,0.09,1.32,0.0
ATOM,3457.0,HB2,LEU,278.0,115.096,-35.681,77.048,0.09,1.32,0.0
ATOM,3458.0,HB3,LEU,278.0,116.137,-36.48,76.075,0.09,1.32,3.01
ATOM,3459.0,HG,LEU,278.0,113.571,-35.752,75.103,0.09,1.32,0.0
ATOM,3460.0,HD11,LEU,278.0,115.894,-34.043,75.05,0.09,1.32,9.87
ATOM,3461.0,HD12,LEU,278.0,114.492,-33.714,74.28,0.09,1.32,10.59
ATOM,3462.0,HD13,LEU,278.0,114.541,-33.738,75.912,0.09,1.32,2.36
ATOM,3463.0,HD21,LEU,278.0,114.829,-37.271,73.806,0.09,1.32,0.0
ATOM,3464.0,HD22,LEU,278.0,114.661,-35.859,73.001,0.09,1.32,10.22
ATOM,3465.0,HD23,LEU,278.0,116.068,-36.208,73.754,0.09,1.32,8.59
ATOM,3466.0,N,LYS,279.0,116.6,-38.853,76.318,-0.47,1.85,0.31
ATOM,3467.0,CA,LYS,279.0,117.455,-39.895,75.765,0.07,2.275,2.17
ATOM,3468.0,C,LYS,279.0,116.729,-41.238,75.697,0.51,2.0,0.0
ATOM,3469.0,O,LYS,279.0,117.003,-42.066,74.827,-0.51,1.7,2.37
ATOM,3470.0,CB,LYS,279.0,118.717,-40.029,76.627,-0.18,2.175,9.08
ATOM,3471.0,CG,LYS,279.0,119.767,-40.987,76.072,-0.18,2.175,10.25
ATOM,3472.0,CD,LYS,279.0,120.356,-41.867,77.17,-0.18,2.175,9.95
ATOM,3473.0,CE,LYS,279.0,121.648,-42.534,76.717,0.21,2.175,20.68
ATOM,3474.0,NZ,LYS,279.0,122.752,-42.342,77.703,-0.3,1.85,14.41
ATOM,3475.0,H,LYS,279.0,116.946,-38.115,76.967,0.31,0.2245,2.79
ATOM,3476.0,HA,LYS,279.0,117.73,-39.632,74.83,0.09,1.32,6.63
ATOM,3477.0,HB2,LYS,279.0,119.133,-39.124,76.712,0.09,1.32,10.19
ATOM,3478.0,HB3,LYS,279.0,118.442,-40.355,77.532,0.09,1.32,1.83
ATOM,3479.0,HG2,LYS,279.0,119.341,-41.573,75.383,0.09,1.32,2.56
ATOM,3480.0,HG3,LYS,279.0,120.503,-40.457,75.653,0.09,1.32,9.2
ATOM,3481.0,HD2,LYS,279.0,120.552,-41.301,77.963,0.09,1.32,6.16
ATOM,3482.0,HD3,LYS,279.0,119.698,-42.575,77.402,0.09,1.32,1.8
ATOM,3483.0,HE2,LYS,279.0,121.482,-43.517,76.598,0.05,1.32,11.88
ATOM,3484.0,HE3,LYS,279.0,121.924,-42.142,75.835,0.05,1.32,7.77
ATOM,3485.0,HZ1,LYS,279.0,123.296,-41.547,77.438,0.33,0.2245,20.19
ATOM,3486.0,HZ2,LYS,279.0,122.361,-42.195,78.61,0.33,0.2245,15.69
ATOM,3487.0,HZ3,LYS,279.0,123.33,-43.157,77.713,0.33,0.2245,20.48
ATOM,3488.0,N,LEU,280.0,115.794,-41.441,76.616,-0.47,1.85,0.0
ATOM,3489.0,CA,LEU,280.0,115.037,-42.679,76.68,0.07,2.275,0.0
ATOM,3490.0,C,LEU,280.0,113.743,-42.652,75.872,0.51,2.0,0.0
ATOM,3491.0,O,LEU,280.0,113.587,-43.415,74.918,-0.51,1.7,0.0
ATOM,3492.0,CB,LEU,280.0,114.714,-43.007,78.138,-0.18,2.175,0.0
ATOM,3493.0,CG,LEU,280.0,115.636,-43.975,78.878,-0.09,2.275,1.46
ATOM,3494.0,CD1,LEU,280.0,114.936,-44.445,80.145,-0.27,2.06,2.19
ATOM,3495.0,CD2,LEU,280.0,115.986,-45.161,77.988,-0.27,2.06,13.26
ATOM,3496.0,H,LEU,280.0,115.654,-40.648,77.276,0.31,0.2245,0.0
ATOM,3497.0,HA,LEU,280.0,115.619,-43.433,76.318,0.09,1.32,0.0
ATOM,3498.0,HB2,LEU,280.0,114.716,-42.144,78.652,0.09,1.32,0.0
ATOM,3499.0,HB3,LEU,280.0,113.789,-43.397,78.165,0.09,1.32,0.0
ATOM,3500.0,HG,LEU,280.0,116.476,-43.505,79.118,0.09,1.32,4.24
ATOM,3501.0,HD11,LEU,280.0,114.083,-44.907,79.903,0.09,1.32,0.0
ATOM,3502.0,HD12,LEU,280.0,115.53,-45.08,80.639,0.09,1.32,0.0
ATOM,3503.0,HD13,LEU,280.0,114.734,-43.657,80.727,0.09,1.32,0.0
ATOM,3504.0,HD21,LEU,280.0,116.45,-44.835,77.164,0.09,1.32,1.61
ATOM,3505.0,HD22,LEU,280.0,116.589,-45.785,78.485,0.09,1.32,1.77
ATOM,3506.0,HD23,LEU,280.0,115.148,-45.643,77.729,0.09,1.32,0.0
ATOM,3507.0,N,VAL,281.0,112.815,-41.782,76.265,-0.47,1.85,0.0
ATOM,3508.0,CA,VAL,281.0,111.527,-41.671,75.588,0.07,2.275,0.0
ATOM,3509.0,C,VAL,281.0,111.694,-41.535,74.078,0.51,2.0,0.0
ATOM,3510.0,O,VAL,281.0,110.982,-42.174,73.306,-0.51,1.7,0.0
ATOM,3511.0,CB,VAL,281.0,110.708,-40.476,76.138,-0.09,2.275,0.0
ATOM,3512.0,CG1,VAL,281.0,111.476,-39.19,75.969,-0.27,2.06,0.0
ATOM,3513.0,CG2,VAL,281.0,109.382,-40.393,75.435,-0.27,2.06,0.0
ATOM,3514.0,H,VAL,281.0,113.084,-41.199,77.082,0.31,0.2245,0.0
ATOM,3515.0,HA,VAL,281.0,111.005,-42.516,75.767,0.09,1.32,0.0
ATOM,3516.0,HB,VAL,281.0,110.586,-40.627,77.114,0.09,1.32,0.0
ATOM,3517.0,HG11,VAL,281.0,111.651,-39.022,74.996,0.09,1.32,0.03
ATOM,3518.0,HG12,VAL,281.0,110.947,-38.425,76.343,0.09,1.32,0.0
ATOM,3519.0,HG13,VAL,281.0,112.352,-39.249,76.453,0.09,1.32,0.0
ATOM,3520.0,HG21,VAL,281.0,108.64,-40.568,76.087,0.09,1.32,0.0
ATOM,3521.0,HG22,VAL,281.0,109.264,-39.479,75.04,0.09,1.32,0.0
ATOM,3522.0,HG23,VAL,281.0,109.343,-41.076,74.701,0.09,1.32,0.0
ATOM,3523.0,N,SER,282.0,112.653,-40.72,73.659,-0.47,1.85,0.0
ATOM,3524.0,CA,SER,282.0,112.904,-40.525,72.239,0.07,2.275,0.18
ATOM,3525.0,C,SER,282.0,113.143,-41.856,71.523,0.51,2.0,0.0
ATOM,3526.0,O,SER,282.0,112.601,-42.087,70.445,-0.51,1.7,0.16
ATOM,3527.0,CB,SER,282.0,114.112,-39.612,72.041,0.05,2.175,9.65
ATOM,3528.0,OG,SER,282.0,115.319,-40.345,72.143,-0.66,1.77,13.41
ATOM,3529.0,H,SER,282.0,113.19,-40.25,74.408,0.31,0.2245,0.0
ATOM,3530.0,HA,SER,282.0,112.086,-40.1,71.829,0.09,1.32,0.0
ATOM,3531.0,HB2,SER,282.0,114.058,-39.199,71.138,0.09,1.32,10.78
ATOM,3532.0,HB3,SER,282.0,114.1,-38.907,72.743,0.09,1.32,0.0
ATOM,3533.0,HG,SER,282.0,115.131,-41.318,72.013,0.43,0.2245,0.18
ATOM,3534.0,N,GLU,283.0,113.952,-42.728,72.117,-0.47,1.85,0.0
ATOM,3535.0,CA,GLU,283.0,114.246,-44.022,71.508,0.07,2.275,0.0
ATOM,3536.0,C,GLU,283.0,112.956,-44.762,71.209,0.51,2.0,0.0
ATOM,3537.0,O,GLU,283.0,112.889,-45.556,70.274,-0.51,1.7,6.14
ATOM,3538.0,CB,GLU,283.0,115.116,-44.876,72.432,-0.18,2.175,0.02
ATOM,3539.0,CG,GLU,283.0,116.613,-44.765,72.156,-0.28,2.175,10.57
ATOM,3540.0,CD,GLU,283.0,117.137,-45.875,71.252,0.62,2.0,3.64
ATOM,3541.0,OE1,GLU,283.0,117.111,-47.052,71.674,-0.76,1.7,31.12
ATOM,3542.0,OE2,GLU,283.0,117.579,-45.568,70.121,-0.76,1.7,37.87
ATOM,3543.0,H,GLU,283.0,114.344,-42.418,73.023,0.31,0.2245,0.0
ATOM,3544.0,HA,GLU,283.0,114.762,-43.885,70.658,0.09,1.32,0.1
ATOM,3545.0,HB2,GLU,283.0,114.962,-44.573,73.355,0.09,1.32,0.0
ATOM,3546.0,HB3,GLU,283.0,114.86,-45.817,72.303,0.09,1.32,0.04
ATOM,3547.0,HG2,GLU,283.0,116.779,-43.91,71.701,0.09,1.32,4.53
ATOM,3548.0,HG3,GLU,283.0,117.091,-44.832,73.012,0.09,1.32,5.5
ATOM,3549.0,N,ILE,284.0,111.931,-44.499,72.007,-0.47,1.85,0.0
ATOM,3550.0,CA,ILE,284.0,110.649,-45.146,71.806,0.07,2.275,0.0
ATOM,3551.0,C,ILE,284.0,109.915,-44.433,70.688,0.51,2.0,0.0
ATOM,3552.0,O,ILE,284.0,109.417,-45.061,69.754,-0.51,1.7,0.0
ATOM,3553.0,CB,ILE,284.0,109.788,-45.081,73.068,-0.09,2.275,0.0
ATOM,3554.0,CG1,ILE,284.0,110.63,-45.446,74.291,-0.18,2.175,0.0
ATOM,3555.0,CG2,ILE,284.0,108.609,-46.025,72.929,-0.27,2.06,0.0
ATOM,3556.0,CD1,ILE,284.0,109.838,-45.517,75.581,-0.27,2.06,0.0
ATOM,3557.0,H,ILE,284.0,112.122,-43.815,72.759,0.31,0.2245,0.0
ATOM,3558.0,HA,ILE,284.0,110.845,-46.069,71.478,0.09,1.32,0.0
ATOM,3559.0,HB,ILE,284.0,109.472,-44.146,73.182,0.09,1.32,0.0
ATOM,3560.0,HG12,ILE,284.0,111.06,-46.332,74.126,0.09,1.32,0.0
ATOM,3561.0,HG13,ILE,284.0,111.347,-44.757,74.394,0.09,1.32,0.0
ATOM,3562.0,HG21,ILE,284.0,108.034,-45.967,73.744,0.09,1.32,0.0
ATOM,3563.0,HG22,ILE,284.0,108.07,-45.773,72.126,0.09,1.32,0.0
ATOM,3564.0,HG23,ILE,284.0,108.939,-46.962,72.824,0.09,1.32,0.0
ATOM,3565.0,HD11,ILE,284.0,109.125,-46.211,75.493,0.09,1.32,0.0
ATOM,3566.0,HD12,ILE,284.0,110.451,-45.759,76.332,0.09,1.32,0.0
ATOM,3567.0,HD13,ILE,284.0,109.421,-44.628,75.762,0.09,1.32,0.0
ATOM,3568.0,N,ARG,285.0,109.858,-43.11,70.797,-0.47,1.85,0.0
ATOM,3569.0,CA,ARG,285.0,109.191,-42.273,69.811,0.07,2.275,0.0
ATOM,3570.0,C,ARG,285.0,109.633,-42.655,68.407,0.51,2.0,0.0
ATOM,3571.0,O,ARG,285.0,108.849,-42.589,67.461,-0.51,1.7,0.0
ATOM,3572.0,CB,ARG,285.0,109.514,-40.804,70.075,-0.18,2.175,0.0
ATOM,3573.0,CG,ARG,285.0,109.043,-39.859,68.993,-0.18,2.175,0.26
ATOM,3574.0,CD,ARG,285.0,108.082,-38.816,69.557,0.2,2.175,4.18
ATOM,3575.0,NE,ARG,285.0,108.708,-37.976,70.577,-0.7,1.85,4.78
ATOM,3576.0,CZ,ARG,285.0,108.034,-37.211,71.432,0.64,2.0,1.72
ATOM,3577.0,NH1,ARG,285.0,106.709,-37.179,71.393,-0.8,1.85,4.8
ATOM,3578.0,NH2,ARG,285.0,108.683,-36.476,72.326,-0.8,1.85,12.59
ATOM,3579.0,H,ARG,285.0,110.33,-42.727,71.646,0.31,0.2245,0.0
ATOM,3580.0,HA,ARG,285.0,108.198,-42.411,69.885,0.09,1.32,0.0
ATOM,3581.0,HB2,ARG,285.0,109.078,-40.539,70.933,0.09,1.32,0.0
ATOM,3582.0,HB3,ARG,285.0,110.504,-40.714,70.159,0.09,1.32,0.17
ATOM,3583.0,HG2,ARG,285.0,109.821,-39.379,68.602,0.09,1.32,6.33
ATOM,3584.0,HG3,ARG,285.0,108.561,-40.368,68.287,0.09,1.32,0.0
ATOM,3585.0,HD2,ARG,285.0,107.773,-38.243,68.802,0.09,1.32,1.86
ATOM,3586.0,HD3,ARG,285.0,107.306,-39.299,69.957,0.09,1.32,0.0
ATOM,3587.0,HE,ARG,285.0,109.712,-37.976,70.636,0.44,0.2245,5.36
ATOM,3588.0,HH11,ARG,285.0,106.197,-37.735,70.745,0.46,0.2245,2.47
ATOM,3589.0,HH12,ARG,285.0,106.208,-36.581,72.032,0.46,0.2245,0.0
ATOM,3590.0,HH21,ARG,285.0,109.685,-36.518,72.364,0.46,0.2245,7.67
ATOM,3591.0,HH22,ARG,285.0,108.182,-35.888,72.955,0.46,0.2245,3.18
ATOM,3592.0,N,ASN,286.0,110.892,-43.062,68.274,-0.47,1.85,0.0
ATOM,3593.0,CA,ASN,286.0,111.423,-43.459,66.979,0.07,2.275,1.42
ATOM,3594.0,C,ASN,286.0,110.719,-44.705,66.465,0.51,2.0,0.04
ATOM,3595.0,O,ASN,286.0,110.243,-44.732,65.33,-0.51,1.7,2.56
ATOM,3596.0,CB,ASN,286.0,112.921,-43.714,67.077,-0.18,2.175,6.22
ATOM,3597.0,CG,ASN,286.0,113.735,-42.453,66.885,0.55,2.0,1.56
ATOM,3598.0,H,ASN,286.0,111.444,-43.07,69.15,0.31,0.2245,0.0
ATOM,3599.0,HA,ASN,286.0,111.218,-42.716,66.331,0.09,1.32,0.14
ATOM,3600.0,HB2,ASN,286.0,113.121,-44.087,67.979,0.09,1.32,0.0
ATOM,3601.0,HB3,ASN,286.0,113.178,-44.369,66.371,0.09,1.32,9.28
ATOM,3602.0,OD1,ASN,286.0,113.187,-41.382,66.612,-0.55,1.7,22.92
ATOM,3603.0,ND2,ASN,286.0,115.052,-42.569,67.026,-0.62,1.85,19.98
ATOM,3604.0,HD22,ASN,286.0,115.452,-43.461,67.242,0.3,0.2245,8.7
ATOM,3605.0,HD21,ASN,286.0,115.641,-41.77,66.916,0.32,0.2245,21.59
ATOM,3606.0,N,LEU,287.0,110.648,-45.737,67.3,-0.47,1.85,0.45
ATOM,3607.0,CA,LEU,287.0,109.985,-46.969,66.897,0.07,2.275,2.57
ATOM,3608.0,C,LEU,287.0,108.485,-46.724,66.741,0.51,2.0,0.0
ATOM,3609.0,O,LEU,287.0,107.826,-47.375,65.931,-0.51,1.7,0.0
ATOM,3610.0,CB,LEU,287.0,110.234,-48.071,67.928,-0.18,2.175,0.64
ATOM,3611.0,CG,LEU,287.0,109.326,-49.296,67.816,-0.09,2.275,0.0
ATOM,3612.0,CD1,LEU,287.0,109.445,-49.879,66.426,-0.27,2.06,12.24
ATOM,3613.0,CD2,LEU,287.0,109.713,-50.327,68.855,-0.27,2.06,2.46
ATOM,3614.0,H,LEU,287.0,111.087,-45.592,68.221,0.31,0.2245,0.0
ATOM,3615.0,HA,LEU,287.0,110.351,-47.258,66.01,0.09,1.32,0.28
ATOM,3616.0,HB2,LEU,287.0,111.171,-48.385,67.82,0.09,1.32,8.66
ATOM,3617.0,HB3,LEU,287.0,110.099,-47.681,68.831,0.09,1.32,0.0
ATOM,3618.0,HG,LEU,287.0,108.386,-49.017,67.984,0.09,1.32,0.0
ATOM,3619.0,HD11,LEU,287.0,110.394,-50.15,66.252,0.09,1.32,9.65
ATOM,3620.0,HD12,LEU,287.0,108.853,-50.683,66.343,0.09,1.32,0.71
ATOM,3621.0,HD13,LEU,287.0,109.169,-49.196,65.747,0.09,1.32,0.0
ATOM,3622.0,HD21,LEU,287.0,109.62,-49.935,69.772,0.09,1.32,0.0
ATOM,3623.0,HD22,LEU,287.0,109.115,-51.127,68.777,0.09,1.32,0.12
ATOM,3624.0,HD23,LEU,287.0,110.663,-50.611,68.713,0.09,1.32,4.24
ATOM,3625.0,N,HIS,288.0,107.954,-45.782,67.518,-0.47,1.85,0.0
ATOM,3626.0,CA,HIS,288.0,106.533,-45.442,67.463,0.07,2.275,0.0
ATOM,3627.0,C,HIS,288.0,106.208,-44.85,66.097,0.51,2.0,0.0
ATOM,3628.0,O,HIS,288.0,105.12,-45.06,65.549,-0.51,1.7,0.0
ATOM,3629.0,CB,HIS,288.0,106.192,-44.425,68.559,-0.08,2.175,0.0
ATOM,3630.0,CG,HIS,288.0,104.858,-43.764,68.389,0.22,1.8,0.0
ATOM,3631.0,ND1,HIS,288.0,104.72,-42.415,68.138,-0.7,1.85,0.11
ATOM,3632.0,CD2,HIS,288.0,103.603,-44.272,68.405,-0.05,1.8,0.0
ATOM,3633.0,CE1,HIS,288.0,103.439,-42.122,68.004,0.25,1.8,1.28
ATOM,3634.0,NE2,HIS,288.0,102.739,-43.232,68.162,-0.36,1.85,0.0
ATOM,3635.0,H,HIS,288.0,108.628,-45.316,68.158,0.31,0.2245,0.0
ATOM,3636.0,HA,HIS,288.0,106.001,-46.281,67.578,0.09,1.32,0.0
ATOM,3637.0,HB2,HIS,288.0,106.202,-44.892,69.452,0.09,1.32,0.0
ATOM,3638.0,HB3,HIS,288.0,106.9,-43.709,68.569,0.09,1.32,0.0
ATOM,3639.0,HD2,HIS,288.0,103.351,-45.224,68.564,0.09,1.468,0.06
ATOM,3640.0,HE1,HIS,288.0,103.063,-41.219,67.818,0.13,0.9,9.28
ATOM,3641.0,HE2,HIS,288.0,101.742,-43.303,68.111,0.32,0.2245,0.0
ATOM,3642.0,N,HIS,289.0,107.169,-44.112,65.551,-0.47,1.85,0.0
ATOM,3643.0,CA,HIS,289.0,107.003,-43.477,64.257,0.07,2.275,0.0
ATOM,3644.0,C,HIS,289.0,106.871,-44.499,63.139,0.51,2.0,0.0
ATOM,3645.0,O,HIS,289.0,106.584,-44.146,61.997,-0.51,1.7,1.35
ATOM,3646.0,CB,HIS,289.0,108.184,-42.55,63.992,-0.09,2.175,5.54
ATOM,3647.0,CG,HIS,289.0,108.082,-41.237,64.702,-0.05,1.8,0.0
ATOM,3648.0,H,HIS,289.0,108.034,-44.033,66.125,0.31,0.2245,0.0
ATOM,3649.0,HA,HIS,289.0,106.158,-42.922,64.278,0.09,1.32,0.0
ATOM,3650.0,HB2,HIS,289.0,109.032,-43.004,64.288,0.09,1.32,0.01
ATOM,3651.0,HB3,HIS,289.0,108.245,-42.37,63.004,0.09,1.32,1.45
ATOM,3652.0,ND1,HIS,289.0,109.086,-40.295,64.674,-0.36,1.85,1.2
ATOM,3653.0,CD2,HIS,289.0,107.086,-40.706,65.451,0.22,1.8,0.04
ATOM,3654.0,CE1,HIS,289.0,108.713,-39.237,65.375,0.25,1.8,4.79
ATOM,3655.0,NE2,HIS,289.0,107.504,-39.462,65.857,-0.7,1.85,0.79
ATOM,3656.0,HD1,HIS,289.0,109.959,-40.396,64.198,0.32,0.2245,14.32
ATOM,3657.0,HD2,HIS,289.0,106.214,-41.136,65.668,0.1,1.468,0.0
ATOM,3658.0,HE1,HIS,289.0,109.252,-38.412,65.516,0.13,0.9,15.34
ATOM,3659.0,N,ILE,290.0,107.068,-45.767,63.475,-0.47,1.85,0.0
ATOM,3660.0,CA,ILE,290.0,106.975,-46.833,62.495,0.07,2.275,0.0
ATOM,3661.0,C,ILE,290.0,105.779,-47.742,62.751,0.51,2.0,0.0
ATOM,3662.0,O,ILE,290.0,105.034,-48.061,61.829,-0.51,1.7,19.88
ATOM,3663.0,CB,ILE,290.0,108.252,-47.679,62.49,-0.09,2.275,0.0
ATOM,3664.0,CG1,ILE,290.0,109.393,-46.882,61.862,-0.18,2.175,11.02
ATOM,3665.0,CG2,ILE,290.0,108.02,-48.972,61.728,-0.27,2.06,24.32
ATOM,3666.0,CD1,ILE,290.0,110.758,-47.32,62.324,-0.27,2.06,33.66
ATOM,3667.0,H,ILE,290.0,107.289,-45.924,64.478,0.31,0.2245,0.0
ATOM,3668.0,HA,ILE,290.0,106.811,-46.389,61.604,0.09,1.32,3.34
ATOM,3669.0,HB,ILE,290.0,108.496,-47.876,63.431,0.09,1.32,0.0
ATOM,3670.0,HG12,ILE,290.0,109.337,-46.979,60.87,0.09,1.32,8.68
ATOM,3671.0,HG13,ILE,290.0,109.266,-45.919,62.096,0.09,1.32,0.68
ATOM,3672.0,HG21,ILE,290.0,108.851,-49.527,61.749,0.09,1.32,7.01
ATOM,3673.0,HG22,ILE,290.0,107.271,-49.481,62.151,0.09,1.32,0.31
ATOM,3674.0,HG23,ILE,290.0,107.784,-48.764,60.779,0.09,1.32,9.15
ATOM,3675.0,HD11,ILE,290.0,110.899,-48.281,62.086,0.09,1.32,7.16
ATOM,3676.0,HD12,ILE,290.0,111.458,-46.761,61.878,0.09,1.32,11.56
ATOM,3677.0,HD13,ILE,290.0,110.827,-47.209,63.316,0.09,1.32,0.21
ATOM,3678.0,N,LEU,291.0,105.593,-48.168,63.997,-0.47,1.85,0.0
ATOM,3679.0,CA,LEU,291.0,104.471,-49.039,64.332,0.07,2.275,1.27
ATOM,3680.0,C,LEU,291.0,103.176,-48.278,64.12,0.51,2.0,0.48
ATOM,3681.0,O,LEU,291.0,102.095,-48.862,64.101,-0.51,1.7,25.26
ATOM,3682.0,CB,LEU,291.0,104.583,-49.519,65.78,-0.18,2.175,3.15
ATOM,3683.0,CG,LEU,291.0,105.866,-50.297,66.101,-0.09,2.275,0.0
ATOM,3684.0,CD1,LEU,291.0,105.715,-50.98,67.431,-0.27,2.06,1.48
ATOM,3685.0,CD2,LEU,291.0,106.157,-51.319,65.017,-0.27,2.06,23.44
ATOM,3686.0,H,LEU,291.0,106.29,-47.838,64.684,0.31,0.2245,0.0
ATOM,3687.0,HA,LEU,291.0,104.484,-49.827,63.718,0.09,1.32,4.57
ATOM,3688.0,HB2,LEU,291.0,104.565,-48.724,66.369,0.09,1.32,0.03
ATOM,3689.0,HB3,LEU,291.0,103.819,-50.119,65.965,0.09,1.32,6.69
ATOM,3690.0,HG,LEU,291.0,106.628,-49.656,66.131,0.09,1.32,0.0
ATOM,3691.0,HD11,LEU,291.0,104.94,-51.617,67.404,0.09,1.32,6.48
ATOM,3692.0,HD12,LEU,291.0,106.549,-51.492,67.651,0.09,1.32,0.17
ATOM,3693.0,HD13,LEU,291.0,105.552,-50.3,68.15,0.09,1.32,0.0
ATOM,3694.0,HD21,LEU,291.0,106.273,-50.854,64.138,0.09,1.32,0.06
ATOM,3695.0,HD22,LEU,291.0,106.996,-51.818,65.241,0.09,1.32,5.55
ATOM,3696.0,HD23,LEU,291.0,105.395,-51.966,64.951,0.09,1.32,9.88
ATOM,3697.0,N,GLY,292.0,103.314,-46.964,63.966,-0.47,1.85,0.0
ATOM,3698.0,CA,GLY,292.0,102.187,-46.084,63.715,-0.02,2.175,0.69
ATOM,3699.0,C,GLY,292.0,100.969,-46.207,64.603,0.51,2.0,0.0
ATOM,3700.0,O,GLY,292.0,99.88,-46.516,64.127,-0.51,1.7,28.12
ATOM,3701.0,H,GLY,292.0,104.3,-46.625,64.042,0.31,0.2245,0.0
ATOM,3702.0,HA2,GLY,292.0,102.524,-45.099,63.746,0.09,1.32,0.0
ATOM,3703.0,HA3,GLY,292.0,101.89,-46.203,62.724,0.09,1.32,6.88
ATOM,3704.0,N,GLY,293.0,101.145,-45.962,65.895,-0.47,1.85,0.1
ATOM,3705.0,CA,GLY,293.0,100.024,-46.034,66.816,-0.02,2.175,7.62
ATOM,3706.0,C,GLY,293.0,99.618,-44.619,67.181,0.51,2.0,0.0
ATOM,3707.0,O,GLY,293.0,99.17,-44.347,68.295,-0.51,1.7,0.0
ATOM,3708.0,H,GLY,293.0,102.109,-45.726,66.174,0.31,0.2245,0.0
ATOM,3709.0,HA2,GLY,293.0,99.258,-46.499,66.38,0.09,1.32,6.59
ATOM,3710.0,HA3,GLY,293.0,100.295,-46.527,67.64,0.09,1.32,0.0
ATOM,3711.0,N,ALA,294.0,99.785,-43.717,66.218,-0.47,1.85,0.84
ATOM,3712.0,CA,ALA,294.0,99.475,-42.306,66.396,0.07,2.275,0.0
ATOM,3713.0,C,ALA,294.0,98.117,-42.052,67.029,0.51,2.0,0.0
ATOM,3714.0,O,ALA,294.0,97.143,-42.748,66.747,-0.51,1.7,16.38
ATOM,3715.0,CB,ALA,294.0,99.564,-41.587,65.055,-0.27,2.06,14.05
ATOM,3716.0,H,ALA,294.0,100.158,-44.11,65.322,0.31,0.2245,0.0
ATOM,3717.0,HA,ALA,294.0,100.191,-41.89,66.991,0.09,1.32,0.02
ATOM,3718.0,HB1,ALA,294.0,100.008,-42.182,64.387,0.09,1.32,0.11
ATOM,3719.0,HB2,ALA,294.0,98.644,-41.358,64.738,0.09,1.32,8.06
ATOM,3720.0,HB3,ALA,294.0,100.098,-40.749,65.161,0.09,1.32,3.04
ATOM,3721.0,N,LEU,295.0,98.071,-41.037,67.884,-0.47,1.85,0.0
ATOM,3722.0,CA,LEU,295.0,96.848,-40.649,68.569,0.07,2.275,0.0
ATOM,3723.0,C,LEU,295.0,96.193,-39.532,67.769,0.51,2.0,0.24
ATOM,3724.0,O,LEU,295.0,96.872,-38.606,67.323,-0.51,1.7,8.57
ATOM,3725.0,CB,LEU,295.0,97.17,-40.161,69.981,-0.18,2.175,0.0
ATOM,3726.0,CG,LEU,295.0,96.011,-39.531,70.747,-0.09,2.275,0.0
ATOM,3727.0,CD1,LEU,295.0,95.236,-40.607,71.486,-0.27,2.06,0.12
ATOM,3728.0,CD2,LEU,295.0,96.547,-38.496,71.71,-0.27,2.06,0.0
ATOM,3729.0,H,LEU,295.0,98.983,-40.546,68.02,0.31,0.2245,5.0
ATOM,3730.0,HA,LEU,295.0,96.229,-41.428,68.59,0.09,1.32,0.19
ATOM,3731.0,HB2,LEU,295.0,97.487,-40.943,70.509,0.09,1.32,0.0
ATOM,3732.0,HB3,LEU,295.0,97.889,-39.478,69.911,0.09,1.32,0.08
ATOM,3733.0,HG,LEU,295.0,95.407,-39.069,70.102,0.09,1.32,0.0
ATOM,3734.0,HD11,LEU,295.0,95.842,-41.074,72.131,0.09,1.32,0.0
ATOM,3735.0,HD12,LEU,295.0,94.477,-40.19,71.987,0.09,1.32,0.0
ATOM,3736.0,HD13,LEU,295.0,94.875,-41.271,70.83,0.09,1.32,2.39
ATOM,3737.0,HD21,LEU,295.0,97.037,-37.783,71.204,0.09,1.32,0.0
ATOM,3738.0,HD22,LEU,295.0,95.789,-38.079,72.216,0.09,1.32,0.0
ATOM,3739.0,HD23,LEU,295.0,97.176,-38.929,72.359,0.09,1.32,0.0
ATOM,3740.0,N,ASN,296.0,94.879,-39.616,67.592,-0.47,1.85,1.14
ATOM,3741.0,CA,ASN,296.0,94.154,-38.614,66.823,0.07,2.275,2.36
ATOM,3742.0,C,ASN,296.0,93.988,-37.299,67.559,0.51,2.0,0.0
ATOM,3743.0,O,ASN,296.0,93.695,-37.282,68.741,-0.51,1.7,0.0
ATOM,3744.0,CB,ASN,296.0,92.778,-39.144,66.434,-0.18,2.175,15.26
ATOM,3745.0,CG,ASN,296.0,91.997,-38.154,65.604,0.55,2.0,1.92
ATOM,3746.0,OD1,ASN,296.0,91.993,-38.228,64.372,-0.55,1.7,30.16
ATOM,3747.0,ND2,ASN,296.0,91.318,-37.222,66.274,-0.62,1.85,4.78
ATOM,3748.0,H,ASN,296.0,94.428,-40.436,68.038,0.31,0.2245,5.19
ATOM,3749.0,HA,ASN,296.0,94.705,-38.422,65.991,0.09,1.32,2.84
ATOM,3750.0,HB2,ASN,296.0,92.9,-39.979,65.905,0.09,1.32,10.93
ATOM,3751.0,HB3,ASN,296.0,92.268,-39.336,67.267,0.09,1.32,0.78
ATOM,3752.0,HD22,ASN,296.0,91.353,-37.206,67.274,0.3,0.2245,0.0
ATOM,3753.0,HD21,ASN,296.0,90.779,-36.544,65.779,0.32,0.2245,0.0
ATOM,3754.0,N,PRO,297.0,94.163,-36.176,66.857,-0.29,1.85,0.0
ATOM,3755.0,CA,PRO,297.0,94.031,-34.849,67.449,0.02,2.275,0.0
ATOM,3756.0,C,PRO,297.0,92.777,-34.683,68.282,0.51,2.0,0.0
ATOM,3757.0,O,PRO,297.0,92.828,-34.139,69.384,-0.51,1.7,0.0
ATOM,3758.0,CB,PRO,297.0,94.02,-33.92,66.247,-0.18,2.175,0.0
ATOM,3759.0,CG,PRO,297.0,94.763,-34.64,65.214,-0.18,2.175,1.19
ATOM,3760.0,CD,PRO,297.0,94.506,-36.1,65.429,0.0,2.175,8.17
ATOM,3761.0,HA,PRO,297.0,94.86,-34.621,67.998,0.09,1.32,0.0
ATOM,3762.0,HB2,PRO,297.0,93.072,-33.729,65.958,0.09,1.32,0.0
ATOM,3763.0,HB3,PRO,297.0,94.459,-33.041,66.476,0.09,1.32,0.0
ATOM,3764.0,HG2,PRO,297.0,94.462,-34.361,64.285,0.09,1.32,0.55
ATOM,3765.0,HG3,PRO,297.0,95.758,-34.443,65.275,0.09,1.32,0.0
ATOM,3766.0,HD2,PRO,297.0,93.745,-36.427,64.868,0.09,1.32,0.0
ATOM,3767.0,HD3,PRO,297.0,95.32,-36.651,65.233,0.09,1.32,4.77
ATOM,3768.0,N,ASN,298.0,91.65,-35.143,67.756,-0.47,1.85,0.0
ATOM,3769.0,CA,ASN,298.0,90.39,-35.015,68.471,0.07,2.275,0.01
ATOM,3770.0,C,ASN,298.0,90.434,-35.708,69.83,0.51,2.0,0.0
ATOM,3771.0,O,ASN,298.0,89.95,-35.164,70.829,-0.51,1.7,0.95
ATOM,3772.0,CB,ASN,298.0,89.248,-35.566,67.62,-0.18,2.175,13.72
ATOM,3773.0,CG,ASN,298.0,88.945,-34.686,66.425,0.55,2.0,2.1
ATOM,3774.0,OD1,ASN,298.0,89.361,-34.972,65.297,-0.55,1.7,11.21
ATOM,3775.0,ND2,ASN,298.0,88.211,-33.609,66.662,-0.62,1.85,15.66
ATOM,3776.0,H,ASN,298.0,91.744,-35.584,66.827,0.31,0.2245,0.0
ATOM,3777.0,HA,ASN,298.0,90.244,-34.031,68.649,0.09,1.32,0.0
ATOM,3778.0,HB2,ASN,298.0,89.506,-36.47,67.292,0.09,1.32,1.11
ATOM,3779.0,HB3,ASN,298.0,88.432,-35.625,68.187,0.09,1.32,6.5
ATOM,3780.0,HD22,ASN,298.0,87.893,-33.41,67.59,0.3,0.2245,12.53
ATOM,3781.0,HD21,ASN,298.0,87.971,-32.989,65.912,0.32,0.2245,11.46
ATOM,3782.0,N,ALA,299.0,91.012,-36.904,69.868,-0.47,1.85,1.05
ATOM,3783.0,CA,ALA,299.0,91.139,-37.64,71.116,0.07,2.275,2.06
ATOM,3784.0,C,ALA,299.0,92.016,-36.805,72.054,0.51,2.0,0.0
ATOM,3785.0,O,ALA,299.0,91.649,-36.524,73.196,-0.51,1.7,0.0
ATOM,3786.0,CB,ALA,299.0,91.777,-38.983,70.854,-0.27,2.06,8.33
ATOM,3787.0,H,ALA,299.0,91.354,-37.254,68.955,0.31,0.2245,0.0
ATOM,3788.0,HA,ALA,299.0,90.242,-37.742,71.53,0.09,1.32,0.0
ATOM,3789.0,HB1,ALA,299.0,91.718,-39.554,71.675,0.09,1.32,0.0
ATOM,3790.0,HB2,ALA,299.0,91.304,-39.443,70.1,0.09,1.32,6.68
ATOM,3791.0,HB3,ALA,299.0,92.741,-38.86,70.609,0.09,1.32,0.0
ATOM,3792.0,N,ALA,300.0,93.173,-36.403,71.543,-0.47,1.85,0.0
ATOM,3793.0,CA,ALA,300.0,94.119,-35.596,72.288,0.07,2.275,0.0
ATOM,3794.0,C,ALA,300.0,93.393,-34.481,73.01,0.51,2.0,0.0
ATOM,3795.0,O,ALA,300.0,93.475,-34.366,74.232,-0.51,1.7,0.0
ATOM,3796.0,CB,ALA,300.0,95.164,-35.008,71.344,-0.27,2.06,0.0
ATOM,3797.0,H,ALA,300.0,93.34,-36.719,70.559,0.31,0.2245,0.0
ATOM,3798.0,HA,ALA,300.0,94.578,-36.176,72.969,0.09,1.32,0.0
ATOM,3799.0,HB1,ALA,300.0,94.773,-34.225,70.862,0.09,1.32,0.0
ATOM,3800.0,HB2,ALA,300.0,95.959,-34.712,71.871,0.09,1.32,0.0
ATOM,3801.0,HB3,ALA,300.0,95.442,-35.703,70.682,0.09,1.32,0.0
ATOM,3802.0,N,TYR,301.0,92.679,-33.658,72.256,-0.47,1.85,0.0
ATOM,3803.0,CA,TYR,301.0,91.962,-32.549,72.861,0.07,2.275,0.0
ATOM,3804.0,C,TYR,301.0,91.061,-33.024,73.99,0.51,2.0,0.0
ATOM,3805.0,O,TYR,301.0,91.109,-32.489,75.095,-0.51,1.7,0.0
ATOM,3806.0,CB,TYR,301.0,91.124,-31.805,71.823,-0.18,2.175,0.07
ATOM,3807.0,CG,TYR,301.0,90.334,-30.675,72.431,0.0,1.9924,0.0
ATOM,3808.0,CD1,TYR,301.0,90.847,-29.384,72.464,-0.115,1.9924,0.0
ATOM,3809.0,CD2,TYR,301.0,89.088,-30.907,73.016,-0.115,1.9924,5.82
ATOM,3810.0,CE1,TYR,301.0,90.139,-28.345,73.068,-0.115,1.9924,4.95
ATOM,3811.0,CE2,TYR,301.0,88.373,-29.882,73.623,-0.115,1.9924,9.84
ATOM,3812.0,CZ,TYR,301.0,88.9,-28.604,73.65,0.11,1.9924,1.93
ATOM,3813.0,OH,TYR,301.0,88.19,-27.596,74.27,-0.54,1.77,13.7
ATOM,3814.0,H,TYR,301.0,92.679,-33.867,71.247,0.31,0.2245,0.0
ATOM,3815.0,HA,TYR,301.0,92.637,-31.906,73.248,0.09,1.32,0.0
ATOM,3816.0,HB2,TYR,301.0,91.735,-31.429,71.139,0.09,1.32,0.0
ATOM,3817.0,HB3,TYR,301.0,90.489,-32.448,71.416,0.09,1.32,0.53
ATOM,3818.0,HD1,TYR,301.0,91.737,-29.191,72.051,0.115,1.3582,0.0
ATOM,3819.0,HD2,TYR,301.0,88.703,-31.829,72.996,0.115,1.3582,0.29
ATOM,3820.0,HE1,TYR,301.0,90.517,-27.421,73.082,0.115,1.3582,0.0
ATOM,3821.0,HE2,TYR,301.0,87.483,-30.069,74.038,0.115,1.3582,3.16
ATOM,3822.0,HH,TYR,301.0,88.799,-26.823,74.434,0.43,0.2245,0.61
ATOM,3823.0,N,LEU,302.0,90.245,-34.032,73.711,-0.47,1.85,0.0
ATOM,3824.0,CA,LEU,302.0,89.33,-34.558,74.712,0.07,2.275,0.0
ATOM,3825.0,C,LEU,302.0,90.022,-34.844,76.039,0.51,2.0,0.0
ATOM,3826.0,O,LEU,302.0,89.421,-34.698,77.105,-0.51,1.7,5.86
ATOM,3827.0,CB,LEU,302.0,88.659,-35.823,74.193,-0.18,2.175,0.0
ATOM,3828.0,CG,LEU,302.0,87.457,-35.578,73.279,-0.09,2.275,1.86
ATOM,3829.0,CD1,LEU,302.0,86.864,-36.913,72.871,-0.27,2.06,17.37
ATOM,3830.0,CD2,LEU,302.0,86.413,-34.727,73.989,-0.27,2.06,22.37
ATOM,3831.0,H,LEU,302.0,90.315,-34.4,72.746,0.31,0.2245,0.0
ATOM,3832.0,HA,LEU,302.0,88.602,-33.873,74.875,0.09,1.32,0.0
ATOM,3833.0,HB2,LEU,302.0,89.327,-36.335,73.671,0.09,1.32,0.0
ATOM,3834.0,HB3,LEU,302.0,88.338,-36.344,74.971,0.09,1.32,0.29
ATOM,3835.0,HG,LEU,302.0,87.76,-35.086,72.47,0.09,1.32,2.05
ATOM,3836.0,HD11,LEU,302.0,86.569,-37.414,73.686,0.09,1.32,0.0
ATOM,3837.0,HD12,LEU,302.0,86.076,-36.763,72.272,0.09,1.32,10.68
ATOM,3838.0,HD13,LEU,302.0,87.552,-37.452,72.383,0.09,1.32,1.78
ATOM,3839.0,HD21,LEU,302.0,86.815,-33.846,74.241,0.09,1.32,0.0
ATOM,3840.0,HD22,LEU,302.0,85.634,-34.576,73.379,0.09,1.32,10.56
ATOM,3841.0,HD23,LEU,302.0,86.102,-35.199,74.815,0.09,1.32,2.39
ATOM,3842.0,N,ILE,303.0,91.282,-35.259,75.974,-0.47,1.85,0.0
ATOM,3843.0,CA,ILE,303.0,92.039,-35.532,77.189,0.07,2.275,0.0
ATOM,3844.0,C,ILE,303.0,92.445,-34.196,77.811,0.51,2.0,0.0
ATOM,3845.0,O,ILE,303.0,92.31,-33.998,79.017,-0.51,1.7,0.0
ATOM,3846.0,CB,ILE,303.0,93.295,-36.372,76.889,-0.09,2.275,0.0
ATOM,3847.0,CG1,ILE,303.0,92.95,-37.854,76.999,-0.18,2.175,0.0
ATOM,3848.0,CG2,ILE,303.0,94.419,-36.017,77.852,-0.27,2.06,0.0
ATOM,3849.0,CD1,ILE,303.0,93.009,-38.574,75.685,-0.27,2.06,0.0
ATOM,3850.0,H,ILE,303.0,91.663,-35.367,75.021,0.31,0.2245,0.0
ATOM,3851.0,HA,ILE,303.0,91.406,-35.96,77.827,0.09,1.32,0.0
ATOM,3852.0,HB,ILE,303.0,93.571,-36.186,75.956,0.09,1.32,0.0
ATOM,3853.0,HG12,ILE,303.0,93.589,-38.279,77.637,0.09,1.32,0.0
ATOM,3854.0,HG13,ILE,303.0,92.026,-37.931,77.372,0.09,1.32,0.0
ATOM,3855.0,HG21,ILE,303.0,95.23,-36.557,77.632,0.09,1.32,0.0
ATOM,3856.0,HG22,ILE,303.0,94.634,-35.045,77.77,0.09,1.32,0.0
ATOM,3857.0,HG23,ILE,303.0,94.132,-36.215,78.788,0.09,1.32,0.0
ATOM,3858.0,HD11,ILE,303.0,93.933,-38.509,75.305,0.09,1.32,0.0
ATOM,3859.0,HD12,ILE,303.0,92.774,-39.538,75.817,0.09,1.32,0.0
ATOM,3860.0,HD13,ILE,303.0,92.359,-38.162,75.044,0.09,1.32,0.0
ATOM,3861.0,N,ILE,304.0,92.937,-33.282,76.981,-0.47,1.85,0.0
ATOM,3862.0,CA,ILE,304.0,93.337,-31.966,77.454,0.07,2.275,0.0
ATOM,3863.0,C,ILE,304.0,92.179,-31.36,78.241,0.51,2.0,0.0
ATOM,3864.0,O,ILE,304.0,92.374,-30.751,79.296,-0.51,1.7,0.0
ATOM,3865.0,CB,ILE,304.0,93.677,-31.036,76.276,-0.09,2.275,0.0
ATOM,3866.0,CG1,ILE,304.0,94.762,-31.673,75.41,-0.18,2.175,0.0
ATOM,3867.0,CG2,ILE,304.0,94.13,-29.68,76.795,-0.27,2.06,2.42
ATOM,3868.0,CD1,ILE,304.0,95.32,-30.743,74.358,-0.27,2.06,0.0
ATOM,3869.0,H,ILE,304.0,93.008,-33.584,75.991,0.31,0.2245,0.0
ATOM,3870.0,HA,ILE,304.0,94.077,-32.111,78.105,0.09,1.32,0.0
ATOM,3871.0,HB,ILE,304.0,92.861,-30.932,75.722,0.09,1.32,0.0
ATOM,3872.0,HG12,ILE,304.0,95.505,-31.975,76.005,0.09,1.32,0.0
ATOM,3873.0,HG13,ILE,304.0,94.371,-32.473,74.956,0.09,1.32,0.0
ATOM,3874.0,HG21,ILE,304.0,94.323,-29.075,76.024,0.09,1.32,0.0
ATOM,3875.0,HG22,ILE,304.0,93.409,-29.28,77.358,0.09,1.32,0.68
ATOM,3876.0,HG23,ILE,304.0,94.956,-29.792,77.345,0.09,1.32,0.0
ATOM,3877.0,HD11,ILE,304.0,95.723,-29.943,74.801,0.09,1.32,0.0
ATOM,3878.0,HD12,ILE,304.0,96.021,-31.221,73.83,0.09,1.32,0.0
ATOM,3879.0,HD13,ILE,304.0,94.584,-30.451,73.748,0.09,1.32,0.0
ATOM,3880.0,N,ARG,305.0,90.969,-31.544,77.719,-0.47,1.85,0.02
ATOM,3881.0,CA,ARG,305.0,89.76,-31.024,78.347,0.07,2.275,1.09
ATOM,3882.0,C,ARG,305.0,89.493,-31.733,79.667,0.51,2.0,0.17
ATOM,3883.0,O,ARG,305.0,89.164,-31.104,80.675,-0.51,1.7,4.87
ATOM,3884.0,CB,ARG,305.0,88.563,-31.215,77.415,-0.18,2.175,0.0
ATOM,3885.0,CG,ARG,305.0,87.575,-30.066,77.435,-0.18,2.175,6.99
ATOM,3886.0,CD,ARG,305.0,86.167,-30.522,77.066,0.2,2.175,6.19
ATOM,3887.0,NE,ARG,305.0,85.284,-29.393,76.78,-0.7,1.85,5.84
ATOM,3888.0,CZ,ARG,305.0,84.033,-29.294,77.215,0.64,2.0,3.59
ATOM,3889.0,NH1,ARG,305.0,83.512,-30.258,77.957,-0.8,1.85,26.35
ATOM,3890.0,NH2,ARG,305.0,83.301,-28.231,76.918,-0.8,1.85,29.6
ATOM,3891.0,H,ARG,305.0,90.961,-32.088,76.829,0.31,0.2245,0.0
ATOM,3892.0,HA,ARG,305.0,89.884,-30.042,78.528,0.09,1.32,0.57
ATOM,3893.0,HB2,ARG,305.0,88.906,-31.314,76.485,0.09,1.32,0.0
ATOM,3894.0,HB3,ARG,305.0,88.083,-32.043,77.692,0.09,1.32,1.7
ATOM,3895.0,HG2,ARG,305.0,87.54,-29.669,78.35,0.09,1.32,5.15
ATOM,3896.0,HG3,ARG,305.0,87.855,-29.371,76.776,0.09,1.32,0.0
ATOM,3897.0,HD2,ARG,305.0,86.233,-31.102,76.259,0.09,1.32,0.3
ATOM,3898.0,HD3,ARG,305.0,85.802,-31.041,77.834,0.09,1.32,3.57
ATOM,3899.0,HE,ARG,305.0,85.648,-28.642,76.217,0.44,0.2245,3.54
ATOM,3900.0,HH11,ARG,305.0,84.044,-31.058,78.219,0.46,0.2245,11.36
ATOM,3901.0,HH12,ARG,305.0,82.554,-30.184,78.267,0.46,0.2245,18.58
ATOM,3902.0,HH21,ARG,305.0,83.708,-27.489,76.376,0.46,0.2245,18.16
ATOM,3903.0,HH22,ARG,305.0,82.357,-28.163,77.228,0.46,0.2245,18.2
ATOM,3904.0,N,GLY,306.0,89.637,-33.052,79.651,-0.47,1.85,0.06
ATOM,3905.0,CA,GLY,306.0,89.407,-33.833,80.851,-0.02,2.175,1.56
ATOM,3906.0,C,GLY,306.0,90.353,-33.46,81.973,0.51,2.0,0.0
ATOM,3907.0,O,GLY,306.0,89.93,-33.249,83.108,-0.51,1.7,0.0
ATOM,3908.0,H,GLY,306.0,89.917,-33.454,78.742,0.31,0.2245,0.0
ATOM,3909.0,HA2,GLY,306.0,88.45,-33.699,81.162,0.09,1.32,0.59
ATOM,3910.0,HA3,GLY,306.0,89.515,-34.819,80.637,0.09,1.32,0.0
ATOM,3911.0,N,MET,307.0,91.639,-33.375,81.659,-0.47,1.85,0.0
ATOM,3912.0,CA,MET,307.0,92.642,-33.023,82.653,0.07,2.275,0.0
ATOM,3913.0,C,MET,307.0,92.434,-31.617,83.204,0.51,2.0,0.0
ATOM,3914.0,O,MET,307.0,93.054,-31.236,84.201,-0.51,1.7,0.0
ATOM,3915.0,CB,MET,307.0,94.039,-33.132,82.048,-0.18,2.175,0.0
ATOM,3916.0,CG,MET,307.0,94.504,-34.553,81.822,-0.14,2.175,0.0
ATOM,3917.0,SD,MET,307.0,96.086,-34.586,80.966,-0.09,2.0,0.0
ATOM,3918.0,CE,MET,307.0,97.18,-33.986,82.238,-0.22,2.06,0.0
ATOM,3919.0,H,MET,307.0,91.861,-33.577,80.665,0.31,0.2245,0.0
ATOM,3920.0,HA,MET,307.0,92.564,-33.673,83.424,0.09,1.32,0.0
ATOM,3921.0,HB2,MET,307.0,94.05,-32.646,81.163,0.09,1.32,0.0
ATOM,3922.0,HB3,MET,307.0,94.697,-32.672,82.662,0.09,1.32,0.0
ATOM,3923.0,HG2,MET,307.0,94.571,-35.025,82.723,0.09,1.32,0.0
ATOM,3924.0,HG3,MET,307.0,93.794,-35.052,81.287,0.09,1.32,0.0
ATOM,3925.0,HE1,MET,307.0,96.656,-33.778,83.067,0.09,1.32,0.0
ATOM,3926.0,HE2,MET,307.0,97.868,-34.683,82.452,0.09,1.32,0.0
ATOM,3927.0,HE3,MET,307.0,97.643,-33.153,81.924,0.09,1.32,0.0
ATOM,3928.0,N,LYS,308.0,91.567,-30.843,82.553,-0.47,1.85,0.0
ATOM,3929.0,CA,LYS,308.0,91.294,-29.485,83.008,0.07,2.275,0.0
ATOM,3930.0,C,LYS,308.0,90.723,-29.54,84.421,0.51,2.0,0.0
ATOM,3931.0,O,LYS,308.0,90.822,-28.581,85.183,-0.51,1.7,4.64
ATOM,3932.0,CB,LYS,308.0,90.302,-28.792,82.073,-0.18,2.175,6.11
ATOM,3933.0,CG,LYS,308.0,90.921,-28.279,80.785,-0.18,2.175,3.01
ATOM,3934.0,CD,LYS,308.0,91.605,-26.94,80.984,-0.18,2.175,8.22
ATOM,3935.0,CE,LYS,308.0,92.962,-26.909,80.291,0.21,2.175,0.7
ATOM,3936.0,NZ,LYS,308.0,93.236,-25.603,79.621,-0.3,1.85,3.39
ATOM,3937.0,H,LYS,308.0,91.123,-31.276,81.729,0.31,0.2245,0.0
ATOM,3938.0,HA,LYS,308.0,92.149,-28.968,83.027,0.09,1.32,0.0
ATOM,3939.0,HB2,LYS,308.0,89.585,-29.446,81.839,0.09,1.32,0.05
ATOM,3940.0,HB3,LYS,308.0,89.903,-28.017,82.562,0.09,1.32,5.34
ATOM,3941.0,HG2,LYS,308.0,91.597,-28.944,80.46,0.09,1.32,0.0
ATOM,3942.0,HG3,LYS,308.0,90.203,-28.177,80.094,0.09,1.32,3.7
ATOM,3943.0,HD2,LYS,308.0,91.037,-26.224,80.595,0.09,1.32,8.77
ATOM,3944.0,HD3,LYS,308.0,91.744,-26.787,81.955,0.09,1.32,0.11
ATOM,3945.0,HE2,LYS,308.0,93.679,-27.084,80.974,0.05,1.32,0.0
ATOM,3946.0,HE3,LYS,308.0,92.992,-27.643,79.603,0.05,1.32,0.0
ATOM,3947.0,HZ1,LYS,308.0,93.289,-24.883,80.312,0.33,0.2245,7.05
ATOM,3948.0,HZ2,LYS,308.0,94.103,-25.661,79.128,0.33,0.2245,0.0
ATOM,3949.0,HZ3,LYS,308.0,92.497,-25.401,78.98,0.33,0.2245,3.69
ATOM,3950.0,N,THR,309.0,90.133,-30.678,84.763,-0.47,1.85,0.0
ATOM,3951.0,CA,THR,309.0,89.549,-30.873,86.077,0.07,2.275,0.0
ATOM,3952.0,C,THR,309.0,90.082,-32.166,86.672,0.51,2.0,0.0
ATOM,3953.0,O,THR,309.0,89.351,-32.897,87.34,-0.51,1.7,0.0
ATOM,3954.0,CB,THR,309.0,88.026,-30.973,85.985,0.14,2.275,3.25
ATOM,3955.0,OG1,THR,309.0,87.667,-32.221,85.38,-0.66,1.77,3.71
ATOM,3956.0,CG2,THR,309.0,87.472,-29.841,85.147,-0.27,2.06,27.92
ATOM,3957.0,H,THR,309.0,90.127,-31.405,84.018,0.31,0.2245,0.0
ATOM,3958.0,HA,THR,309.0,89.826,-30.115,86.669,0.09,1.32,0.08
ATOM,3959.0,HB,THR,309.0,87.633,-30.954,86.927,0.09,1.32,1.02
ATOM,3960.0,HG21,THR,309.0,87.484,-30.094,84.176,0.09,1.32,3.61
ATOM,3961.0,HG22,THR,309.0,86.527,-29.642,85.42,0.09,1.32,11.67
ATOM,3962.0,HG23,THR,309.0,88.028,-29.015,85.274,0.09,1.32,3.82
ATOM,3963.0,HG1,THR,309.0,88.342,-32.477,84.68,0.43,0.2245,0.06
ATOM,3964.0,N,LEU,310.0,91.359,-32.449,86.428,-0.47,1.85,0.0
ATOM,3965.0,CA,LEU,310.0,91.975,-33.673,86.939,0.07,2.275,0.0
ATOM,3966.0,C,LEU,310.0,91.949,-33.77,88.458,0.51,2.0,0.0
ATOM,3967.0,O,LEU,310.0,91.351,-34.693,89.021,-0.51,1.7,0.0
ATOM,3968.0,CB,LEU,310.0,93.42,-33.791,86.464,-0.18,2.175,0.0
ATOM,3969.0,CG,LEU,310.0,94.139,-35.047,86.959,-0.09,2.275,0.0
ATOM,3970.0,CD1,LEU,310.0,93.28,-36.271,86.727,-0.27,2.06,0.0
ATOM,3971.0,CD2,LEU,310.0,95.458,-35.188,86.234,-0.27,2.06,0.0
ATOM,3972.0,H,LEU,310.0,91.864,-31.747,85.861,0.31,0.2245,0.0
ATOM,3973.0,HA,LEU,310.0,91.468,-34.467,86.56,0.09,1.32,0.0
ATOM,3974.0,HB2,LEU,310.0,93.417,-33.821,85.476,0.09,1.32,0.0
ATOM,3975.0,HB3,LEU,310.0,93.92,-33.01,86.802,0.09,1.32,0.0
ATOM,3976.0,HG,LEU,310.0,94.326,-34.948,87.936,0.09,1.32,0.0
ATOM,3977.0,HD11,LEU,310.0,93.09,-36.371,85.749,0.09,1.32,0.0
ATOM,3978.0,HD12,LEU,310.0,93.759,-37.088,87.054,0.09,1.32,0.0
ATOM,3979.0,HD13,LEU,310.0,92.415,-36.176,87.223,0.09,1.32,0.0
ATOM,3980.0,HD21,LEU,310.0,96.031,-34.385,86.412,0.09,1.32,0.0
ATOM,3981.0,HD22,LEU,310.0,95.935,-36.01,86.554,0.09,1.32,0.0
ATOM,3982.0,HD23,LEU,310.0,95.297,-35.264,85.248,0.09,1.32,0.0
ATOM,3983.0,N,HIS,311.0,92.611,-32.821,89.115,-0.47,1.85,0.0
ATOM,3984.0,CA,HIS,311.0,92.665,-32.8,90.567,0.07,2.275,0.57
ATOM,3985.0,C,HIS,311.0,91.272,-32.928,91.153,0.51,2.0,0.0
ATOM,3986.0,O,HIS,311.0,90.987,-33.863,91.904,-0.51,1.7,0.05
ATOM,3987.0,CB,HIS,311.0,93.308,-31.509,91.066,-0.08,2.175,7.28
ATOM,3988.0,CG,HIS,311.0,92.78,-30.275,90.407,0.22,1.8,0.0
ATOM,3989.0,H,HIS,311.0,93.073,-32.115,88.511,0.31,0.2245,0.0
ATOM,3990.0,HA,HIS,311.0,93.213,-33.585,90.878,0.09,1.32,0.0
ATOM,3991.0,HB2,HIS,311.0,93.154,-31.428,92.058,0.09,1.32,0.37
ATOM,3992.0,HB3,HIS,311.0,94.301,-31.554,90.903,0.09,1.32,0.0
ATOM,3993.0,ND1,HIS,311.0,92.215,-30.287,89.153,-0.7,1.85,0.0
ATOM,3994.0,CD2,HIS,311.0,92.762,-28.985,90.818,-0.05,1.8,2.89
ATOM,3995.0,CE1,HIS,311.0,91.873,-29.055,88.815,0.25,1.8,0.71
ATOM,3996.0,NE2,HIS,311.0,92.195,-28.246,89.809,-0.36,1.85,0.23
ATOM,3997.0,HD2,HIS,311.0,93.098,-28.636,91.689,0.09,1.468,11.34
ATOM,3998.0,HE1,HIS,311.0,91.447,-28.783,87.958,0.13,0.9,0.43
ATOM,3999.0,HE2,HIS,311.0,92.048,-27.255,89.824,0.32,0.2245,11.13
ATOM,4000.0,N,LEU,312.0,90.404,-31.987,90.803,-0.47,1.85,0.0
ATOM,4001.0,CA,LEU,312.0,89.041,-32.001,91.302,0.07,2.275,1.04
ATOM,4002.0,C,LEU,312.0,88.479,-33.408,91.271,0.51,2.0,0.35
ATOM,4003.0,O,LEU,312.0,87.972,-33.899,92.272,-0.51,1.7,6.25
ATOM,4004.0,CB,LEU,312.0,88.156,-31.077,90.468,-0.18,2.175,4.79
ATOM,4005.0,CG,LEU,312.0,88.572,-29.604,90.318,-0.09,2.275,0.01
ATOM,4006.0,CD1,LEU,312.0,87.319,-28.754,90.223,-0.27,2.06,34.39
ATOM,4007.0,CD2,LEU,312.0,89.435,-29.142,91.489,-0.27,2.06,12.29
ATOM,4008.0,H,LEU,312.0,90.776,-31.264,90.161,0.31,0.2245,0.0
ATOM,4009.0,HA,LEU,312.0,89.043,-31.679,92.255,0.09,1.32,0.74
ATOM,4010.0,HB2,LEU,312.0,88.099,-31.46,89.54,0.09,1.32,0.0
ATOM,4011.0,HB3,LEU,312.0,87.237,-31.081,90.874,0.09,1.32,7.16
ATOM,4012.0,HG,LEU,312.0,89.108,-29.506,89.49,0.09,1.32,0.0
ATOM,4013.0,HD11,LEU,312.0,86.771,-28.869,91.053,0.09,1.32,9.64
ATOM,4014.0,HD12,LEU,312.0,87.572,-27.79,90.125,0.09,1.32,10.41
ATOM,4015.0,HD13,LEU,312.0,86.78,-29.037,89.428,0.09,1.32,5.08
ATOM,4016.0,HD21,LEU,312.0,90.263,-29.701,91.533,0.09,1.32,0.0
ATOM,4017.0,HD22,LEU,312.0,89.686,-28.183,91.359,0.09,1.32,5.56
ATOM,4018.0,HD23,LEU,312.0,88.92,-29.24,92.34,0.09,1.32,6.96
ATOM,4019.0,N,ARG,313.0,88.591,-34.067,90.127,-0.47,1.85,0.0
ATOM,4020.0,CA,ARG,313.0,88.068,-35.42,89.987,0.07,2.275,0.31
ATOM,4021.0,C,ARG,313.0,88.782,-36.447,90.859,0.51,2.0,0.0
ATOM,4022.0,O,ARG,313.0,88.144,-37.268,91.507,-0.51,1.7,0.0
ATOM,4023.0,CB,ARG,313.0,88.125,-35.843,88.518,-0.18,2.175,0.0
ATOM,4024.0,CG,ARG,313.0,87.023,-35.217,87.668,-0.18,2.175,8.55
ATOM,4025.0,CD,ARG,313.0,87.157,-35.571,86.207,0.2,2.175,0.0
ATOM,4026.0,NE,ARG,313.0,88.479,-35.248,85.689,-0.7,1.85,0.0
ATOM,4027.0,CZ,ARG,313.0,89.43,-36.149,85.47,0.64,2.0,0.0
ATOM,4028.0,NH1,ARG,313.0,89.216,-37.435,85.723,-0.8,1.85,0.17
ATOM,4029.0,NH2,ARG,313.0,90.591,-35.764,84.972,-0.8,1.85,0.0
ATOM,4030.0,H,ARG,313.0,89.067,-33.554,89.366,0.31,0.2245,0.0
ATOM,4031.0,HA,ARG,313.0,87.081,-35.415,90.24,0.09,1.32,1.41
ATOM,4032.0,HB2,ARG,313.0,88.999,-35.56,88.144,0.09,1.32,0.0
ATOM,4033.0,HB3,ARG,313.0,88.025,-36.828,88.472,0.09,1.32,0.1
ATOM,4034.0,HG2,ARG,313.0,86.134,-35.542,87.993,0.09,1.32,0.0
ATOM,4035.0,HG3,ARG,313.0,87.066,-34.222,87.758,0.09,1.32,0.47
ATOM,4036.0,HD2,ARG,313.0,86.994,-36.55,86.105,0.09,1.32,0.19
ATOM,4037.0,HD3,ARG,313.0,86.469,-35.058,85.697,0.09,1.32,1.51
ATOM,4038.0,HE,ARG,313.0,88.685,-34.285,85.485,0.44,0.2245,0.0
ATOM,4039.0,HH11,ARG,313.0,88.332,-37.748,86.062,0.46,0.2245,0.33
ATOM,4040.0,HH12,ARG,313.0,89.952,-38.102,85.57,0.46,0.2245,0.0
ATOM,4041.0,HH21,ARG,313.0,90.747,-34.8,84.742,0.46,0.2245,0.0
ATOM,4042.0,HH22,ARG,313.0,91.322,-36.432,84.82,0.46,0.2245,0.0
ATOM,4043.0,N,VAL,314.0,90.108,-36.401,90.869,-0.47,1.85,0.0
ATOM,4044.0,CA,VAL,314.0,90.879,-37.336,91.672,0.07,2.275,0.0
ATOM,4045.0,C,VAL,314.0,90.51,-37.163,93.136,0.51,2.0,0.0
ATOM,4046.0,O,VAL,314.0,90.12,-38.12,93.8,-0.51,1.7,0.0
ATOM,4047.0,CB,VAL,314.0,92.396,-37.1,91.515,-0.09,2.275,0.0
ATOM,4048.0,CG1,VAL,314.0,93.162,-38.159,92.286,-0.27,2.06,1.9
ATOM,4049.0,CG2,VAL,314.0,92.783,-37.137,90.048,-0.27,2.06,0.1
ATOM,4050.0,H,VAL,314.0,90.528,-35.667,90.276,0.31,0.2245,0.0
ATOM,4051.0,HA,VAL,314.0,90.631,-38.266,91.397,0.09,1.32,0.1
ATOM,4052.0,HB,VAL,314.0,92.608,-36.224,91.93,0.09,1.32,0.98
ATOM,4053.0,HG11,VAL,314.0,92.925,-39.066,91.937,0.09,1.32,2.69
ATOM,4054.0,HG12,VAL,314.0,94.145,-38.009,92.177,0.09,1.32,0.0
ATOM,4055.0,HG13,VAL,314.0,92.925,-38.106,93.257,0.09,1.32,0.0
ATOM,4056.0,HG21,VAL,314.0,92.295,-36.414,89.557,0.09,1.32,0.0
ATOM,4057.0,HG22,VAL,314.0,93.769,-36.994,89.961,0.09,1.32,0.0
ATOM,4058.0,HG23,VAL,314.0,92.538,-38.027,89.662,0.09,1.32,0.0
ATOM,4059.0,N,GLN,315.0,90.63,-35.929,93.621,-0.47,1.85,0.43
ATOM,4060.0,CA,GLN,315.0,90.322,-35.578,95.007,0.07,2.275,0.84
ATOM,4061.0,C,GLN,315.0,89.101,-36.315,95.548,0.51,2.0,0.44
ATOM,4062.0,O,GLN,315.0,89.197,-37.106,96.483,-0.51,1.7,1.02
ATOM,4063.0,CB,GLN,315.0,90.08,-34.072,95.113,-0.18,2.175,0.62
ATOM,4064.0,CG,GLN,315.0,91.014,-33.334,96.059,-0.18,2.175,15.12
ATOM,4065.0,CD,GLN,315.0,90.667,-31.858,96.188,0.55,2.0,1.68
ATOM,4066.0,H,GLN,315.0,90.966,-35.225,92.92,0.31,0.2245,0.0
ATOM,4067.0,HA,GLN,315.0,91.118,-35.841,95.577,0.09,1.32,0.94
ATOM,4068.0,HB2,GLN,315.0,90.18,-33.665,94.198,0.09,1.32,0.0
ATOM,4069.0,HB3,GLN,315.0,89.135,-33.92,95.427,0.09,1.32,2.97
ATOM,4070.0,HG2,GLN,315.0,90.953,-33.753,96.963,0.09,1.32,10.12
ATOM,4071.0,HG3,GLN,315.0,91.948,-33.411,95.714,0.09,1.32,6.85
ATOM,4072.0,OE1,GLN,315.0,89.539,-31.499,96.529,-0.55,1.7,36.26
ATOM,4073.0,NE2,GLN,315.0,91.637,-30.996,95.914,-0.62,1.85,15.96
ATOM,4074.0,HE21,GLN,315.0,91.475,-29.994,95.965,0.32,0.2245,19.76
ATOM,4075.0,HE22,GLN,315.0,92.554,-31.355,95.65,0.3,0.2245,12.64
ATOM,4076.0,N,GLN,316.0,87.952,-36.039,94.948,-0.47,1.85,0.05
ATOM,4077.0,CA,GLN,316.0,86.696,-36.655,95.35,0.07,2.275,2.38
ATOM,4078.0,C,GLN,316.0,86.756,-38.178,95.34,0.51,2.0,0.0
ATOM,4079.0,O,GLN,316.0,86.319,-38.834,96.282,-0.51,1.7,0.0
ATOM,4080.0,CB,GLN,316.0,85.573,-36.19,94.421,-0.18,2.175,4.67
ATOM,4081.0,CG,GLN,316.0,84.322,-37.038,94.496,-0.18,2.175,0.44
ATOM,4082.0,CD,GLN,316.0,83.278,-36.444,95.421,0.55,2.0,2.09
ATOM,4083.0,H,GLN,316.0,88.025,-35.348,94.169,0.31,0.2245,0.0
ATOM,4084.0,HA,GLN,316.0,86.495,-36.362,96.3,0.09,1.32,3.73
ATOM,4085.0,HB2,GLN,316.0,85.329,-35.248,94.661,0.09,1.32,6.1
ATOM,4086.0,HB3,GLN,316.0,85.911,-36.21,93.476,0.09,1.32,0.0
ATOM,4087.0,HG2,GLN,316.0,83.928,-37.115,93.581,0.09,1.32,0.0
ATOM,4088.0,HG3,GLN,316.0,84.566,-37.946,94.834,0.09,1.32,0.0
ATOM,4089.0,OE1,GLN,316.0,83.435,-35.332,95.929,-0.55,1.7,34.2
ATOM,4090.0,NE2,GLN,316.0,82.201,-37.185,95.645,-0.62,1.85,3.47
ATOM,4091.0,HE21,GLN,316.0,81.462,-36.859,96.266,0.32,0.2245,7.04
ATOM,4092.0,HE22,GLN,316.0,82.121,-38.09,95.184,0.3,0.2245,0.23
ATOM,4093.0,N,GLN,317.0,87.289,-38.739,94.262,-0.47,1.85,0.0
ATOM,4094.0,CA,GLN,317.0,87.385,-40.183,94.136,0.07,2.275,0.0
ATOM,4095.0,C,GLN,317.0,88.255,-40.746,95.241,0.51,2.0,0.0
ATOM,4096.0,O,GLN,317.0,87.915,-41.761,95.846,-0.51,1.7,0.0
ATOM,4097.0,CB,GLN,317.0,87.946,-40.554,92.757,-0.18,2.175,1.13
ATOM,4098.0,CG,GLN,317.0,87.025,-40.132,91.599,-0.18,2.175,0.0
ATOM,4099.0,CD,GLN,317.0,87.397,-40.752,90.258,0.55,2.0,0.0
ATOM,4100.0,H,GLN,317.0,87.621,-38.074,93.54,0.31,0.2245,0.0
ATOM,4101.0,HA,GLN,317.0,86.462,-40.567,94.242,0.09,1.32,0.0
ATOM,4102.0,HB2,GLN,317.0,88.822,-40.099,92.631,0.09,1.32,0.06
ATOM,4103.0,HB3,GLN,317.0,88.062,-41.542,92.71,0.09,1.32,0.0
ATOM,4104.0,HG2,GLN,317.0,86.088,-40.404,91.828,0.09,1.32,0.0
ATOM,4105.0,HG3,GLN,317.0,87.065,-39.134,91.513,0.09,1.32,0.0
ATOM,4106.0,OE1,GLN,317.0,88.144,-40.164,89.477,-0.55,1.7,0.65
ATOM,4107.0,NE2,GLN,317.0,86.869,-41.939,89.985,-0.62,1.85,0.65
ATOM,4108.0,HE21,GLN,317.0,87.061,-42.405,89.105,0.32,0.2245,0.0
ATOM,4109.0,HE22,GLN,317.0,86.264,-42.378,90.678,0.3,0.2245,0.0
ATOM,4110.0,N,ASN,318.0,89.37,-40.078,95.515,-0.47,1.85,0.0
ATOM,4111.0,CA,ASN,318.0,90.282,-40.521,96.563,0.07,2.275,0.0
ATOM,4112.0,C,ASN,318.0,89.523,-40.695,97.877,0.51,2.0,0.05
ATOM,4113.0,O,ASN,318.0,89.753,-41.656,98.612,-0.51,1.7,1.54
ATOM,4114.0,CB,ASN,318.0,91.415,-39.504,96.756,-0.18,2.175,4.53
ATOM,4115.0,CG,ASN,318.0,92.636,-39.82,95.913,0.55,2.0,0.0
ATOM,4116.0,H,ASN,318.0,89.531,-39.236,94.933,0.31,0.2245,0.0
ATOM,4117.0,HA,ASN,318.0,90.622,-41.427,96.3,0.09,1.32,0.0
ATOM,4118.0,HB2,ASN,318.0,91.074,-38.604,96.499,0.09,1.32,0.0
ATOM,4119.0,HB3,ASN,318.0,91.68,-39.51,97.716,0.09,1.32,7.59
ATOM,4120.0,OD1,ASN,318.0,92.774,-40.925,95.385,-0.55,1.7,0.27
ATOM,4121.0,ND2,ASN,318.0,93.531,-38.844,95.782,-0.62,1.85,0.81
ATOM,4122.0,HD22,ASN,318.0,93.379,-37.964,96.233,0.3,0.2245,11.37
ATOM,4123.0,HD21,ASN,318.0,94.354,-38.989,95.235,0.32,0.2245,0.0
ATOM,4124.0,N,SER,319.0,88.612,-39.767,98.165,-0.47,1.85,0.06
ATOM,4125.0,CA,SER,319.0,87.821,-39.817,99.398,0.07,2.275,1.35
ATOM,4126.0,C,SER,319.0,86.821,-40.959,99.364,0.51,2.0,0.0
ATOM,4127.0,O,SER,319.0,87.011,-41.985,100.009,-0.51,1.7,0.0
ATOM,4128.0,CB,SER,319.0,87.061,-38.503,99.612,0.05,2.175,9.06
ATOM,4129.0,OG,SER,319.0,87.946,-37.421,99.832,-0.66,1.77,28.68
ATOM,4130.0,H,SER,319.0,88.512,-39.018,97.454,0.31,0.2245,0.0
ATOM,4131.0,HA,SER,319.0,88.455,-39.978,100.164,0.09,1.32,3.15
ATOM,4132.0,HB2,SER,319.0,86.512,-38.316,98.801,0.09,1.32,0.3
ATOM,4133.0,HB3,SER,319.0,86.467,-38.605,100.407,0.09,1.32,0.0
ATOM,4134.0,HG,SER,319.0,88.394,-37.176,98.973,0.43,0.2245,5.24
ATOM,4135.0,N,THR,320.0,85.75,-40.759,98.61,-0.47,1.85,0.0
ATOM,4136.0,CA,THR,320.0,84.701,-41.754,98.469,0.07,2.275,0.0
ATOM,4137.0,C,THR,320.0,85.269,-43.157,98.58,0.51,2.0,0.0
ATOM,4138.0,O,THR,320.0,84.813,-43.948,99.396,-0.51,1.7,0.0
ATOM,4139.0,CB,THR,320.0,84.01,-41.618,97.117,0.14,2.275,0.0
ATOM,4140.0,OG1,THR,320.0,83.447,-40.306,96.999,-0.66,1.77,0.3
ATOM,4141.0,CG2,THR,320.0,82.917,-42.657,96.978,-0.27,2.06,0.01
ATOM,4142.0,H,THR,320.0,85.726,-39.831,98.13,0.31,0.2245,0.0
ATOM,4143.0,HA,THR,320.0,84.032,-41.623,99.211,0.09,1.32,0.0
ATOM,4144.0,HB,THR,320.0,84.701,-41.732,96.374,0.09,1.32,0.0
ATOM,4145.0,HG21,THR,320.0,82.022,-42.241,97.162,0.09,1.32,0.0
ATOM,4146.0,HG22,THR,320.0,82.916,-43.033,96.047,0.09,1.32,0.0
ATOM,4147.0,HG23,THR,320.0,83.068,-43.405,97.631,0.09,1.32,0.0
ATOM,4148.0,HG1,THR,320.0,84.165,-39.635,96.788,0.43,0.2245,0.17
ATOM,4149.0,N,ALA,321.0,86.27,-43.453,97.754,-0.47,1.85,0.0
ATOM,4150.0,CA,ALA,321.0,86.919,-44.762,97.752,0.07,2.275,0.0
ATOM,4151.0,C,ALA,321.0,87.3,-45.155,99.17,0.51,2.0,0.0
ATOM,4152.0,O,ALA,321.0,86.735,-46.086,99.742,-0.51,1.7,0.0
ATOM,4153.0,CB,ALA,321.0,88.163,-44.728,96.871,-0.27,2.06,0.0
ATOM,4154.0,H,ALA,321.0,86.548,-42.678,97.115,0.31,0.2245,0.0
ATOM,4155.0,HA,ALA,321.0,86.274,-45.441,97.391,0.09,1.32,0.0
ATOM,4156.0,HB1,ALA,321.0,88.742,-43.96,97.142,0.09,1.32,0.0
ATOM,4157.0,HB2,ALA,321.0,88.671,-45.582,96.979,0.09,1.32,0.0
ATOM,4158.0,HB3,ALA,321.0,87.891,-44.62,95.915,0.09,1.32,0.0
ATOM,4159.0,N,LEU,322.0,88.263,-44.428,99.728,-0.47,1.85,0.0
ATOM,4160.0,CA,LEU,322.0,88.743,-44.665,101.084,0.07,2.275,0.0
ATOM,4161.0,C,LEU,322.0,87.604,-44.881,102.075,0.51,2.0,0.0
ATOM,4162.0,O,LEU,322.0,87.488,-45.949,102.676,-0.51,1.7,0.0
ATOM,4163.0,CB,LEU,322.0,89.597,-43.48,101.542,-0.18,2.175,0.0
ATOM,4164.0,CG,LEU,322.0,90.075,-43.462,102.993,-0.09,2.275,1.51
ATOM,4165.0,CD1,LEU,322.0,90.593,-44.836,103.387,-0.27,2.06,0.38
ATOM,4166.0,CD2,LEU,322.0,91.164,-42.418,103.146,-0.27,2.06,30.23
ATOM,4167.0,H,LEU,322.0,88.645,-43.674,99.112,0.31,0.2245,0.0
ATOM,4168.0,HA,LEU,322.0,89.321,-45.496,101.08,0.09,1.32,0.0
ATOM,4169.0,HB2,LEU,322.0,90.414,-43.451,100.959,0.09,1.32,0.0
ATOM,4170.0,HB3,LEU,322.0,89.062,-42.644,101.394,0.09,1.32,0.0
ATOM,4171.0,HG,LEU,322.0,89.311,-43.213,103.584,0.09,1.32,2.24
ATOM,4172.0,HD11,LEU,322.0,91.357,-45.089,102.793,0.09,1.32,0.0
ATOM,4173.0,HD12,LEU,322.0,90.904,-44.817,104.338,0.09,1.32,3.81
ATOM,4174.0,HD13,LEU,322.0,89.86,-45.511,103.291,0.09,1.32,0.0
ATOM,4175.0,HD21,LEU,322.0,90.803,-41.516,102.901,0.09,1.32,7.6
ATOM,4176.0,HD22,LEU,322.0,91.483,-42.4,104.095,0.09,1.32,10.45
ATOM,4177.0,HD23,LEU,322.0,91.932,-42.641,102.543,0.09,1.32,0.0
ATOM,4178.0,N,ARG,323.0,86.77,-43.859,102.246,-0.47,1.85,0.0
ATOM,4179.0,CA,ARG,323.0,85.643,-43.934,103.169,0.07,2.275,1.68
ATOM,4180.0,C,ARG,323.0,84.77,-45.152,102.89,0.51,2.0,0.0
ATOM,4181.0,O,ARG,323.0,84.426,-45.9,103.799,-0.51,1.7,0.72
ATOM,4182.0,CB,ARG,323.0,84.793,-42.665,103.071,-0.18,2.175,1.06
ATOM,4183.0,CG,ARG,323.0,85.537,-41.373,103.392,-0.18,2.175,6.9
ATOM,4184.0,CD,ARG,323.0,84.579,-40.273,103.826,0.2,2.175,14.58
ATOM,4185.0,NE,ARG,323.0,84.204,-39.399,102.718,-0.7,1.85,4.54
ATOM,4186.0,CZ,ARG,323.0,83.017,-38.81,102.6,0.64,2.0,1.88
ATOM,4187.0,NH1,ARG,323.0,82.087,-39.004,103.526,-0.8,1.85,14.73
ATOM,4188.0,NH2,ARG,323.0,82.757,-38.028,101.558,-0.8,1.85,15.61
ATOM,4189.0,H,ARG,323.0,86.988,-43.019,101.675,0.31,0.2245,0.0
ATOM,4190.0,HA,ARG,323.0,85.999,-44.003,104.111,0.09,1.32,1.15
ATOM,4191.0,HB2,ARG,323.0,84.443,-42.595,102.139,0.09,1.32,0.0
ATOM,4192.0,HB3,ARG,323.0,84.032,-42.748,103.711,0.09,1.32,2.72
ATOM,4193.0,HG2,ARG,323.0,86.18,-41.537,104.134,0.09,1.32,7.17
ATOM,4194.0,HG3,ARG,323.0,86.022,-41.06,102.58,0.09,1.32,0.0
ATOM,4195.0,HD2,ARG,323.0,83.76,-40.705,104.197,0.09,1.32,1.83
ATOM,4196.0,HD3,ARG,323.0,85.03,-39.734,104.534,0.09,1.32,11.57
ATOM,4197.0,HE,ARG,323.0,84.886,-39.232,101.998,0.44,0.2245,0.0
ATOM,4198.0,HH11,ARG,323.0,82.262,-39.569,104.326,0.46,0.2245,9.07
ATOM,4199.0,HH12,ARG,323.0,81.183,-38.569,103.419,0.46,0.2245,11.64
ATOM,4200.0,HH21,ARG,323.0,83.473,-37.871,100.871,0.46,0.2245,5.98
ATOM,4201.0,HH22,ARG,323.0,81.864,-37.601,101.458,0.46,0.2245,10.57
ATOM,4202.0,N,MET,324.0,84.411,-45.347,101.629,-0.47,1.85,0.0
ATOM,4203.0,CA,MET,324.0,83.58,-46.481,101.257,0.07,2.275,0.0
ATOM,4204.0,C,MET,324.0,84.299,-47.769,101.607,0.51,2.0,0.0
ATOM,4205.0,O,MET,324.0,83.682,-48.738,102.044,-0.51,1.7,0.0
ATOM,4206.0,CB,MET,324.0,83.284,-46.457,99.757,-0.18,2.175,0.0
ATOM,4207.0,CG,MET,324.0,81.932,-45.861,99.394,-0.14,2.175,0.0
ATOM,4208.0,SD,MET,324.0,80.58,-46.38,100.471,-0.09,2.0,0.0
ATOM,4209.0,CE,MET,324.0,80.856,-48.167,100.512,-0.22,2.06,0.0
ATOM,4210.0,H,MET,324.0,84.763,-44.645,100.956,0.31,0.2245,0.0
ATOM,4211.0,HA,MET,324.0,82.734,-46.44,101.792,0.09,1.32,0.0
ATOM,4212.0,HB2,MET,324.0,84.003,-45.922,99.29,0.09,1.32,0.0
ATOM,4213.0,HB3,MET,324.0,83.32,-47.402,99.401,0.09,1.32,0.0
ATOM,4214.0,HG2,MET,324.0,82.023,-44.832,99.394,0.09,1.32,0.0
ATOM,4215.0,HG3,MET,324.0,81.726,-46.101,98.41,0.09,1.32,0.0
ATOM,4216.0,HE1,MET,324.0,81.215,-48.463,99.629,0.09,1.32,0.0
ATOM,4217.0,HE2,MET,324.0,81.513,-48.38,101.233,0.09,1.32,0.0
ATOM,4218.0,HE3,MET,324.0,79.99,-48.628,100.696,0.09,1.32,0.02
ATOM,4219.0,N,ALA,325.0,85.612,-47.768,101.404,-0.47,1.85,0.0
ATOM,4220.0,CA,ALA,325.0,86.436,-48.933,101.691,0.07,2.275,0.0
ATOM,4221.0,C,ALA,325.0,86.208,-49.391,103.121,0.51,2.0,0.0
ATOM,4222.0,O,ALA,325.0,85.71,-50.497,103.36,-0.51,1.7,0.0
ATOM,4223.0,CB,ALA,325.0,87.912,-48.601,101.479,-0.27,2.06,0.0
ATOM,4224.0,H,ALA,325.0,85.993,-46.875,101.028,0.31,0.2245,0.0
ATOM,4225.0,HA,ALA,325.0,86.175,-49.677,101.069,0.09,1.32,0.0
ATOM,4226.0,HB1,ALA,325.0,87.991,-47.829,100.85,0.09,1.32,0.0
ATOM,4227.0,HB2,ALA,325.0,88.327,-48.362,102.355,0.09,1.32,0.0
ATOM,4228.0,HB3,ALA,325.0,88.378,-49.396,101.094,0.09,1.32,0.0
ATOM,4229.0,N,GLU,326.0,86.571,-48.533,104.069,-0.47,1.85,0.0
ATOM,4230.0,CA,GLU,326.0,86.41,-48.85,105.477,0.07,2.275,0.48
ATOM,4231.0,C,GLU,326.0,85.018,-49.382,105.77,0.51,2.0,0.35
ATOM,4232.0,O,GLU,326.0,84.868,-50.455,106.353,-0.51,1.7,1.15
ATOM,4233.0,CB,GLU,326.0,86.681,-47.616,106.32,-0.18,2.175,4.28
ATOM,4234.0,CG,GLU,326.0,88.149,-47.369,106.537,-0.28,2.175,3.73
ATOM,4235.0,CD,GLU,326.0,88.405,-46.143,107.363,0.62,2.0,3.12
ATOM,4236.0,OE1,GLU,326.0,87.456,-45.337,107.534,-0.76,1.7,31.47
ATOM,4237.0,OE2,GLU,326.0,89.554,-45.991,107.837,-0.76,1.7,40.55
ATOM,4238.0,H,GLU,326.0,86.969,-47.641,103.721,0.31,0.2245,0.0
ATOM,4239.0,HA,GLU,326.0,87.097,-49.538,105.752,0.09,1.32,0.14
ATOM,4240.0,HB2,GLU,326.0,86.31,-46.841,105.845,0.09,1.32,0.0
ATOM,4241.0,HB3,GLU,326.0,86.264,-47.754,107.198,0.09,1.32,8.51
ATOM,4242.0,HG2,GLU,326.0,88.527,-48.14,107.018,0.09,1.32,6.84
ATOM,4243.0,HG3,GLU,326.0,88.577,-47.235,105.66,0.09,1.32,0.0
ATOM,4244.0,N,ILE,327.0,84.001,-48.627,105.361,-0.47,1.85,0.14
ATOM,4245.0,CA,ILE,327.0,82.616,-49.029,105.575,0.07,2.275,1.16
ATOM,4246.0,C,ILE,327.0,82.419,-50.456,105.106,0.51,2.0,0.0
ATOM,4247.0,O,ILE,327.0,81.67,-51.22,105.71,-0.51,1.7,2.05
ATOM,4248.0,CB,ILE,327.0,81.636,-48.151,104.782,-0.09,2.275,0.0
ATOM,4249.0,CG1,ILE,327.0,81.701,-46.708,105.28,-0.18,2.175,7.05
ATOM,4250.0,CG2,ILE,327.0,80.231,-48.706,104.92,-0.27,2.06,5.24
ATOM,4251.0,CD1,ILE,327.0,80.544,-45.848,104.817,-0.27,2.06,8.54
ATOM,4252.0,H,ILE,327.0,84.276,-47.746,104.886,0.31,0.2245,0.0
ATOM,4253.0,HA,ILE,327.0,82.473,-49.027,106.566,0.09,1.32,4.92
ATOM,4254.0,HB,ILE,327.0,81.916,-48.161,103.829,0.09,1.32,0.0
ATOM,4255.0,HG12,ILE,327.0,81.718,-46.718,106.279,0.09,1.32,9.49
ATOM,4256.0,HG13,ILE,327.0,82.553,-46.301,104.951,0.09,1.32,0.0
ATOM,4257.0,HG21,ILE,327.0,79.597,-48.152,104.382,0.09,1.32,0.0
ATOM,4258.0,HG22,ILE,327.0,80.208,-49.649,104.59,0.09,1.32,0.03
ATOM,4259.0,HG23,ILE,327.0,79.954,-48.686,105.88,0.09,1.32,9.83
ATOM,4260.0,HD11,ILE,327.0,79.687,-46.239,105.15,0.09,1.32,2.13
ATOM,4261.0,HD12,ILE,327.0,80.653,-44.924,105.179,0.09,1.32,7.05
ATOM,4262.0,HD13,ILE,327.0,80.533,-45.818,103.819,0.09,1.32,0.0
ATOM,4263.0,N,LEU,328.0,83.095,-50.8,104.015,-0.47,1.85,0.0
ATOM,4264.0,CA,LEU,328.0,82.996,-52.131,103.439,0.07,2.275,0.0
ATOM,4265.0,C,LEU,328.0,83.704,-53.147,104.312,0.51,2.0,0.0
ATOM,4266.0,O,LEU,328.0,83.134,-54.178,104.661,-0.51,1.7,0.0
ATOM,4267.0,CB,LEU,328.0,83.585,-52.145,102.024,-0.18,2.175,0.0
ATOM,4268.0,CG,LEU,328.0,82.686,-51.552,100.933,-0.09,2.275,0.0
ATOM,4269.0,CD1,LEU,328.0,83.45,-51.488,99.63,-0.27,2.06,0.0
ATOM,4270.0,CD2,LEU,328.0,81.432,-52.394,100.766,-0.27,2.06,0.07
ATOM,4271.0,H,LEU,328.0,83.691,-50.045,103.617,0.31,0.2245,0.0
ATOM,4272.0,HA,LEU,328.0,82.023,-52.383,103.378,0.09,1.32,0.0
ATOM,4273.0,HB2,LEU,328.0,84.424,-51.615,102.037,0.09,1.32,0.0
ATOM,4274.0,HB3,LEU,328.0,83.768,-53.088,101.778,0.09,1.32,0.0
ATOM,4275.0,HG,LEU,328.0,82.41,-50.635,101.208,0.09,1.32,0.0
ATOM,4276.0,HD11,LEU,328.0,83.736,-52.409,99.359,0.09,1.32,0.0
ATOM,4277.0,HD12,LEU,328.0,82.867,-51.101,98.913,0.09,1.32,0.0
ATOM,4278.0,HD13,LEU,328.0,84.262,-50.911,99.74,0.09,1.32,0.0
ATOM,4279.0,HD21,LEU,328.0,80.925,-52.416,101.629,0.09,1.32,0.03
ATOM,4280.0,HD22,LEU,328.0,80.854,-51.997,100.052,0.09,1.32,0.0
ATOM,4281.0,HD23,LEU,328.0,81.686,-53.327,100.507,0.09,1.32,0.0
ATOM,4282.0,N,GLU,329.0,84.947,-52.855,104.672,-0.47,1.85,0.0
ATOM,4283.0,CA,GLU,329.0,85.712,-53.762,105.513,0.07,2.275,0.0
ATOM,4284.0,C,GLU,329.0,84.925,-54.138,106.77,0.51,2.0,0.0
ATOM,4285.0,O,GLU,329.0,84.913,-55.296,107.186,-0.51,1.7,14.36
ATOM,4286.0,CB,GLU,329.0,87.031,-53.112,105.909,-0.18,2.175,0.25
ATOM,4287.0,CG,GLU,329.0,87.9,-53.984,106.784,-0.28,2.175,13.0
ATOM,4288.0,CD,GLU,329.0,89.372,-53.867,106.438,0.62,2.0,2.53
ATOM,4289.0,OE1,GLU,329.0,90.005,-52.884,106.876,-0.76,1.7,15.57
ATOM,4290.0,OE2,GLU,329.0,89.896,-54.756,105.73,-0.76,1.7,8.94
ATOM,4291.0,H,GLU,329.0,85.31,-51.956,104.314,0.31,0.2245,0.0
ATOM,4292.0,HA,GLU,329.0,85.935,-54.599,104.999,0.09,1.32,0.84
ATOM,4293.0,HB2,GLU,329.0,87.531,-52.921,105.083,0.09,1.32,0.0
ATOM,4294.0,HB3,GLU,329.0,86.823,-52.292,106.412,0.09,1.32,1.58
ATOM,4295.0,HG2,GLU,329.0,87.793,-53.696,107.717,0.09,1.32,9.15
ATOM,4296.0,HG3,GLU,329.0,87.64,-54.922,106.65,0.09,1.32,5.31
ATOM,4297.0,N,ALA,330.0,84.264,-53.15,107.364,-0.47,1.85,0.14
ATOM,4298.0,CA,ALA,330.0,83.475,-53.361,108.572,0.07,2.275,2.38
ATOM,4299.0,C,ALA,330.0,82.206,-54.169,108.313,0.51,2.0,0.19
ATOM,4300.0,O,ALA,330.0,81.726,-54.876,109.2,-0.51,1.7,22.79
ATOM,4301.0,CB,ALA,330.0,83.111,-52.018,109.192,-0.27,2.06,32.46
ATOM,4302.0,H,ALA,330.0,84.357,-52.223,106.897,0.31,0.2245,0.0
ATOM,4303.0,HA,ALA,330.0,84.042,-53.863,109.247,0.09,1.32,10.0
ATOM,4304.0,HB1,ALA,330.0,82.512,-52.165,109.978,0.09,1.32,9.48
ATOM,4305.0,HB2,ALA,330.0,83.943,-51.552,109.49,0.09,1.32,10.55
ATOM,4306.0,HB3,ALA,330.0,82.639,-51.455,108.515,0.09,1.32,0.48
ATOM,4307.0,N,HIS,331.0,81.659,-54.063,107.106,-0.47,1.85,0.15
ATOM,4308.0,CA,HIS,331.0,80.44,-54.793,106.773,0.07,2.275,2.09
ATOM,4309.0,C,HIS,331.0,80.621,-56.291,106.985,0.51,2.0,0.0
ATOM,4310.0,O,HIS,331.0,81.686,-56.843,106.715,-0.51,1.7,3.81
ATOM,4311.0,CB,HIS,331.0,80.025,-54.524,105.327,-0.09,2.175,0.11
ATOM,4312.0,CG,HIS,331.0,78.586,-54.829,105.054,-0.05,1.8,0.0
ATOM,4313.0,H,HIS,331.0,82.155,-53.441,106.449,0.31,0.2245,0.0
ATOM,4314.0,HA,HIS,331.0,79.702,-54.475,107.381,0.09,1.32,3.37
ATOM,4315.0,HB2,HIS,331.0,80.189,-53.556,105.114,0.09,1.32,0.02
ATOM,4316.0,HB3,HIS,331.0,80.589,-55.088,104.715,0.09,1.32,0.0
ATOM,4317.0,ND1,HIS,331.0,78.117,-56.114,104.881,-0.36,1.85,0.0
ATOM,4318.0,CD2,HIS,331.0,77.507,-54.017,104.949,0.22,1.8,7.0
ATOM,4319.0,CE1,HIS,331.0,76.811,-56.081,104.683,0.25,1.8,1.35
ATOM,4320.0,NE2,HIS,331.0,76.416,-54.822,104.719,-0.7,1.85,15.57
ATOM,4321.0,HD1,HIS,331.0,78.68,-56.94,104.903,0.32,0.2245,0.0
ATOM,4322.0,HD2,HIS,331.0,77.502,-53.024,105.023,0.1,1.468,2.12
ATOM,4323.0,HE1,HIS,331.0,76.224,-56.871,104.531,0.13,0.9,0.0
ATOM,4324.0,N,PRO,332.0,79.574,-56.97,107.473,-0.29,1.85,0.0
ATOM,4325.0,CA,PRO,332.0,79.616,-58.412,107.73,0.02,2.275,2.05
ATOM,4326.0,C,PRO,332.0,79.675,-59.264,106.475,0.51,2.0,0.14
ATOM,4327.0,O,PRO,332.0,80.389,-60.263,106.422,-0.51,1.7,19.27
ATOM,4328.0,CB,PRO,332.0,78.336,-58.67,108.515,-0.18,2.175,19.76
ATOM,4329.0,CG,PRO,332.0,77.406,-57.61,108.035,-0.18,2.175,14.23
ATOM,4330.0,CD,PRO,332.0,78.263,-56.396,107.82,0.0,2.175,8.03
ATOM,4331.0,HA,PRO,332.0,80.394,-58.636,108.353,0.09,1.32,10.76
ATOM,4332.0,HB2,PRO,332.0,77.974,-59.582,108.316,0.09,1.32,8.78
ATOM,4333.0,HB3,PRO,332.0,78.499,-58.587,109.499,0.09,1.32,11.59
ATOM,4334.0,HG2,PRO,332.0,76.961,-57.891,107.178,0.09,1.32,0.0
ATOM,4335.0,HG3,PRO,332.0,76.693,-57.429,108.721,0.09,1.32,11.93
ATOM,4336.0,HD2,PRO,332.0,77.918,-55.831,107.071,0.09,1.32,0.0
ATOM,4337.0,HD3,PRO,332.0,78.331,-55.842,108.651,0.09,1.32,8.51
ATOM,4338.0,N,LYS,333.0,78.916,-58.861,105.466,-0.47,1.85,0.0
ATOM,4339.0,CA,LYS,333.0,78.861,-59.601,104.216,0.07,2.275,0.0
ATOM,4340.0,C,LYS,333.0,80.09,-59.413,103.333,0.51,2.0,0.0
ATOM,4341.0,O,LYS,333.0,80.239,-60.088,102.318,-0.51,1.7,0.0
ATOM,4342.0,CB,LYS,333.0,77.589,-59.222,103.453,-0.18,2.175,0.0
ATOM,4343.0,CG,LYS,333.0,76.372,-60.039,103.868,-0.18,2.175,5.81
ATOM,4344.0,CD,LYS,333.0,75.165,-59.166,104.157,-0.18,2.175,2.72
ATOM,4345.0,CE,LYS,333.0,73.871,-59.946,103.959,0.21,2.175,7.39
ATOM,4346.0,NZ,LYS,333.0,72.678,-59.068,103.777,-0.3,1.85,3.09
ATOM,4347.0,H,LYS,333.0,78.377,-57.991,105.643,0.31,0.2245,0.0
ATOM,4348.0,HA,LYS,333.0,78.767,-60.594,104.427,0.09,1.32,0.52
ATOM,4349.0,HB2,LYS,333.0,77.396,-58.262,103.626,0.09,1.32,0.0
ATOM,4350.0,HB3,LYS,333.0,77.751,-59.372,102.483,0.09,1.32,0.0
ATOM,4351.0,HG2,LYS,333.0,76.142,-60.677,103.128,0.09,1.32,0.0
ATOM,4352.0,HG3,LYS,333.0,76.599,-60.564,104.692,0.09,1.32,6.58
ATOM,4353.0,HD2,LYS,333.0,75.206,-58.858,105.099,0.09,1.32,2.49
ATOM,4354.0,HD3,LYS,333.0,75.166,-58.394,103.534,0.09,1.32,0.0
ATOM,4355.0,HE2,LYS,333.0,73.97,-60.538,103.148,0.05,1.32,0.0
ATOM,4356.0,HE3,LYS,333.0,73.723,-60.538,104.762,0.05,1.32,11.76
ATOM,4357.0,HZ1,LYS,333.0,71.94,-59.387,104.37,0.33,0.2245,16.72
ATOM,4358.0,HZ2,LYS,333.0,72.92,-58.129,104.017,0.33,0.2245,5.75
ATOM,4359.0,HZ3,LYS,333.0,72.383,-59.106,102.823,0.33,0.2245,0.0
ATOM,4360.0,N,VAL,334.0,80.977,-58.505,103.724,-0.47,1.85,0.0
ATOM,4361.0,CA,VAL,334.0,82.192,-58.259,102.954,0.07,2.275,0.0
ATOM,4362.0,C,VAL,334.0,83.364,-59.044,103.531,0.51,2.0,0.0
ATOM,4363.0,O,VAL,334.0,83.991,-58.626,104.508,-0.51,1.7,7.32
ATOM,4364.0,CB,VAL,334.0,82.556,-56.767,102.942,-0.09,2.275,0.0
ATOM,4365.0,CG1,VAL,334.0,83.858,-56.56,102.196,-0.27,2.06,0.0
ATOM,4366.0,CG2,VAL,334.0,81.443,-55.968,102.29,-0.27,2.06,0.0
ATOM,4367.0,H,VAL,334.0,80.738,-58.003,104.596,0.31,0.2245,0.0
ATOM,4368.0,HA,VAL,334.0,82.037,-58.579,102.013,0.09,1.32,0.0
ATOM,4369.0,HB,VAL,334.0,82.709,-56.485,103.883,0.09,1.32,0.0
ATOM,4370.0,HG11,VAL,334.0,84.566,-56.25,102.832,0.09,1.32,0.0
ATOM,4371.0,HG12,VAL,334.0,84.147,-57.421,101.775,0.09,1.32,0.0
ATOM,4372.0,HG13,VAL,334.0,83.732,-55.87,101.482,0.09,1.32,0.0
ATOM,4373.0,HG21,VAL,334.0,81.504,-56.063,101.296,0.09,1.32,0.0
ATOM,4374.0,HG22,VAL,334.0,80.558,-56.313,102.605,0.09,1.32,0.0
ATOM,4375.0,HG23,VAL,334.0,81.535,-55.004,102.541,0.09,1.32,0.0
ATOM,4376.0,N,ARG,335.0,83.659,-60.179,102.908,-0.47,1.85,0.0
ATOM,4377.0,CA,ARG,335.0,84.732,-61.052,103.356,0.07,2.275,0.0
ATOM,4378.0,C,ARG,335.0,86.101,-60.378,103.422,0.51,2.0,0.0
ATOM,4379.0,O,ARG,335.0,86.803,-60.5,104.422,-0.51,1.7,23.71
ATOM,4380.0,CB,ARG,335.0,84.798,-62.286,102.457,-0.18,2.175,0.0
ATOM,4381.0,CG,ARG,335.0,85.927,-63.237,102.8,-0.18,2.175,6.77
ATOM,4382.0,CD,ARG,335.0,85.407,-64.617,103.16,0.2,2.175,17.51
ATOM,4383.0,NE,ARG,335.0,84.132,-64.915,102.516,-0.7,1.85,0.35
ATOM,4384.0,CZ,ARG,335.0,83.933,-65.943,101.695,0.64,2.0,1.36
ATOM,4385.0,NH1,ARG,335.0,84.927,-66.778,101.413,-0.8,1.85,19.18
ATOM,4386.0,NH2,ARG,335.0,82.737,-66.14,101.159,-0.8,1.85,6.51
ATOM,4387.0,H,ARG,335.0,83.06,-60.386,102.079,0.31,0.2245,0.0
ATOM,4388.0,HA,ARG,335.0,84.503,-61.4,104.288,0.09,1.32,9.07
ATOM,4389.0,HB2,ARG,335.0,83.938,-62.78,102.544,0.09,1.32,0.0
ATOM,4390.0,HB3,ARG,335.0,84.924,-61.98,101.518,0.09,1.32,0.0
ATOM,4391.0,HG2,ARG,335.0,86.536,-63.329,102.015,0.09,1.32,0.04
ATOM,4392.0,HG3,ARG,335.0,86.435,-62.883,103.583,0.09,1.32,2.96
ATOM,4393.0,HD2,ARG,335.0,86.086,-65.289,102.872,0.09,1.32,3.64
ATOM,4394.0,HD3,ARG,335.0,85.293,-64.656,104.151,0.09,1.32,11.18
ATOM,4395.0,HE,ARG,335.0,83.354,-64.305,102.704,0.44,0.2245,0.0
ATOM,4396.0,HH11,ARG,335.0,85.827,-66.662,101.824,0.46,0.2245,11.14
ATOM,4397.0,HH12,ARG,335.0,84.769,-67.541,100.775,0.46,0.2245,15.86
ATOM,4398.0,HH21,ARG,335.0,81.981,-65.523,101.391,0.46,0.2245,0.0
ATOM,4399.0,HH22,ARG,335.0,82.586,-66.898,100.528,0.46,0.2245,6.54
ATOM,4400.0,N,HIS,336.0,86.481,-59.667,102.367,-0.47,1.85,0.0
ATOM,4401.0,CA,HIS,336.0,87.78,-58.995,102.335,0.07,2.275,0.62
ATOM,4402.0,C,HIS,336.0,87.759,-57.728,101.479,0.51,2.0,0.0
ATOM,4403.0,O,HIS,336.0,86.942,-57.59,100.572,-0.51,1.7,0.0
ATOM,4404.0,CB,HIS,336.0,88.847,-59.959,101.805,-0.09,2.175,0.01
ATOM,4405.0,CG,HIS,336.0,90.242,-59.603,102.214,-0.05,1.8,0.14
ATOM,4406.0,H,HIS,336.0,85.799,-59.63,101.591,0.31,0.2245,0.0
ATOM,4407.0,HA,HIS,336.0,88.025,-58.731,103.28,0.09,1.32,5.33
ATOM,4408.0,HB2,HIS,336.0,88.645,-60.886,102.141,0.09,1.32,0.93
ATOM,4409.0,HB3,HIS,336.0,88.805,-59.969,100.799,0.09,1.32,0.0
ATOM,4410.0,ND1,HIS,336.0,90.725,-58.313,102.178,-0.36,1.85,1.27
ATOM,4411.0,CD2,HIS,336.0,91.26,-60.373,102.669,0.22,1.8,15.93
ATOM,4412.0,CE1,HIS,336.0,91.979,-58.302,102.592,0.25,1.8,6.0
ATOM,4413.0,NE2,HIS,336.0,92.329,-59.539,102.896,-0.7,1.85,28.02
ATOM,4414.0,HD1,HIS,336.0,90.204,-57.511,101.884,0.32,0.2245,0.0
ATOM,4415.0,HD2,HIS,336.0,91.24,-61.358,102.812,0.1,1.468,16.05
ATOM,4416.0,HE1,HIS,336.0,92.563,-57.498,102.662,0.13,0.9,1.11
ATOM,4417.0,N,VAL,337.0,88.662,-56.802,101.772,-0.47,1.85,0.19
ATOM,4418.0,CA,VAL,337.0,88.738,-55.555,101.023,0.07,2.275,0.0
ATOM,4419.0,C,VAL,337.0,90.18,-55.173,100.723,0.51,2.0,0.0
ATOM,4420.0,O,VAL,337.0,91.027,-55.113,101.62,-0.51,1.7,0.57
ATOM,4421.0,CB,VAL,337.0,88.086,-54.404,101.791,-0.09,2.275,0.0
ATOM,4422.0,CG1,VAL,337.0,88.391,-53.083,101.106,-0.27,2.06,0.0
ATOM,4423.0,CG2,VAL,337.0,86.595,-54.634,101.879,-0.27,2.06,0.0
ATOM,4424.0,H,VAL,337.0,89.293,-57.037,102.56,0.31,0.2245,0.0
ATOM,4425.0,HA,VAL,337.0,88.262,-55.688,100.143,0.09,1.32,0.0
ATOM,4426.0,HB,VAL,337.0,88.5,-54.365,102.694,0.09,1.32,0.0
ATOM,4427.0,HG11,VAL,337.0,89.356,-53.055,100.845,0.09,1.32,0.0
ATOM,4428.0,HG12,VAL,337.0,87.824,-52.991,100.287,0.09,1.32,0.0
ATOM,4429.0,HG13,VAL,337.0,88.195,-52.327,101.732,0.09,1.32,0.0
ATOM,4430.0,HG21,VAL,337.0,86.399,-55.283,102.616,0.09,1.32,0.0
ATOM,4431.0,HG22,VAL,337.0,86.132,-53.766,102.069,0.09,1.32,0.0
ATOM,4432.0,HG23,VAL,337.0,86.261,-55.006,101.011,0.09,1.32,0.0
ATOM,4433.0,N,TYR,338.0,90.451,-54.907,99.452,-0.47,1.85,0.0
ATOM,4434.0,CA,TYR,338.0,91.786,-54.537,99.022,0.07,2.275,0.0
ATOM,4435.0,C,TYR,338.0,91.822,-53.049,98.719,0.51,2.0,0.0
ATOM,4436.0,O,TYR,338.0,91.01,-52.556,97.944,-0.51,1.7,0.0
ATOM,4437.0,CB,TYR,338.0,92.166,-55.34,97.777,-0.18,2.175,0.0
ATOM,4438.0,CG,TYR,338.0,92.022,-56.839,97.948,0.0,1.9924,0.0
ATOM,4439.0,CD1,TYR,338.0,90.783,-57.463,97.803,-0.115,1.9924,0.0
ATOM,4440.0,CD2,TYR,338.0,93.124,-57.632,98.273,-0.115,1.9924,2.34
ATOM,4441.0,CE1,TYR,338.0,90.646,-58.839,97.981,-0.115,1.9924,0.0
ATOM,4442.0,CE2,TYR,338.0,92.998,-59.01,98.453,-0.115,1.9924,3.2
ATOM,4443.0,CZ,TYR,338.0,91.76,-59.606,98.307,0.11,1.9924,0.0
ATOM,4444.0,OH,TYR,338.0,91.64,-60.965,98.492,-0.54,1.77,14.52
ATOM,4445.0,H,TYR,338.0,89.639,-54.986,98.807,0.31,0.2245,0.0
ATOM,4446.0,HA,TYR,338.0,92.425,-54.719,99.772,0.09,1.32,0.93
ATOM,4447.0,HB2,TYR,338.0,91.575,-55.055,97.027,0.09,1.32,0.0
ATOM,4448.0,HB3,TYR,338.0,93.118,-55.144,97.556,0.09,1.32,0.0
ATOM,4449.0,HD1,TYR,338.0,89.979,-56.918,97.568,0.115,1.3582,0.0
ATOM,4450.0,HD2,TYR,338.0,94.021,-57.206,98.378,0.115,1.3582,2.1
ATOM,4451.0,HE1,TYR,338.0,89.751,-59.272,97.874,0.115,1.3582,0.0
ATOM,4452.0,HE2,TYR,338.0,93.8,-59.558,98.686,0.115,1.3582,16.5
ATOM,4453.0,HH,TYR,338.0,90.847,-61.296,97.984,0.43,0.2245,0.0
ATOM,4454.0,N,TYR,339.0,92.754,-52.336,99.344,-0.47,1.85,0.0
ATOM,4455.0,CA,TYR,339.0,92.903,-50.9,99.135,0.07,2.275,0.0
ATOM,4456.0,C,TYR,339.0,94.104,-50.397,99.913,0.51,2.0,0.0
ATOM,4457.0,O,TYR,339.0,94.193,-50.588,101.122,-0.51,1.7,0.0
ATOM,4458.0,CB,TYR,339.0,91.658,-50.154,99.6,-0.18,2.175,0.0
ATOM,4459.0,CG,TYR,339.0,91.671,-48.696,99.239,0.0,1.9924,0.0
ATOM,4460.0,CD1,TYR,339.0,91.484,-48.285,97.925,-0.115,1.9924,0.0
ATOM,4461.0,CD2,TYR,339.0,91.86,-47.722,100.212,-0.115,1.9924,0.0
ATOM,4462.0,CE1,TYR,339.0,91.483,-46.934,97.588,-0.115,1.9924,0.0
ATOM,4463.0,CE2,TYR,339.0,91.861,-46.371,99.889,-0.115,1.9924,0.0
ATOM,4464.0,CZ,TYR,339.0,91.674,-45.983,98.579,0.11,1.9924,0.0
ATOM,4465.0,OH,TYR,339.0,91.694,-44.644,98.267,-0.54,1.77,0.0
ATOM,4466.0,H,TYR,339.0,93.361,-52.885,99.988,0.31,0.2245,0.05
ATOM,4467.0,HA,TYR,339.0,93.068,-50.739,98.16,0.09,1.32,0.0
ATOM,4468.0,HB2,TYR,339.0,90.863,-50.577,99.175,0.09,1.32,0.0
ATOM,4469.0,HB3,TYR,339.0,91.599,-50.232,100.591,0.09,1.32,0.0
ATOM,4470.0,HD1,TYR,339.0,91.348,-48.968,97.205,0.115,1.3582,0.0
ATOM,4471.0,HD2,TYR,339.0,91.997,-47.998,101.163,0.115,1.3582,0.0
ATOM,4472.0,HE1,TYR,339.0,91.344,-46.653,96.639,0.115,1.3582,0.0
ATOM,4473.0,HE2,TYR,339.0,91.997,-45.685,100.605,0.115,1.3582,0.0
ATOM,4474.0,HH,TYR,339.0,91.516,-44.532,97.291,0.43,0.2245,0.0
ATOM,4475.0,N,PRO,340.0,95.047,-49.74,99.222,-0.29,1.85,0.0
ATOM,4476.0,CA,PRO,340.0,96.254,-49.211,99.861,0.02,2.275,0.0
ATOM,4477.0,C,PRO,340.0,95.952,-48.301,101.041,0.51,2.0,0.0
ATOM,4478.0,O,PRO,340.0,96.73,-48.227,101.986,-0.51,1.7,0.0
ATOM,4479.0,CB,PRO,340.0,96.964,-48.468,98.73,-0.18,2.175,0.0
ATOM,4480.0,CG,PRO,340.0,96.467,-49.113,97.491,-0.18,2.175,0.0
ATOM,4481.0,CD,PRO,340.0,95.029,-49.451,97.78,0.0,2.175,0.0
ATOM,4482.0,HA,PRO,340.0,96.868,-49.971,100.142,0.09,1.32,0.0
ATOM,4483.0,HB2,PRO,340.0,96.731,-47.491,98.75,0.09,1.32,0.0
ATOM,4484.0,HB3,PRO,340.0,97.96,-48.563,98.816,0.09,1.32,0.0
ATOM,4485.0,HG2,PRO,340.0,96.534,-48.486,96.709,0.09,1.32,0.0
ATOM,4486.0,HG3,PRO,340.0,96.993,-49.944,97.285,0.09,1.32,0.0
ATOM,4487.0,HD2,PRO,340.0,94.426,-48.681,97.583,0.09,1.32,0.0
ATOM,4488.0,HD3,PRO,340.0,94.731,-50.253,97.263,0.09,1.32,0.0
ATOM,4489.0,N,GLY,341.0,94.817,-47.615,100.986,-0.47,1.85,0.0
ATOM,4490.0,CA,GLY,341.0,94.45,-46.716,102.064,-0.02,2.175,0.0
ATOM,4491.0,C,GLY,341.0,94.216,-47.407,103.396,0.51,2.0,0.0
ATOM,4492.0,O,GLY,341.0,94.507,-46.835,104.448,-0.51,1.7,12.33
ATOM,4493.0,H,GLY,341.0,94.245,-47.773,100.143,0.31,0.2245,0.0
ATOM,4494.0,HA2,GLY,341.0,95.182,-46.012,102.179,0.09,1.32,0.0
ATOM,4495.0,HA3,GLY,341.0,93.605,-46.204,101.802,0.09,1.32,0.0
ATOM,4496.0,N,LEU,342.0,93.691,-48.631,103.36,-0.47,1.85,0.0
ATOM,4497.0,CA,LEU,342.0,93.412,-49.39,104.582,0.07,2.275,0.0
ATOM,4498.0,C,LEU,342.0,94.682,-49.888,105.271,0.51,2.0,0.0
ATOM,4499.0,O,LEU,342.0,95.716,-50.098,104.627,-0.51,1.7,0.0
ATOM,4500.0,CB,LEU,342.0,92.521,-50.596,104.274,-0.18,2.175,0.0
ATOM,4501.0,CG,LEU,342.0,91.172,-50.368,103.599,-0.09,2.275,0.0
ATOM,4502.0,CD1,LEU,342.0,90.41,-51.686,103.526,-0.27,2.06,0.0
ATOM,4503.0,CD2,LEU,342.0,90.387,-49.336,104.375,-0.27,2.06,0.62
ATOM,4504.0,H,LEU,342.0,93.499,-48.995,102.407,0.31,0.2245,0.0
ATOM,4505.0,HA,LEU,342.0,92.917,-48.786,105.227,0.09,1.32,2.42
ATOM,4506.0,HB2,LEU,342.0,93.049,-51.219,103.681,0.09,1.32,0.09
ATOM,4507.0,HB3,LEU,342.0,92.342,-51.071,105.145,0.09,1.32,0.0
ATOM,4508.0,HG,LEU,342.0,91.321,-50.022,102.678,0.09,1.32,0.0
ATOM,4509.0,HD11,LEU,342.0,90.265,-52.038,104.45,0.09,1.32,0.0
ATOM,4510.0,HD12,LEU,342.0,89.526,-51.536,103.083,0.09,1.32,0.0
ATOM,4511.0,HD13,LEU,342.0,90.94,-52.348,102.996,0.09,1.32,0.03
ATOM,4512.0,HD21,LEU,342.0,90.894,-48.472,104.401,0.09,1.32,0.02
ATOM,4513.0,HD22,LEU,342.0,89.499,-49.183,103.935,0.09,1.32,0.0
ATOM,4514.0,HD23,LEU,342.0,90.238,-49.657,105.313,0.09,1.32,1.11
ATOM,4515.0,N,GLN,343.0,94.588,-50.082,106.583,-0.47,1.85,0.0
ATOM,4516.0,CA,GLN,343.0,95.714,-50.565,107.374,0.07,2.275,0.0
ATOM,4517.0,C,GLN,343.0,95.882,-52.058,107.143,0.51,2.0,0.29
ATOM,4518.0,O,GLN,343.0,96.942,-52.627,107.413,-0.51,1.7,20.41
ATOM,4519.0,CB,GLN,343.0,95.468,-50.311,108.864,-0.18,2.175,9.28
ATOM,4520.0,CG,GLN,343.0,95.228,-48.854,109.222,-0.18,2.175,12.22
ATOM,4521.0,CD,GLN,343.0,96.042,-48.408,110.421,0.55,2.0,2.08
ATOM,4522.0,H,GLN,343.0,93.656,-49.863,106.989,0.31,0.2245,4.81
ATOM,4523.0,HA,GLN,343.0,96.541,-50.107,107.048,0.09,1.32,0.0
ATOM,4524.0,HB2,GLN,343.0,94.664,-50.839,109.15,0.09,1.32,9.47
ATOM,4525.0,HB3,GLN,343.0,96.268,-50.632,109.38,0.09,1.32,0.61
ATOM,4526.0,HG2,GLN,343.0,95.477,-48.286,108.439,0.09,1.32,0.58
ATOM,4527.0,HG3,GLN,343.0,94.258,-48.73,109.43,0.09,1.32,10.83
ATOM,4528.0,OE1,GLN,343.0,95.766,-47.366,111.017,-0.55,1.7,36.79
ATOM,4529.0,NE2,GLN,343.0,97.051,-49.196,110.783,-0.62,1.85,21.26
ATOM,4530.0,HE21,GLN,343.0,97.647,-48.954,111.567,0.32,0.2245,22.05
ATOM,4531.0,HE22,GLN,343.0,97.216,-50.053,110.256,0.3,0.2245,6.8
ATOM,4532.0,N,SER,344.0,94.824,-52.683,106.641,-0.47,1.85,0.69
ATOM,4533.0,CA,SER,344.0,94.831,-54.113,106.376,0.07,2.275,3.2
ATOM,4534.0,C,SER,344.0,95.614,-54.469,105.121,0.51,2.0,0.02
ATOM,4535.0,O,SER,344.0,95.98,-55.625,104.928,-0.51,1.7,18.24
ATOM,4536.0,CB,SER,344.0,93.399,-54.627,106.242,0.05,2.175,12.97
ATOM,4537.0,OG,SER,344.0,92.494,-53.552,106.073,-0.66,1.77,0.8
ATOM,4538.0,H,SER,344.0,94.003,-52.07,106.457,0.31,0.2245,0.08
ATOM,4539.0,HA,SER,344.0,95.276,-54.575,107.16,0.09,1.32,9.41
ATOM,4540.0,HB2,SER,344.0,93.345,-55.225,105.449,0.09,1.32,0.0
ATOM,4541.0,HB3,SER,344.0,93.159,-55.127,107.068,0.09,1.32,11.24
ATOM,4542.0,HG,SER,344.0,91.569,-53.91,105.95,0.43,0.2245,0.0
ATOM,4543.0,N,HIS,345.0,95.875,-53.479,104.272,-0.47,1.85,0.23
ATOM,4544.0,CA,HIS,345.0,96.609,-53.713,103.03,0.07,2.275,0.38
ATOM,4545.0,C,HIS,345.0,98.071,-54.048,103.276,0.51,2.0,0.0
ATOM,4546.0,O,HIS,345.0,98.765,-53.319,103.974,-0.51,1.7,4.42
ATOM,4547.0,CB,HIS,345.0,96.525,-52.488,102.117,-0.08,2.175,0.0
ATOM,4548.0,CG,HIS,345.0,96.945,-52.754,100.704,0.22,1.8,0.0
ATOM,4549.0,H,HIS,345.0,95.521,-52.549,104.561,0.31,0.2245,0.0
ATOM,4550.0,HA,HIS,345.0,96.18,-54.495,102.551,0.09,1.32,0.86
ATOM,4551.0,HB2,HIS,345.0,95.576,-52.152,102.107,0.09,1.32,0.0
ATOM,4552.0,HB3,HIS,345.0,97.114,-51.762,102.49,0.09,1.32,0.0
ATOM,4553.0,ND1,HIS,345.0,98.266,-52.77,100.31,-0.7,1.85,0.0
ATOM,4554.0,CD2,HIS,345.0,96.218,-53.02,99.593,-0.05,1.8,0.11
ATOM,4555.0,CE1,HIS,345.0,98.334,-53.031,99.016,0.25,1.8,0.0
ATOM,4556.0,NE2,HIS,345.0,97.106,-53.186,98.557,-0.36,1.85,0.24
ATOM,4557.0,HD2,HIS,345.0,95.226,-53.083,99.535,0.09,1.468,0.0
ATOM,4558.0,HE1,HIS,345.0,99.17,-53.098,98.478,0.13,0.9,0.0
ATOM,4559.0,HE2,HIS,345.0,96.86,-53.392,97.608,0.32,0.2245,0.0
ATOM,4560.0,N,PRO,346.0,98.557,-55.154,102.694,-0.29,1.85,0.0
ATOM,4561.0,CA,PRO,346.0,99.937,-55.626,102.823,0.02,2.275,1.93
ATOM,4562.0,C,PRO,346.0,101.038,-54.572,102.698,0.51,2.0,0.0
ATOM,4563.0,O,PRO,346.0,101.985,-54.583,103.482,-0.51,1.7,14.57
ATOM,4564.0,CB,PRO,346.0,100.047,-56.7,101.751,-0.18,2.175,6.02
ATOM,4565.0,CG,PRO,346.0,98.68,-57.245,101.653,-0.18,2.175,18.36
ATOM,4566.0,CD,PRO,346.0,97.757,-56.067,101.857,0.0,2.175,4.44
ATOM,4567.0,HA,PRO,346.0,100.05,-56.149,103.706,0.09,1.32,11.56
ATOM,4568.0,HB2,PRO,346.0,100.345,-56.3,100.879,0.09,1.32,0.0
ATOM,4569.0,HB3,PRO,346.0,100.704,-57.407,102.024,0.09,1.32,11.98
ATOM,4570.0,HG2,PRO,346.0,98.52,-57.664,100.751,0.09,1.32,3.82
ATOM,4571.0,HG3,PRO,346.0,98.517,-57.945,102.359,0.09,1.32,11.84
ATOM,4572.0,HD2,PRO,346.0,97.523,-55.633,100.988,0.09,1.32,0.17
ATOM,4573.0,HD3,PRO,346.0,96.92,-56.338,102.332,0.09,1.32,1.45
ATOM,4574.0,N,GLU,347.0,100.934,-53.667,101.727,-0.47,1.85,0.0
ATOM,4575.0,CA,GLU,347.0,101.972,-52.644,101.568,0.07,2.275,0.0
ATOM,4576.0,C,GLU,347.0,101.517,-51.239,101.948,0.51,2.0,0.0
ATOM,4577.0,O,GLU,347.0,102.037,-50.247,101.432,-0.51,1.7,0.0
ATOM,4578.0,CB,GLU,347.0,102.506,-52.632,100.13,-0.18,2.175,0.0
ATOM,4579.0,CG,GLU,347.0,101.642,-53.365,99.122,-0.28,2.175,0.0
ATOM,4580.0,CD,GLU,347.0,102.013,-54.828,98.989,0.62,2.0,0.0
ATOM,4581.0,OE1,GLU,347.0,103.17,-55.183,99.292,-0.76,1.7,3.07
ATOM,4582.0,OE2,GLU,347.0,101.143,-55.624,98.582,-0.76,1.7,0.0
ATOM,4583.0,H,GLU,347.0,100.106,-53.744,101.13,0.31,0.2245,0.0
ATOM,4584.0,HA,GLU,347.0,102.781,-52.899,102.132,0.09,1.32,0.0
ATOM,4585.0,HB2,GLU,347.0,102.567,-51.688,99.844,0.09,1.32,0.0
ATOM,4586.0,HB3,GLU,347.0,103.393,-53.066,100.139,0.09,1.32,0.01
ATOM,4587.0,HG2,GLU,347.0,100.708,-53.322,99.425,0.09,1.32,0.0
ATOM,4588.0,HG3,GLU,347.0,101.768,-52.946,98.242,0.09,1.32,0.0
ATOM,4589.0,N,HIS,348.0,100.558,-51.165,102.868,-0.47,1.85,0.0
ATOM,4590.0,CA,HIS,348.0,100.013,-49.89,103.328,0.07,2.275,0.0
ATOM,4591.0,C,HIS,348.0,101.091,-48.935,103.821,0.51,2.0,0.0
ATOM,4592.0,O,HIS,348.0,100.986,-47.721,103.639,-0.51,1.7,0.0
ATOM,4593.0,CB,HIS,348.0,98.994,-50.122,104.447,-0.09,2.175,0.0
ATOM,4594.0,CG,HIS,348.0,98.584,-48.871,105.16,-0.05,1.8,0.0
ATOM,4595.0,H,HIS,348.0,100.232,-52.087,103.229,0.31,0.2245,0.0
ATOM,4596.0,HA,HIS,348.0,99.533,-49.452,102.551,0.09,1.32,0.0
ATOM,4597.0,HB2,HIS,348.0,98.17,-50.548,104.056,0.09,1.32,0.0
ATOM,4598.0,HB3,HIS,348.0,99.39,-50.755,105.122,0.09,1.32,3.69
ATOM,4599.0,ND1,HIS,348.0,98.428,-47.665,104.515,-0.36,1.85,0.0
ATOM,4600.0,CD2,HIS,348.0,98.295,-48.641,106.463,0.22,1.8,6.58
ATOM,4601.0,CE1,HIS,348.0,98.06,-46.744,105.389,0.25,1.8,1.13
ATOM,4602.0,NE2,HIS,348.0,97.972,-47.31,106.577,-0.7,1.85,1.12
ATOM,4603.0,HD1,HIS,348.0,98.571,-47.511,103.537,0.32,0.2245,0.0
ATOM,4604.0,HD2,HIS,348.0,98.313,-49.309,107.201,0.1,1.468,3.29
ATOM,4605.0,HE1,HIS,348.0,97.881,-45.786,105.185,0.13,0.9,1.84
ATOM,4606.0,N,HIS,349.0,102.123,-49.484,104.451,-0.47,1.85,0.65
ATOM,4607.0,CA,HIS,349.0,103.212,-48.662,104.962,0.07,2.275,2.0
ATOM,4608.0,C,HIS,349.0,103.959,-48.043,103.796,0.51,2.0,0.0
ATOM,4609.0,O,HIS,349.0,104.465,-46.929,103.899,-0.51,1.7,5.65
ATOM,4610.0,CB,HIS,349.0,104.17,-49.496,105.813,-0.09,2.175,18.2
ATOM,4611.0,CG,HIS,349.0,104.666,-50.732,105.129,-0.05,1.8,0.54
ATOM,4612.0,H,HIS,349.0,102.086,-50.513,104.544,0.31,0.2245,0.0
ATOM,4613.0,HA,HIS,349.0,102.822,-47.926,105.516,0.09,1.32,2.48
ATOM,4614.0,HB2,HIS,349.0,104.965,-48.931,106.06,0.09,1.32,8.77
ATOM,4615.0,HB3,HIS,349.0,103.7,-49.771,106.66,0.09,1.32,11.58
ATOM,4616.0,ND1,HIS,349.0,103.836,-51.777,104.779,-0.36,1.85,6.13
ATOM,4617.0,CD2,HIS,349.0,105.913,-51.097,104.742,0.22,1.8,14.17
ATOM,4618.0,CE1,HIS,349.0,104.55,-52.732,104.21,0.25,1.8,13.46
ATOM,4619.0,NE2,HIS,349.0,105.813,-52.345,104.174,-0.7,1.85,19.9
ATOM,4620.0,HD1,HIS,349.0,102.848,-51.804,104.933,0.32,0.2245,4.11
ATOM,4621.0,HD2,HIS,349.0,106.746,-50.563,104.849,0.1,1.468,16.02
ATOM,4622.0,HE1,HIS,349.0,104.197,-53.598,103.867,0.13,0.9,4.44
ATOM,4623.0,N,ILE,350.0,104.028,-48.766,102.683,-0.47,1.85,0.0
ATOM,4624.0,CA,ILE,350.0,104.704,-48.245,101.504,0.07,2.275,0.04
ATOM,4625.0,C,ILE,350.0,103.782,-47.209,100.88,0.51,2.0,0.0
ATOM,4626.0,O,ILE,350.0,104.193,-46.078,100.609,-0.51,1.7,0.0
ATOM,4627.0,CB,ILE,350.0,104.982,-49.348,100.47,-0.09,2.275,0.0
ATOM,4628.0,CG1,ILE,350.0,105.727,-50.505,101.129,-0.18,2.175,0.78
ATOM,4629.0,CG2,ILE,350.0,105.814,-48.791,99.323,-0.27,2.06,0.0
ATOM,4630.0,CD1,ILE,350.0,105.849,-51.73,100.247,-0.27,2.06,8.45
ATOM,4631.0,H,ILE,350.0,103.577,-49.692,102.729,0.31,0.2245,0.0
ATOM,4632.0,HA,ILE,350.0,105.503,-47.755,101.831,0.09,1.32,0.0
ATOM,4633.0,HB,ILE,350.0,104.109,-49.689,100.143,0.09,1.32,0.0
ATOM,4634.0,HG12,ILE,350.0,106.642,-50.193,101.378,0.09,1.32,2.1
ATOM,4635.0,HG13,ILE,350.0,105.238,-50.759,101.963,0.09,1.32,0.0
ATOM,4636.0,HG21,ILE,350.0,105.974,-49.509,98.648,0.09,1.32,0.0
ATOM,4637.0,HG22,ILE,350.0,105.325,-48.034,98.893,0.09,1.32,0.0
ATOM,4638.0,HG23,ILE,350.0,106.689,-48.464,99.674,0.09,1.32,0.0
ATOM,4639.0,HD11,ILE,350.0,106.346,-51.49,99.415,0.09,1.32,0.0
ATOM,4640.0,HD12,ILE,350.0,106.345,-52.444,100.739,0.09,1.32,7.52
ATOM,4641.0,HD13,ILE,350.0,104.936,-52.059,100.01,0.09,1.32,0.0
ATOM,4642.0,N,ALA,351.0,102.53,-47.606,100.664,-0.47,1.85,0.0
ATOM,4643.0,CA,ALA,351.0,101.524,-46.726,100.079,0.07,2.275,0.0
ATOM,4644.0,C,ALA,351.0,101.536,-45.38,100.796,0.51,2.0,0.0
ATOM,4645.0,O,ALA,351.0,101.56,-44.313,100.172,-0.51,1.7,0.0
ATOM,4646.0,CB,ALA,351.0,100.141,-47.369,100.199,-0.27,2.06,0.0
ATOM,4647.0,H,ALA,351.0,102.334,-48.59,100.946,0.31,0.2245,0.0
ATOM,4648.0,HA,ALA,351.0,101.746,-46.576,99.113,0.09,1.32,0.0
ATOM,4649.0,HB1,ALA,351.0,99.446,-46.653,100.234,0.09,1.32,0.0
ATOM,4650.0,HB2,ALA,351.0,99.979,-47.955,99.407,0.09,1.32,0.0
ATOM,4651.0,HB3,ALA,351.0,100.102,-47.916,101.033,0.09,1.32,0.0
ATOM,4652.0,N,LYS,352.0,101.524,-45.452,102.12,-0.47,1.85,0.0
ATOM,4653.0,CA,LYS,352.0,101.528,-44.271,102.964,0.07,2.275,0.0
ATOM,4654.0,C,LYS,352.0,102.807,-43.461,102.78,0.51,2.0,0.11
ATOM,4655.0,O,LYS,352.0,102.821,-42.245,102.981,-0.51,1.7,20.12
ATOM,4656.0,CB,LYS,352.0,101.4,-44.696,104.431,-0.18,2.175,0.16
ATOM,4657.0,CG,LYS,352.0,100.469,-43.829,105.26,-0.18,2.175,5.05
ATOM,4658.0,CD,LYS,352.0,100.653,-44.085,106.752,-0.18,2.175,11.98
ATOM,4659.0,CE,LYS,352.0,99.409,-43.69,107.549,0.21,2.175,19.11
ATOM,4660.0,NZ,LYS,352.0,98.932,-44.788,108.448,-0.3,1.85,6.11
ATOM,4661.0,H,LYS,352.0,101.512,-46.426,102.499,0.31,0.2245,0.0
ATOM,4662.0,HA,LYS,352.0,100.741,-43.688,102.719,0.09,1.32,1.22
ATOM,4663.0,HB2,LYS,352.0,101.059,-45.636,104.453,0.09,1.32,0.0
ATOM,4664.0,HB3,LYS,352.0,102.312,-44.665,104.843,0.09,1.32,3.77
ATOM,4665.0,HG2,LYS,352.0,100.664,-42.866,105.073,0.09,1.32,6.87
ATOM,4666.0,HG3,LYS,352.0,99.522,-44.033,105.014,0.09,1.32,0.01
ATOM,4667.0,HD2,LYS,352.0,100.823,-45.054,106.894,0.09,1.32,2.39
ATOM,4668.0,HD3,LYS,352.0,101.421,-43.546,107.08,0.09,1.32,11.45
ATOM,4669.0,HE2,LYS,352.0,99.625,-42.882,108.105,0.05,1.32,12.1
ATOM,4670.0,HE3,LYS,352.0,98.675,-43.452,106.906,0.05,1.32,6.71
ATOM,4671.0,HZ1,LYS,352.0,98.859,-45.633,107.922,0.33,0.2245,0.23
ATOM,4672.0,HZ2,LYS,352.0,99.586,-44.908,109.193,0.33,0.2245,18.98
ATOM,4673.0,HZ3,LYS,352.0,98.038,-44.542,108.819,0.33,0.2245,14.86
ATOM,4674.0,N,LYS,353.0,103.875,-44.143,102.379,-0.47,1.85,0.0
ATOM,4675.0,CA,LYS,353.0,105.177,-43.51,102.211,0.07,2.275,0.79
ATOM,4676.0,C,LYS,353.0,105.46,-42.882,100.844,0.51,2.0,0.0
ATOM,4677.0,O,LYS,353.0,106.159,-41.87,100.761,-0.51,1.7,27.68
ATOM,4678.0,CB,LYS,353.0,106.266,-44.529,102.582,-0.18,2.175,2.69
ATOM,4679.0,CG,LYS,353.0,107.543,-44.469,101.768,-0.18,2.175,4.51
ATOM,4680.0,CD,LYS,353.0,108.274,-45.805,101.827,-0.18,2.175,1.52
ATOM,4681.0,CE,LYS,353.0,109.788,-45.624,101.807,0.21,2.175,11.85
ATOM,4682.0,NZ,LYS,353.0,110.503,-46.922,101.603,-0.3,1.85,5.42
ATOM,4683.0,H,LYS,353.0,103.703,-45.153,102.198,0.31,0.2245,0.0
ATOM,4684.0,HA,LYS,353.0,105.276,-42.775,102.926,0.09,1.32,8.53
ATOM,4685.0,HB2,LYS,353.0,106.501,-44.388,103.551,0.09,1.32,11.48
ATOM,4686.0,HB3,LYS,353.0,105.869,-45.45,102.484,0.09,1.32,0.0
ATOM,4687.0,HG2,LYS,353.0,107.319,-44.268,100.818,0.09,1.32,0.0
ATOM,4688.0,HG3,LYS,353.0,108.138,-43.761,102.138,0.09,1.32,8.21
ATOM,4689.0,HD2,LYS,353.0,108.023,-46.272,102.669,0.09,1.32,6.0
ATOM,4690.0,HD3,LYS,353.0,108.011,-46.352,101.038,0.09,1.32,0.0
ATOM,4691.0,HE2,LYS,353.0,110.03,-44.997,101.063,0.05,1.32,3.31
ATOM,4692.0,HE3,LYS,353.0,110.079,-45.224,102.679,0.05,1.32,11.14
ATOM,4693.0,HZ1,LYS,353.0,111.005,-47.154,102.434,0.33,0.2245,20.4
ATOM,4694.0,HZ2,LYS,353.0,109.835,-47.636,101.402,0.33,0.2245,1.4
ATOM,4695.0,HZ3,LYS,353.0,111.139,-46.829,100.839,0.33,0.2245,2.28
ATOM,4696.0,N,GLN,354.0,104.919,-43.459,99.774,-0.47,1.85,0.0
ATOM,4697.0,CA,GLN,354.0,105.169,-42.913,98.442,0.07,2.275,0.97
ATOM,4698.0,C,GLN,354.0,103.956,-42.273,97.773,0.51,2.0,1.45
ATOM,4699.0,O,GLN,354.0,104.088,-41.604,96.748,-0.51,1.7,6.54
ATOM,4700.0,CB,GLN,354.0,105.748,-43.999,97.527,-0.18,2.175,0.6
ATOM,4701.0,CG,GLN,354.0,104.901,-45.254,97.4,-0.18,2.175,0.0
ATOM,4702.0,CD,GLN,354.0,105.641,-46.386,96.712,0.55,2.0,0.0
ATOM,4703.0,H,GLN,354.0,104.337,-44.284,99.96,0.31,0.2245,0.0
ATOM,4704.0,HA,GLN,354.0,105.886,-42.191,98.533,0.09,1.32,3.02
ATOM,4705.0,HB2,GLN,354.0,105.87,-43.61,96.607,0.09,1.32,0.0
ATOM,4706.0,HB3,GLN,354.0,106.652,-44.267,97.882,0.09,1.32,1.97
ATOM,4707.0,HG2,GLN,354.0,104.636,-45.557,98.314,0.09,1.32,0.0
ATOM,4708.0,HG3,GLN,354.0,104.084,-45.038,96.868,0.09,1.32,0.0
ATOM,4709.0,OE1,GLN,354.0,106.873,-46.422,96.696,-0.55,1.7,0.3
ATOM,4710.0,NE2,GLN,354.0,104.89,-47.319,96.138,-0.62,1.85,0.0
ATOM,4711.0,HE21,GLN,354.0,105.315,-48.101,95.646,0.32,0.2245,0.0
ATOM,4712.0,HE22,GLN,354.0,103.876,-47.24,96.198,0.3,0.2245,0.0
ATOM,4713.0,N,MET,355.0,102.779,-42.467,98.356,-0.47,1.85,0.0
ATOM,4714.0,CA,MET,355.0,101.558,-41.908,97.794,0.07,2.275,0.0
ATOM,4715.0,C,MET,355.0,100.981,-40.795,98.66,0.51,2.0,0.02
ATOM,4716.0,O,MET,355.0,101.4,-40.602,99.804,-0.51,1.7,12.95
ATOM,4717.0,CB,MET,355.0,100.517,-43.014,97.63,-0.18,2.175,0.0
ATOM,4718.0,CG,MET,355.0,101.008,-44.222,96.845,-0.14,2.175,0.0
ATOM,4719.0,SD,MET,355.0,99.65,-45.192,96.159,-0.09,2.0,0.52
ATOM,4720.0,CE,MET,355.0,100.522,-46.63,95.575,-0.22,2.06,0.0
ATOM,4721.0,H,MET,355.0,102.806,-43.035,99.222,0.31,0.2245,0.0
ATOM,4722.0,HA,MET,355.0,101.779,-41.514,96.889,0.09,1.32,0.0
ATOM,4723.0,HB2,MET,355.0,100.224,-43.327,98.544,0.09,1.32,0.0
ATOM,4724.0,HB3,MET,355.0,99.709,-42.636,97.157,0.09,1.32,0.0
ATOM,4725.0,HG2,MET,355.0,101.631,-43.895,96.102,0.09,1.32,0.0
ATOM,4726.0,HG3,MET,355.0,101.589,-44.797,97.462,0.09,1.32,0.0
ATOM,4727.0,HE1,MET,355.0,101.136,-46.375,94.824,0.09,1.32,0.0
ATOM,4728.0,HE2,MET,355.0,101.064,-47.026,96.32,0.09,1.32,0.0
ATOM,4729.0,HE3,MET,355.0,99.868,-47.315,95.245,0.09,1.32,0.0
ATOM,4730.0,N,THR,356.0,100.018,-40.062,98.101,-0.47,1.85,0.0
ATOM,4731.0,CA,THR,356.0,99.342,-38.975,98.813,0.07,2.275,2.96
ATOM,4732.0,C,THR,356.0,97.841,-39.259,98.831,0.51,2.0,0.13
ATOM,4733.0,O,THR,356.0,97.083,-38.643,99.577,-0.51,1.7,30.65
ATOM,4734.0,CB,THR,356.0,99.581,-37.607,98.14,0.14,2.275,7.19
ATOM,4735.0,OG1,THR,356.0,98.68,-37.451,97.038,-0.66,1.77,10.18
ATOM,4736.0,CG2,THR,356.0,101.013,-37.499,97.643,-0.27,2.06,26.66
ATOM,4737.0,H,THR,356.0,99.788,-40.327,97.119,0.31,0.2245,0.0
ATOM,4738.0,HA,THR,356.0,99.671,-38.958,99.754,0.09,1.32,7.15
ATOM,4739.0,HB,THR,356.0,99.387,-36.87,98.818,0.09,1.32,11.8
ATOM,4740.0,HG21,THR,356.0,101.629,-37.323,98.414,0.09,1.32,10.66
ATOM,4741.0,HG22,THR,356.0,101.284,-38.355,97.195,0.09,1.32,0.0
ATOM,4742.0,HG23,THR,356.0,101.09,-36.746,96.985,0.09,1.32,8.1
ATOM,4743.0,HG1,THR,356.0,98.867,-38.143,96.333,0.43,0.2245,0.0
ATOM,4744.0,N,GLY,357.0,97.43,-40.199,97.989,-0.47,1.85,0.0
ATOM,4745.0,CA,GLY,357.0,96.04,-40.603,97.903,-0.02,2.175,1.35
ATOM,4746.0,C,GLY,357.0,96.08,-42.079,97.572,0.51,2.0,0.0
ATOM,4747.0,O,GLY,357.0,97.162,-42.651,97.496,-0.51,1.7,0.0
ATOM,4748.0,H,GLY,357.0,98.186,-40.615,97.403,0.31,0.2245,0.0
ATOM,4749.0,HA2,GLY,357.0,95.594,-40.468,98.771,0.09,1.32,4.03
ATOM,4750.0,HA3,GLY,357.0,95.589,-40.111,97.179,0.09,1.32,0.0
ATOM,4751.0,N,PHE,358.0,94.939,-42.714,97.355,-0.47,1.85,0.0
ATOM,4752.0,CA,PHE,358.0,94.976,-44.134,97.044,0.07,2.275,0.15
ATOM,4753.0,C,PHE,358.0,94.049,-44.559,95.916,0.51,2.0,0.12
ATOM,4754.0,O,PHE,358.0,93.543,-45.682,95.909,-0.51,1.7,0.15
ATOM,4755.0,CB,PHE,358.0,94.668,-44.932,98.306,-0.18,2.175,0.0
ATOM,4756.0,CG,PHE,358.0,95.494,-44.522,99.496,0.0,1.9924,0.0
ATOM,4757.0,CD1,PHE,358.0,96.774,-45.036,99.677,-0.115,1.9924,0.0
ATOM,4758.0,CD2,PHE,358.0,94.997,-43.618,100.432,-0.115,1.9924,0.45
ATOM,4759.0,CE1,PHE,358.0,97.549,-44.655,100.772,-0.115,1.9924,0.0
ATOM,4760.0,CE2,PHE,358.0,95.765,-43.23,101.532,-0.115,1.9924,5.45
ATOM,4761.0,CZ,PHE,358.0,97.042,-43.749,101.702,-0.115,1.9924,5.53
ATOM,4762.0,H,PHE,358.0,94.089,-42.154,97.421,0.31,0.2245,0.22
ATOM,4763.0,HA,PHE,358.0,95.926,-44.344,96.736,0.09,1.32,0.03
ATOM,4764.0,HB2,PHE,358.0,93.717,-44.79,98.533,0.09,1.32,0.0
ATOM,4765.0,HB3,PHE,358.0,94.856,-45.884,98.119,0.09,1.32,0.0
ATOM,4766.0,HD1,PHE,358.0,97.147,-45.683,99.02,0.115,1.3582,0.0
ATOM,4767.0,HD2,PHE,358.0,94.079,-43.24,100.316,0.115,1.3582,1.76
ATOM,4768.0,HE1,PHE,358.0,98.471,-45.038,100.885,0.115,1.3582,0.0
ATOM,4769.0,HE2,PHE,358.0,95.384,-42.573,102.199,0.115,1.3582,12.02
ATOM,4770.0,HZ,PHE,358.0,97.598,-43.478,102.484,0.115,1.3582,4.34
ATOM,4771.0,N,GLY,359.0,93.84,-43.663,94.957,-0.47,1.85,0.3
ATOM,4772.0,CA,GLY,359.0,92.972,-43.976,93.835,-0.02,2.175,0.43
ATOM,4773.0,C,GLY,359.0,91.509,-44.063,94.227,0.51,2.0,0.03
ATOM,4774.0,O,GLY,359.0,91.156,-43.834,95.379,-0.51,1.7,0.0
ATOM,4775.0,H,GLY,359.0,94.33,-42.764,95.078,0.31,0.2245,0.0
ATOM,4776.0,HA2,GLY,359.0,93.083,-43.266,93.116,0.09,1.32,1.85
ATOM,4777.0,HA3,GLY,359.0,93.26,-44.859,93.423,0.09,1.32,1.35
ATOM,4778.0,N,GLY,360.0,90.653,-44.39,93.264,-0.47,1.85,0.39
ATOM,4779.0,CA,GLY,360.0,89.231,-44.495,93.537,-0.02,2.175,0.35
ATOM,4780.0,C,GLY,360.0,88.74,-45.895,93.247,0.51,2.0,0.9
ATOM,4781.0,O,GLY,360.0,87.543,-46.19,93.287,-0.51,1.7,0.0
ATOM,4782.0,H,GLY,360.0,91.078,-44.557,92.337,0.31,0.2245,0.0
ATOM,4783.0,HA2,GLY,360.0,89.056,-44.271,94.503,0.09,1.32,0.0
ATOM,4784.0,HA3,GLY,360.0,88.729,-43.837,92.964,0.09,1.32,0.0
ATOM,4785.0,N,ALA,361.0,89.687,-46.768,92.944,-0.47,1.85,0.11
ATOM,4786.0,CA,ALA,361.0,89.361,-48.147,92.65,0.07,2.275,0.13
ATOM,4787.0,C,ALA,361.0,89.478,-48.957,93.927,0.51,2.0,0.0
ATOM,4788.0,O,ALA,361.0,90.451,-48.828,94.668,-0.51,1.7,0.0
ATOM,4789.0,CB,ALA,361.0,90.305,-48.688,91.59,-0.27,2.06,0.98
ATOM,4790.0,H,ALA,361.0,90.651,-46.387,92.937,0.31,0.2245,0.05
ATOM,4791.0,HA,ALA,361.0,88.417,-48.199,92.322,0.09,1.32,0.0
ATOM,4792.0,HB1,ALA,361.0,89.812,-49.322,90.994,0.09,1.32,0.0
ATOM,4793.0,HB2,ALA,361.0,90.665,-47.932,91.044,0.09,1.32,0.0
ATOM,4794.0,HB3,ALA,361.0,91.064,-49.169,92.03,0.09,1.32,0.0
ATOM,4795.0,N,VAL,362.0,88.477,-49.787,94.187,-0.47,1.85,0.01
ATOM,4796.0,CA,VAL,362.0,88.48,-50.617,95.377,0.07,2.275,0.0
ATOM,4797.0,C,VAL,362.0,87.97,-52.005,95.047,0.51,2.0,0.0
ATOM,4798.0,O,VAL,362.0,86.884,-52.157,94.491,-0.51,1.7,0.0
ATOM,4799.0,CB,VAL,362.0,87.586,-50.022,96.47,-0.09,2.275,0.0
ATOM,4800.0,CG1,VAL,362.0,87.371,-51.036,97.573,-0.27,2.06,0.0
ATOM,4801.0,CG2,VAL,362.0,88.221,-48.759,97.024,-0.27,2.06,0.0
ATOM,4802.0,H,VAL,362.0,87.715,-49.789,93.484,0.31,0.2245,0.0
ATOM,4803.0,HA,VAL,362.0,89.428,-50.702,95.7,0.09,1.32,0.0
ATOM,4804.0,HB,VAL,362.0,86.696,-49.835,96.067,0.09,1.32,0.0
ATOM,4805.0,HG11,VAL,362.0,88.124,-51.696,97.577,0.09,1.32,0.0
ATOM,4806.0,HG12,VAL,362.0,87.337,-50.57,98.459,0.09,1.32,0.0
ATOM,4807.0,HG13,VAL,362.0,86.508,-51.521,97.423,0.09,1.32,0.0
ATOM,4808.0,HG21,VAL,362.0,87.602,-47.986,96.882,0.09,1.32,0.0
ATOM,4809.0,HG22,VAL,362.0,88.392,-48.875,98.003,0.09,1.32,0.0
ATOM,4810.0,HG23,VAL,362.0,89.085,-48.587,96.551,0.09,1.32,0.0
ATOM,4811.0,N,SER,363.0,88.763,-53.016,95.383,-0.47,1.85,0.0
ATOM,4812.0,CA,SER,363.0,88.383,-54.398,95.135,0.07,2.275,0.0
ATOM,4813.0,C,SER,363.0,88.025,-55.037,96.458,0.51,2.0,0.0
ATOM,4814.0,O,SER,363.0,88.557,-54.659,97.504,-0.51,1.7,0.0
ATOM,4815.0,CB,SER,363.0,89.539,-55.173,94.514,0.05,2.175,0.0
ATOM,4816.0,OG,SER,363.0,90.015,-54.528,93.352,-0.66,1.77,0.32
ATOM,4817.0,H,SER,363.0,89.659,-52.738,95.829,0.31,0.2245,0.0
ATOM,4818.0,HA,SER,363.0,87.569,-54.399,94.557,0.09,1.32,0.0
ATOM,4819.0,HB2,SER,363.0,90.279,-55.235,95.178,0.09,1.32,0.0
ATOM,4820.0,HB3,SER,363.0,89.221,-56.086,94.272,0.09,1.32,0.0
ATOM,4821.0,HG,SER,363.0,91.003,-54.663,93.274,0.43,0.2245,0.0
ATOM,4822.0,N,PHE,364.0,87.125,-56.007,96.417,-0.47,1.85,0.0
ATOM,4823.0,CA,PHE,364.0,86.738,-56.686,97.635,0.07,2.275,0.0
ATOM,4824.0,C,PHE,364.0,86.0,-57.965,97.326,0.51,2.0,0.0
ATOM,4825.0,O,PHE,364.0,85.24,-58.035,96.366,-0.51,1.7,0.0
ATOM,4826.0,CB,PHE,364.0,85.866,-55.776,98.497,-0.18,2.175,0.0
ATOM,4827.0,CG,PHE,364.0,84.613,-55.313,97.821,0.0,1.9924,0.0
ATOM,4828.0,CD1,PHE,364.0,84.548,-54.049,97.257,-0.115,1.9924,0.0
ATOM,4829.0,CD2,PHE,364.0,83.484,-56.124,97.787,-0.115,1.9924,0.0
ATOM,4830.0,CE1,PHE,364.0,83.376,-53.596,96.671,-0.115,1.9924,0.0
ATOM,4831.0,CE2,PHE,364.0,82.311,-55.68,97.204,-0.115,1.9924,0.0
ATOM,4832.0,CZ,PHE,364.0,82.255,-54.415,96.646,-0.115,1.9924,0.0
ATOM,4833.0,H,PHE,364.0,86.745,-56.222,95.485,0.31,0.2245,0.0
ATOM,4834.0,HA,PHE,364.0,87.588,-56.944,98.112,0.09,1.32,0.0
ATOM,4835.0,HB2,PHE,364.0,85.609,-56.283,99.308,0.09,1.32,0.0
ATOM,4836.0,HB3,PHE,364.0,86.402,-54.977,98.732,0.09,1.32,0.0
ATOM,4837.0,HD1,PHE,364.0,85.349,-53.457,97.269,0.115,1.3582,0.0
ATOM,4838.0,HD2,PHE,364.0,83.524,-57.04,98.189,0.115,1.3582,0.0
ATOM,4839.0,HE1,PHE,364.0,83.343,-52.675,96.268,0.115,1.3582,0.0
ATOM,4840.0,HE2,PHE,364.0,81.497,-56.283,97.189,0.115,1.3582,0.0
ATOM,4841.0,HZ,PHE,364.0,81.41,-54.086,96.223,0.115,1.3582,0.0
ATOM,4842.0,N,GLU,365.0,86.241,-58.982,98.142,-0.47,1.85,0.0
ATOM,4843.0,CA,GLU,365.0,85.588,-60.261,97.962,0.07,2.275,0.0
ATOM,4844.0,C,GLU,365.0,84.314,-60.245,98.787,0.51,2.0,0.0
ATOM,4845.0,O,GLU,365.0,84.309,-59.759,99.916,-0.51,1.7,0.0
ATOM,4846.0,CB,GLU,365.0,86.508,-61.386,98.428,-0.18,2.175,0.16
ATOM,4847.0,CG,GLU,365.0,87.985,-61.074,98.263,-0.28,2.175,0.0
ATOM,4848.0,CD,GLU,365.0,88.854,-62.317,98.284,0.62,2.0,0.0
ATOM,4849.0,OE1,GLU,365.0,88.711,-63.127,99.227,-0.76,1.7,18.05
ATOM,4850.0,OE2,GLU,365.0,89.679,-62.487,97.359,-0.76,1.7,4.61
ATOM,4851.0,H,GLU,365.0,86.922,-58.782,98.9,0.31,0.2245,0.0
ATOM,4852.0,HA,GLU,365.0,85.364,-60.4,97.002,0.09,1.32,0.0
ATOM,4853.0,HB2,GLU,365.0,86.34,-61.535,99.385,0.09,1.32,0.0
ATOM,4854.0,HB3,GLU,365.0,86.309,-62.182,97.887,0.09,1.32,0.0
ATOM,4855.0,HG2,GLU,365.0,88.113,-60.637,97.392,0.09,1.32,0.0
ATOM,4856.0,HG3,GLU,365.0,88.267,-60.502,99.011,0.09,1.32,0.0
ATOM,4857.0,N,VAL,366.0,83.235,-60.763,98.214,-0.47,1.85,0.0
ATOM,4858.0,CA,VAL,366.0,81.954,-60.808,98.898,0.07,2.275,0.0
ATOM,4859.0,C,VAL,366.0,81.73,-62.185,99.483,0.51,2.0,0.0
ATOM,4860.0,O,VAL,366.0,82.082,-63.186,98.866,-0.51,1.7,0.0
ATOM,4861.0,CB,VAL,366.0,80.806,-60.499,97.937,-0.09,2.275,0.0
ATOM,4862.0,CG1,VAL,366.0,79.472,-60.741,98.624,-0.27,2.06,0.0
ATOM,4863.0,CG2,VAL,366.0,80.907,-59.063,97.467,-0.27,2.06,0.0
ATOM,4864.0,H,VAL,366.0,83.385,-61.126,97.251,0.31,0.2245,0.0
ATOM,4865.0,HA,VAL,366.0,81.978,-60.146,99.654,0.09,1.32,0.0
ATOM,4866.0,HB,VAL,366.0,80.861,-61.139,97.177,0.09,1.32,0.0
ATOM,4867.0,HG11,VAL,366.0,78.731,-60.4,98.046,0.09,1.32,0.0
ATOM,4868.0,HG12,VAL,366.0,79.348,-61.721,98.779,0.09,1.32,0.0
ATOM,4869.0,HG13,VAL,366.0,79.455,-60.262,99.502,0.09,1.32,0.0
ATOM,4870.0,HG21,VAL,366.0,80.797,-59.029,96.473,0.09,1.32,0.0
ATOM,4871.0,HG22,VAL,366.0,80.188,-58.518,97.901,0.09,1.32,0.0
ATOM,4872.0,HG23,VAL,366.0,81.803,-58.692,97.716,0.09,1.32,0.0
ATOM,4873.0,N,ASP,367.0,81.141,-62.226,100.674,-0.47,1.85,0.0
ATOM,4874.0,CA,ASP,367.0,80.866,-63.484,101.364,0.07,2.275,0.0
ATOM,4875.0,C,ASP,367.0,79.785,-64.295,100.646,0.51,2.0,0.21
ATOM,4876.0,O,ASP,367.0,78.624,-64.329,101.061,-0.51,1.7,11.06
ATOM,4877.0,CB,ASP,367.0,80.445,-63.209,102.813,-0.28,2.175,0.51
ATOM,4878.0,CG,ASP,367.0,80.482,-64.454,103.681,0.62,2.0,3.41
ATOM,4879.0,OD1,ASP,367.0,81.437,-65.248,103.544,-0.76,1.7,16.76
ATOM,4880.0,OD2,ASP,367.0,79.554,-64.639,104.5,-0.76,1.7,40.35
ATOM,4881.0,H,ASP,367.0,80.895,-61.294,101.069,0.31,0.2245,0.0
ATOM,4882.0,HA,ASP,367.0,81.712,-64.032,101.334,0.09,1.32,0.0
ATOM,4883.0,HB2,ASP,367.0,81.071,-62.537,103.191,0.09,1.32,0.14
ATOM,4884.0,HB3,ASP,367.0,79.518,-62.855,102.8,0.09,1.32,0.1
ATOM,4885.0,N,GLY,368.0,80.186,-64.947,99.562,-0.47,1.85,0.0
ATOM,4886.0,CA,GLY,368.0,79.263,-65.759,98.792,-0.02,2.175,5.75
ATOM,4887.0,C,GLY,368.0,80.008,-66.493,97.695,0.51,2.0,0.94
ATOM,4888.0,O,GLY,368.0,81.205,-66.757,97.804,-0.51,1.7,5.2
ATOM,4889.0,H,GLY,368.0,81.187,-64.827,99.324,0.31,0.2245,0.0
ATOM,4890.0,HA2,GLY,368.0,78.815,-66.426,99.395,0.09,1.32,10.87
ATOM,4891.0,HA3,GLY,368.0,78.558,-65.173,98.382,0.09,1.32,0.0
ATOM,4892.0,N,ASP,369.0,79.301,-66.832,96.631,-0.47,1.85,0.29
ATOM,4893.0,CA,ASP,369.0,79.926,-67.523,95.526,0.07,2.275,0.72
ATOM,4894.0,C,ASP,369.0,79.632,-66.765,94.241,0.51,2.0,0.0
ATOM,4895.0,O,ASP,369.0,79.104,-65.653,94.276,-0.51,1.7,0.0
ATOM,4896.0,CB,ASP,369.0,79.405,-68.964,95.438,-0.28,2.175,19.36
ATOM,4897.0,CG,ASP,369.0,77.961,-69.044,94.967,0.62,2.0,3.04
ATOM,4898.0,OD1,ASP,369.0,77.108,-68.321,95.525,-0.76,1.7,8.59
ATOM,4899.0,OD2,ASP,369.0,77.68,-69.837,94.04,-0.76,1.7,26.16
ATOM,4900.0,H,ASP,369.0,78.302,-66.569,96.661,0.31,0.2245,0.0
ATOM,4901.0,HA,ASP,369.0,80.916,-67.487,95.667,0.09,1.32,0.36
ATOM,4902.0,HB2,ASP,369.0,79.978,-69.458,94.794,0.09,1.32,6.19
ATOM,4903.0,HB3,ASP,369.0,79.469,-69.368,96.342,0.09,1.32,9.42
ATOM,4904.0,N,LEU,370.0,79.984,-67.367,93.111,-0.47,1.85,0.0
ATOM,4905.0,CA,LEU,370.0,79.759,-66.755,91.81,0.07,2.275,0.0
ATOM,4906.0,C,LEU,370.0,78.361,-66.134,91.714,0.51,2.0,0.0
ATOM,4907.0,O,LEU,370.0,78.207,-64.911,91.75,-0.51,1.7,0.0
ATOM,4908.0,CB,LEU,370.0,79.945,-67.808,90.711,-0.18,2.175,7.8
ATOM,4909.0,CG,LEU,370.0,80.419,-67.378,89.318,-0.09,2.275,1.55
ATOM,4910.0,CD1,LEU,370.0,79.229,-66.895,88.515,-0.27,2.06,13.03
ATOM,4911.0,CD2,LEU,370.0,81.482,-66.297,89.424,-0.27,2.06,0.0
ATOM,4912.0,H,LEU,370.0,80.428,-68.3,93.236,0.31,0.2245,1.34
ATOM,4913.0,HA,LEU,370.0,80.437,-66.021,91.675,0.09,1.32,0.0
ATOM,4914.0,HB2,LEU,370.0,80.612,-68.488,91.052,0.09,1.32,1.39
ATOM,4915.0,HB3,LEU,370.0,79.059,-68.28,90.589,0.09,1.32,0.0
ATOM,4916.0,HG,LEU,370.0,80.836,-68.159,88.865,0.09,1.32,3.01
ATOM,4917.0,HD11,LEU,370.0,78.802,-66.116,88.978,0.09,1.32,0.0
ATOM,4918.0,HD12,LEU,370.0,79.53,-66.612,87.603,0.09,1.32,1.43
ATOM,4919.0,HD13,LEU,370.0,78.559,-67.634,88.427,0.09,1.32,1.08
ATOM,4920.0,HD21,LEU,370.0,82.266,-66.647,89.938,0.09,1.32,0.0
ATOM,4921.0,HD22,LEU,370.0,81.78,-66.028,88.507,0.09,1.32,0.0
ATOM,4922.0,HD23,LEU,370.0,81.104,-65.5,89.897,0.09,1.32,0.0
ATOM,4923.0,N,LEU,371.0,77.348,-66.984,91.6,-0.47,1.85,0.0
ATOM,4924.0,CA,LEU,371.0,75.967,-66.532,91.49,0.07,2.275,0.0
ATOM,4925.0,C,LEU,371.0,75.574,-65.524,92.565,0.51,2.0,0.04
ATOM,4926.0,O,LEU,371.0,74.799,-64.606,92.305,-0.51,1.7,2.07
ATOM,4927.0,CB,LEU,371.0,75.02,-67.732,91.555,-0.18,2.175,9.84
ATOM,4928.0,CG,LEU,371.0,74.619,-68.354,90.218,-0.09,2.275,5.29
ATOM,4929.0,CD1,LEU,371.0,73.958,-67.297,89.349,-0.27,2.06,33.48
ATOM,4930.0,CD2,LEU,371.0,75.845,-68.929,89.526,-0.27,2.06,23.54
ATOM,4931.0,H,LEU,371.0,77.622,-67.989,91.596,0.31,0.2245,0.0
ATOM,4932.0,HA,LEU,371.0,75.844,-66.091,90.582,0.09,1.32,0.0
ATOM,4933.0,HB2,LEU,371.0,75.467,-68.444,92.092,0.09,1.32,0.76
ATOM,4934.0,HB3,LEU,371.0,74.184,-67.437,92.009,0.09,1.32,7.26
ATOM,4935.0,HG,LEU,371.0,73.978,-69.096,90.384,0.09,1.32,11.51
ATOM,4936.0,HD11,LEU,371.0,74.599,-66.546,89.188,0.09,1.32,0.99
ATOM,4937.0,HD12,LEU,371.0,73.694,-67.701,88.472,0.09,1.32,10.47
ATOM,4938.0,HD13,LEU,371.0,73.143,-66.945,89.811,0.09,1.32,9.74
ATOM,4939.0,HD21,LEU,371.0,76.258,-69.633,90.106,0.09,1.32,6.78
ATOM,4940.0,HD22,LEU,371.0,75.577,-69.335,88.651,0.09,1.32,10.35
ATOM,4941.0,HD23,LEU,371.0,76.511,-68.2,89.363,0.09,1.32,0.0
ATOM,4942.0,N,THR,372.0,76.098,-65.701,93.773,-0.47,1.85,0.08
ATOM,4943.0,CA,THR,372.0,75.778,-64.798,94.868,0.07,2.275,1.13
ATOM,4944.0,C,THR,372.0,76.396,-63.435,94.612,0.51,2.0,0.0
ATOM,4945.0,O,THR,372.0,75.706,-62.414,94.613,-0.51,1.7,0.0
ATOM,4946.0,CB,THR,372.0,76.303,-65.34,96.206,0.14,2.275,0.0
ATOM,4947.0,OG1,THR,372.0,75.556,-66.507,96.568,-0.66,1.77,22.59
ATOM,4948.0,CG2,THR,372.0,76.157,-64.294,97.302,-0.27,2.06,2.92
ATOM,4949.0,H,THR,372.0,76.733,-66.512,93.862,0.31,0.2245,0.0
ATOM,4950.0,HA,THR,372.0,74.781,-64.691,94.914,0.09,1.32,1.41
ATOM,4951.0,HB,THR,372.0,77.279,-65.61,96.093,0.09,1.32,0.0
ATOM,4952.0,HG21,THR,372.0,77.061,-64.041,97.653,0.09,1.32,0.0
ATOM,4953.0,HG22,THR,372.0,75.707,-63.477,96.934,0.09,1.32,0.0
ATOM,4954.0,HG23,THR,372.0,75.605,-64.663,98.053,0.09,1.32,6.92
ATOM,4955.0,HG1,THR,372.0,76.017,-67.336,96.232,0.43,0.2245,2.87
ATOM,4956.0,N,THR,373.0,77.703,-63.425,94.396,-0.47,1.85,0.0
ATOM,4957.0,CA,THR,373.0,78.403,-62.182,94.135,0.07,2.275,0.0
ATOM,4958.0,C,THR,373.0,77.674,-61.465,93.008,0.51,2.0,0.0
ATOM,4959.0,O,THR,373.0,77.364,-60.279,93.113,-0.51,1.7,0.0
ATOM,4960.0,CB,THR,373.0,79.872,-62.445,93.728,0.14,2.275,0.0
ATOM,4961.0,OG1,THR,373.0,80.576,-63.049,94.822,-0.66,1.77,0.0
ATOM,4962.0,CG2,THR,373.0,80.564,-61.144,93.355,-0.27,2.06,0.0
ATOM,4963.0,H,THR,373.0,78.162,-64.351,94.429,0.31,0.2245,0.0
ATOM,4964.0,HA,THR,373.0,78.362,-61.61,94.95,0.09,1.32,0.0
ATOM,4965.0,HB,THR,373.0,79.881,-63.097,92.944,0.09,1.32,0.0
ATOM,4966.0,HG21,THR,373.0,81.502,-61.143,93.709,0.09,1.32,0.0
ATOM,4967.0,HG22,THR,373.0,80.59,-61.046,92.357,0.09,1.32,0.0
ATOM,4968.0,HG23,THR,373.0,80.065,-60.368,93.747,0.09,1.32,0.0
ATOM,4969.0,HG1,THR,373.0,81.47,-62.608,94.948,0.43,0.2245,0.0
ATOM,4970.0,N,ALA,374.0,77.387,-62.198,91.935,-0.47,1.85,0.0
ATOM,4971.0,CA,ALA,374.0,76.689,-61.63,90.788,0.07,2.275,0.0
ATOM,4972.0,C,ALA,374.0,75.42,-60.938,91.262,0.51,2.0,0.0
ATOM,4973.0,O,ALA,374.0,75.208,-59.76,90.992,-0.51,1.7,0.0
ATOM,4974.0,CB,ALA,374.0,76.35,-62.722,89.786,-0.27,2.06,13.8
ATOM,4975.0,H,ALA,374.0,77.697,-63.187,91.986,0.31,0.2245,0.0
ATOM,4976.0,HA,ALA,374.0,77.282,-60.951,90.351,0.09,1.32,0.0
ATOM,4977.0,HB1,ALA,374.0,76.374,-63.613,90.24,0.09,1.32,0.0
ATOM,4978.0,HB2,ALA,374.0,75.435,-62.563,89.414,0.09,1.32,4.12
ATOM,4979.0,HB3,ALA,374.0,77.017,-62.712,89.041,0.09,1.32,1.75
ATOM,4980.0,N,LYS,375.0,74.582,-61.675,91.977,-0.47,1.85,0.33
ATOM,4981.0,CA,LYS,375.0,73.342,-61.123,92.491,0.07,2.275,2.84
ATOM,4982.0,C,LYS,375.0,73.604,-59.751,93.105,0.51,2.0,0.0
ATOM,4983.0,O,LYS,375.0,72.795,-58.838,92.963,-0.51,1.7,1.33
ATOM,4984.0,CB,LYS,375.0,72.745,-62.061,93.542,-0.18,2.175,1.62
ATOM,4985.0,CG,LYS,375.0,71.35,-61.672,94.018,-0.18,2.175,6.9
ATOM,4986.0,CD,LYS,375.0,70.88,-62.579,95.149,-0.18,2.175,4.53
ATOM,4987.0,CE,LYS,375.0,69.496,-63.148,94.864,0.21,2.175,17.81
ATOM,4988.0,NZ,LYS,375.0,69.558,-64.355,93.991,-0.3,1.85,13.56
ATOM,4989.0,H,LYS,375.0,74.884,-62.656,92.132,0.31,0.2245,0.0
ATOM,4990.0,HA,LYS,375.0,72.69,-61.016,91.736,0.09,1.32,2.44
ATOM,4991.0,HB2,LYS,375.0,72.696,-62.979,93.15,0.09,1.32,1.03
ATOM,4992.0,HB3,LYS,375.0,73.355,-62.07,94.335,0.09,1.32,0.0
ATOM,4993.0,HG2,LYS,375.0,71.369,-60.729,94.347,0.09,1.32,0.31
ATOM,4994.0,HG3,LYS,375.0,70.711,-61.75,93.255,0.09,1.32,6.22
ATOM,4995.0,HD2,LYS,375.0,71.52,-63.333,95.242,0.09,1.32,2.42
ATOM,4996.0,HD3,LYS,375.0,70.838,-62.051,95.989,0.09,1.32,0.0
ATOM,4997.0,HE2,LYS,375.0,69.061,-63.394,95.734,0.05,1.32,10.24
ATOM,4998.0,HE3,LYS,375.0,68.942,-62.443,94.412,0.05,1.32,9.36
ATOM,4999.0,HZ1,LYS,375.0,69.206,-64.125,93.084,0.33,0.2245,18.83
ATOM,5000.0,HZ2,LYS,375.0,70.507,-64.66,93.916,0.33,0.2245,9.18
ATOM,5001.0,HZ3,LYS,375.0,69.003,-65.082,94.393,0.33,0.2245,20.75
ATOM,5002.0,N,PHE,376.0,74.738,-59.604,93.781,-0.47,1.85,0.0
ATOM,5003.0,CA,PHE,376.0,75.077,-58.328,94.396,0.07,2.275,0.0
ATOM,5004.0,C,PHE,376.0,75.165,-57.24,93.335,0.51,2.0,0.0
ATOM,5005.0,O,PHE,376.0,74.347,-56.323,93.311,-0.51,1.7,0.0
ATOM,5006.0,CB,PHE,376.0,76.411,-58.427,95.134,-0.18,2.175,0.0
ATOM,5007.0,CG,PHE,376.0,77.004,-57.093,95.503,0.0,1.9924,0.0
ATOM,5008.0,CD1,PHE,376.0,76.229,-56.111,96.11,-0.115,1.9924,0.0
ATOM,5009.0,CD2,PHE,376.0,78.344,-56.821,95.252,-0.115,1.9924,0.0
ATOM,5010.0,CE1,PHE,376.0,76.785,-54.878,96.46,-0.115,1.9924,0.0
ATOM,5011.0,CE2,PHE,376.0,78.904,-55.587,95.602,-0.115,1.9924,0.0
ATOM,5012.0,CZ,PHE,376.0,78.122,-54.618,96.205,-0.115,1.9924,0.0
ATOM,5013.0,H,PHE,376.0,75.335,-60.444,93.829,0.31,0.2245,0.0
ATOM,5014.0,HA,PHE,376.0,74.316,-58.082,95.002,0.09,1.32,0.0
ATOM,5015.0,HB2,PHE,376.0,76.26,-58.934,95.969,0.09,1.32,0.0
ATOM,5016.0,HB3,PHE,376.0,77.052,-58.892,94.542,0.09,1.32,0.0
ATOM,5017.0,HD1,PHE,376.0,75.269,-56.281,96.301,0.115,1.3582,0.0
ATOM,5018.0,HD2,PHE,376.0,78.919,-57.513,94.817,0.115,1.3582,0.0
ATOM,5019.0,HE1,PHE,376.0,76.202,-54.183,96.898,0.115,1.3582,0.0
ATOM,5020.0,HE2,PHE,376.0,79.882,-55.415,95.407,0.115,1.3582,0.0
ATOM,5021.0,HZ,PHE,376.0,78.515,-53.735,96.457,0.115,1.3582,0.0
ATOM,5022.0,N,VAL,377.0,76.155,-57.346,92.456,-0.47,1.85,0.0
ATOM,5023.0,CA,VAL,377.0,76.347,-56.354,91.406,0.07,2.275,0.0
ATOM,5024.0,C,VAL,377.0,75.077,-56.061,90.621,0.51,2.0,0.0
ATOM,5025.0,O,VAL,377.0,74.824,-54.917,90.251,-0.51,1.7,1.67
ATOM,5026.0,CB,VAL,377.0,77.446,-56.793,90.426,-0.09,2.275,0.41
ATOM,5027.0,CG1,VAL,377.0,78.602,-57.381,91.201,-0.27,2.06,0.0
ATOM,5028.0,CG2,VAL,377.0,76.905,-57.812,89.442,-0.27,2.06,2.55
ATOM,5029.0,H,VAL,377.0,76.764,-58.176,92.58,0.31,0.2245,0.0
ATOM,5030.0,HA,VAL,377.0,76.649,-55.488,91.844,0.09,1.32,0.0
ATOM,5031.0,HB,VAL,377.0,77.782,-55.98,89.966,0.09,1.32,0.01
ATOM,5032.0,HG11,VAL,377.0,78.716,-58.347,90.961,0.09,1.32,0.0
ATOM,5033.0,HG12,VAL,377.0,79.445,-56.887,90.981,0.09,1.32,0.0
ATOM,5034.0,HG13,VAL,377.0,78.425,-57.306,92.184,0.09,1.32,0.0
ATOM,5035.0,HG21,VAL,377.0,77.596,-57.999,88.743,0.09,1.32,4.96
ATOM,5036.0,HG22,VAL,377.0,76.683,-58.658,89.928,0.09,1.32,0.0
ATOM,5037.0,HG23,VAL,377.0,76.08,-57.449,89.008,0.09,1.32,0.0
ATOM,5038.0,N,ASP,378.0,74.276,-57.089,90.374,-0.47,1.85,0.0
ATOM,5039.0,CA,ASP,378.0,73.044,-56.913,89.619,0.07,2.275,1.12
ATOM,5040.0,C,ASP,378.0,72.097,-55.987,90.349,0.51,2.0,0.16
ATOM,5041.0,O,ASP,378.0,71.286,-55.301,89.733,-0.51,1.7,23.38
ATOM,5042.0,CB,ASP,378.0,72.356,-58.256,89.393,-0.28,2.175,10.08
ATOM,5043.0,CG,ASP,378.0,72.937,-59.015,88.221,0.62,2.0,3.06
ATOM,5044.0,OD1,ASP,378.0,73.983,-58.584,87.691,-0.76,1.7,11.92
ATOM,5045.0,OD2,ASP,378.0,72.35,-60.046,87.829,-0.76,1.7,40.62
ATOM,5046.0,H,ASP,378.0,74.594,-57.997,90.753,0.31,0.2245,0.0
ATOM,5047.0,HA,ASP,378.0,73.289,-56.466,88.75,0.09,1.32,2.13
ATOM,5048.0,HB2,ASP,378.0,72.468,-58.802,90.216,0.09,1.32,0.0
ATOM,5049.0,HB3,ASP,378.0,71.394,-58.084,89.219,0.09,1.32,8.59
ATOM,5050.0,N,ALA,379.0,72.209,-55.97,91.67,-0.47,1.85,0.1
ATOM,5051.0,CA,ALA,379.0,71.351,-55.134,92.498,0.07,2.275,2.9
ATOM,5052.0,C,ALA,379.0,71.698,-53.655,92.391,0.51,2.0,0.0
ATOM,5053.0,O,ALA,379.0,70.807,-52.803,92.387,-0.51,1.7,1.89
ATOM,5054.0,CB,ALA,379.0,71.444,-55.58,93.944,-0.27,2.06,4.39
ATOM,5055.0,H,ALA,379.0,72.947,-56.592,92.055,0.31,0.2245,0.0
ATOM,5056.0,HA,ALA,379.0,70.39,-55.26,92.201,0.09,1.32,9.95
ATOM,5057.0,HB1,ALA,379.0,72.255,-56.153,94.069,0.09,1.32,0.0
ATOM,5058.0,HB2,ALA,379.0,71.511,-54.779,94.54,0.09,1.32,0.0
ATOM,5059.0,HB3,ALA,379.0,70.628,-56.105,94.188,0.09,1.32,6.83
ATOM,5060.0,N,LEU,380.0,72.994,-53.357,92.318,-0.47,1.85,0.0
ATOM,5061.0,CA,LEU,380.0,73.461,-51.981,92.216,0.07,2.275,0.0
ATOM,5062.0,C,LEU,380.0,72.663,-51.236,91.156,0.51,2.0,0.0
ATOM,5063.0,O,LEU,380.0,72.267,-51.818,90.148,-0.51,1.7,12.87
ATOM,5064.0,CB,LEU,380.0,74.941,-51.962,91.856,-0.18,2.175,0.0
ATOM,5065.0,CG,LEU,380.0,75.866,-52.593,92.891,-0.09,2.275,0.0
ATOM,5066.0,CD1,LEU,380.0,77.261,-52.732,92.305,-0.27,2.06,0.0
ATOM,5067.0,CD2,LEU,380.0,75.888,-51.736,94.144,-0.27,2.06,0.0
ATOM,5068.0,H,LEU,380.0,73.63,-54.179,92.34,0.31,0.2245,0.0
ATOM,5069.0,HA,LEU,380.0,73.318,-51.527,93.099,0.09,1.32,0.0
ATOM,5070.0,HB2,LEU,380.0,75.057,-52.464,91.007,0.09,1.32,0.5
ATOM,5071.0,HB3,LEU,380.0,75.219,-51.016,91.745,0.09,1.32,0.0
ATOM,5072.0,HG,LEU,380.0,75.517,-53.493,93.135,0.09,1.32,0.0
ATOM,5073.0,HD11,LEU,380.0,77.611,-51.829,92.053,0.09,1.32,0.0
ATOM,5074.0,HD12,LEU,380.0,77.87,-53.146,92.983,0.09,1.32,0.0
ATOM,5075.0,HD13,LEU,380.0,77.227,-53.313,91.491,0.09,1.32,0.0
ATOM,5076.0,HD21,LEU,380.0,74.963,-51.67,94.523,0.09,1.32,0.0
ATOM,5077.0,HD22,LEU,380.0,76.495,-52.15,94.824,0.09,1.32,0.0
ATOM,5078.0,HD23,LEU,380.0,76.22,-50.819,93.918,0.09,1.32,0.0
ATOM,5079.0,N,LYS,381.0,72.432,-49.948,91.377,-0.47,1.85,0.0
ATOM,5080.0,CA,LYS,381.0,71.656,-49.165,90.426,0.07,2.275,1.43
ATOM,5081.0,C,LYS,381.0,72.402,-48.0,89.795,0.51,2.0,0.08
ATOM,5082.0,O,LYS,381.0,71.986,-47.49,88.756,-0.51,1.7,28.38
ATOM,5083.0,CB,LYS,381.0,70.39,-48.636,91.097,-0.18,2.175,9.61
ATOM,5084.0,CG,LYS,381.0,69.644,-49.677,91.903,-0.18,2.175,0.11
ATOM,5085.0,CD,LYS,381.0,68.272,-49.945,91.308,-0.18,2.175,12.65
ATOM,5086.0,CE,LYS,381.0,67.335,-50.586,92.333,0.21,2.175,17.75
ATOM,5087.0,NZ,LYS,381.0,66.745,-49.594,93.287,-0.3,1.85,12.1
ATOM,5088.0,H,LYS,381.0,72.834,-49.568,92.246,0.31,0.2245,0.0
ATOM,5089.0,HA,LYS,381.0,71.336,-49.787,89.677,0.09,1.32,5.32
ATOM,5090.0,HB2,LYS,381.0,70.65,-47.89,91.707,0.09,1.32,3.29
ATOM,5091.0,HB3,LYS,381.0,69.782,-48.291,90.384,0.09,1.32,6.05
ATOM,5092.0,HG2,LYS,381.0,70.166,-50.529,91.905,0.09,1.32,0.0
ATOM,5093.0,HG3,LYS,381.0,69.531,-49.351,92.84,0.09,1.32,1.31
ATOM,5094.0,HD2,LYS,381.0,67.872,-49.084,91.014,0.09,1.32,7.95
ATOM,5095.0,HD3,LYS,381.0,68.366,-50.567,90.539,0.09,1.32,9.43
ATOM,5096.0,HE2,LYS,381.0,66.589,-51.052,91.842,0.05,1.32,12.21
ATOM,5097.0,HE3,LYS,381.0,67.85,-51.276,92.855,0.05,1.32,0.91
ATOM,5098.0,HZ1,LYS,381.0,66.587,-50.04,94.166,0.33,0.2245,12.0
ATOM,5099.0,HZ2,LYS,381.0,67.381,-48.834,93.403,0.33,0.2245,11.59
ATOM,5100.0,HZ3,LYS,381.0,65.881,-49.259,92.917,0.33,0.2245,19.86
ATOM,5101.0,N,ILE,382.0,73.499,-47.572,90.411,-0.47,1.85,0.0
ATOM,5102.0,CA,ILE,382.0,74.255,-46.449,89.871,0.07,2.275,0.0
ATOM,5103.0,C,ILE,382.0,75.4,-46.869,88.962,0.51,2.0,0.0
ATOM,5104.0,O,ILE,382.0,75.466,-46.458,87.807,-0.51,1.7,11.32
ATOM,5105.0,CB,ILE,382.0,74.83,-45.55,91.001,-0.09,2.275,0.0
ATOM,5106.0,CG1,ILE,382.0,73.694,-44.854,91.75,-0.18,2.175,11.5
ATOM,5107.0,CG2,ILE,382.0,75.771,-44.498,90.411,-0.27,2.06,2.4
ATOM,5108.0,CD1,ILE,382.0,74.073,-44.419,93.133,-0.27,2.06,5.91
ATOM,5109.0,H,ILE,382.0,73.755,-48.083,91.267,0.31,0.2245,0.0
ATOM,5110.0,HA,ILE,382.0,73.607,-45.923,89.295,0.09,1.32,4.8
ATOM,5111.0,HB,ILE,382.0,75.309,-46.14,91.638,0.09,1.32,0.0
ATOM,5112.0,HG12,ILE,382.0,73.41,-44.058,91.218,0.09,1.32,8.95
ATOM,5113.0,HG13,ILE,382.0,72.925,-45.49,91.806,0.09,1.32,0.53
ATOM,5114.0,HG21,ILE,382.0,76.148,-43.942,91.148,0.09,1.32,0.0
ATOM,5115.0,HG22,ILE,382.0,76.511,-44.955,89.923,0.09,1.32,0.0
ATOM,5116.0,HG23,ILE,382.0,75.262,-43.917,89.78,0.09,1.32,8.25
ATOM,5117.0,HD11,ILE,382.0,74.839,-43.775,93.087,0.09,1.32,0.0
ATOM,5118.0,HD12,ILE,382.0,73.293,-43.971,93.573,0.09,1.32,6.12
ATOM,5119.0,HD13,ILE,382.0,74.344,-45.216,93.676,0.09,1.32,0.0
ATOM,5120.0,N,PRO,383.0,76.317,-47.7,89.466,-0.29,1.85,0.0
ATOM,5121.0,CA,PRO,383.0,77.426,-48.104,88.606,0.02,2.275,0.0
ATOM,5122.0,C,PRO,383.0,77.001,-48.931,87.409,0.51,2.0,0.0
ATOM,5123.0,O,PRO,383.0,75.998,-49.646,87.457,-0.51,1.7,10.39
ATOM,5124.0,CB,PRO,383.0,78.332,-48.89,89.54,-0.18,2.175,0.0
ATOM,5125.0,CG,PRO,383.0,77.423,-49.401,90.582,-0.18,2.175,0.0
ATOM,5126.0,CD,PRO,383.0,76.403,-48.326,90.791,0.0,2.175,0.0
ATOM,5127.0,HA,PRO,383.0,77.958,-47.286,88.306,0.09,1.32,0.0
ATOM,5128.0,HB2,PRO,383.0,78.783,-49.642,89.047,0.09,1.32,0.0
ATOM,5129.0,HB3,PRO,383.0,79.04,-48.294,89.932,0.09,1.32,0.0
ATOM,5130.0,HG2,PRO,383.0,76.982,-50.259,90.286,0.09,1.32,0.0
ATOM,5131.0,HG3,PRO,383.0,77.925,-49.588,91.437,0.09,1.32,0.0
ATOM,5132.0,HD2,PRO,383.0,75.518,-48.705,91.059,0.09,1.32,0.0
ATOM,5133.0,HD3,PRO,383.0,76.703,-47.661,91.476,0.09,1.32,0.0
ATOM,5134.0,N,TYR,384.0,77.769,-48.816,86.333,-0.47,1.85,0.0
ATOM,5135.0,CA,TYR,384.0,77.507,-49.567,85.118,0.07,2.275,0.03
ATOM,5136.0,C,TYR,384.0,78.315,-50.845,85.258,0.51,2.0,0.0
ATOM,5137.0,O,TYR,384.0,79.324,-50.857,85.968,-0.51,1.7,0.0
ATOM,5138.0,CB,TYR,384.0,78.008,-48.797,83.891,-0.18,2.175,5.35
ATOM,5139.0,CG,TYR,384.0,77.15,-47.62,83.475,0.0,1.9924,0.65
ATOM,5140.0,CD1,TYR,384.0,76.035,-47.799,82.656,-0.115,1.9924,14.93
ATOM,5141.0,CD2,TYR,384.0,77.466,-46.322,83.879,-0.115,1.9924,5.22
ATOM,5142.0,CE1,TYR,384.0,75.26,-46.721,82.249,-0.115,1.9924,20.45
ATOM,5143.0,CE2,TYR,384.0,76.692,-45.234,83.473,-0.115,1.9924,9.46
ATOM,5144.0,CZ,TYR,384.0,75.593,-45.446,82.66,0.11,1.9924,3.71
ATOM,5145.0,OH,TYR,384.0,74.833,-44.376,82.257,-0.54,1.77,32.53
ATOM,5146.0,H,TYR,384.0,78.563,-48.15,86.436,0.31,0.2245,0.0
ATOM,5147.0,HA,TYR,384.0,76.55,-49.805,85.092,0.09,1.32,3.54
ATOM,5148.0,HB2,TYR,384.0,78.928,-48.456,84.091,0.09,1.32,0.0
ATOM,5149.0,HB3,TYR,384.0,78.054,-49.435,83.12,0.09,1.32,2.5
ATOM,5150.0,HD1,TYR,384.0,75.788,-48.722,82.355,0.115,1.3582,12.8
ATOM,5151.0,HD2,TYR,384.0,78.255,-46.168,84.467,0.115,1.3582,0.0
ATOM,5152.0,HE1,TYR,384.0,74.462,-46.871,81.661,0.115,1.3582,16.77
ATOM,5153.0,HE2,TYR,384.0,76.933,-44.312,83.768,0.115,1.3582,3.12
ATOM,5154.0,HH,TYR,384.0,75.432,-43.598,82.071,0.43,0.2245,19.01
ATOM,5155.0,N,ILE,385.0,77.87,-51.918,84.61,-0.47,1.85,0.0
ATOM,5156.0,CA,ILE,385.0,78.606,-53.181,84.638,0.07,2.275,0.0
ATOM,5157.0,C,ILE,385.0,79.441,-53.207,83.361,0.51,2.0,0.0
ATOM,5158.0,O,ILE,385.0,78.915,-53.417,82.275,-0.51,1.7,18.53
ATOM,5159.0,CB,ILE,385.0,77.668,-54.401,84.64,-0.09,2.275,0.46
ATOM,5160.0,CG1,ILE,385.0,76.85,-54.427,85.927,-0.18,2.175,2.99
ATOM,5161.0,CG2,ILE,385.0,78.48,-55.675,84.541,-0.27,2.06,20.82
ATOM,5162.0,CD1,ILE,385.0,75.926,-55.613,86.031,-0.27,2.06,17.09
ATOM,5163.0,H,ILE,385.0,76.981,-51.785,84.098,0.31,0.2245,8.11
ATOM,5164.0,HA,ILE,385.0,79.242,-53.117,85.39,0.09,1.32,0.0
ATOM,5165.0,HB,ILE,385.0,77.041,-54.306,83.876,0.09,1.32,7.5
ATOM,5166.0,HG12,ILE,385.0,77.48,-54.435,86.702,0.09,1.32,0.15
ATOM,5167.0,HG13,ILE,385.0,76.305,-53.589,85.968,0.09,1.32,4.02
ATOM,5168.0,HG21,ILE,385.0,77.868,-56.466,84.531,0.09,1.32,5.51
ATOM,5169.0,HG22,ILE,385.0,79.02,-55.667,83.699,0.09,1.32,0.48
ATOM,5170.0,HG23,ILE,385.0,79.095,-55.745,85.326,0.09,1.32,0.29
ATOM,5171.0,HD11,ILE,385.0,76.461,-56.457,86.001,0.09,1.32,2.09
ATOM,5172.0,HD12,ILE,385.0,75.422,-55.569,86.894,0.09,1.32,0.01
ATOM,5173.0,HD13,ILE,385.0,75.28,-55.601,85.268,0.09,1.32,10.74
ATOM,5174.0,N,ALA,386.0,80.742,-52.982,83.491,-0.47,1.85,0.0
ATOM,5175.0,CA,ALA,386.0,81.615,-52.961,82.332,0.07,2.275,0.06
ATOM,5176.0,C,ALA,386.0,83.08,-52.82,82.74,0.51,2.0,0.0
ATOM,5177.0,O,ALA,386.0,83.392,-52.598,83.913,-0.51,1.7,0.0
ATOM,5178.0,CB,ALA,386.0,81.216,-51.811,81.434,-0.27,2.06,21.4
ATOM,5179.0,H,ALA,386.0,81.066,-52.828,84.462,0.31,0.2245,0.0
ATOM,5180.0,HA,ALA,386.0,81.509,-53.827,81.825,0.09,1.32,0.3
ATOM,5181.0,HB1,ALA,386.0,81.959,-51.141,81.391,0.09,1.32,2.55
ATOM,5182.0,HB2,ALA,386.0,81.027,-52.151,80.512,0.09,1.32,8.37
ATOM,5183.0,HB3,ALA,386.0,80.394,-51.368,81.796,0.09,1.32,0.1
ATOM,5184.0,N,PRO,387.0,84.003,-52.963,81.776,-0.29,1.85,0.0
ATOM,5185.0,CA,PRO,387.0,85.437,-52.839,82.066,0.02,2.275,0.0
ATOM,5186.0,C,PRO,387.0,85.819,-51.383,82.311,0.51,2.0,0.0
ATOM,5187.0,O,PRO,387.0,84.953,-50.544,82.567,-0.51,1.7,0.88
ATOM,5188.0,CB,PRO,387.0,86.117,-53.391,80.815,-0.18,2.175,11.08
ATOM,5189.0,CG,PRO,387.0,85.008,-53.967,79.961,-0.18,2.175,17.76
ATOM,5190.0,CD,PRO,387.0,83.76,-53.273,80.358,0.0,2.175,9.62
ATOM,5191.0,HA,PRO,387.0,85.692,-53.413,82.852,0.09,1.32,0.03
ATOM,5192.0,HB2,PRO,387.0,86.599,-52.662,80.316,0.09,1.32,5.65
ATOM,5193.0,HB3,PRO,387.0,86.783,-54.107,81.053,0.09,1.32,7.88
ATOM,5194.0,HG2,PRO,387.0,85.222,-53.82,78.984,0.09,1.32,12.28
ATOM,5195.0,HG3,PRO,387.0,84.946,-54.964,80.116,0.09,1.32,1.09
ATOM,5196.0,HD2,PRO,387.0,83.617,-52.431,79.839,0.09,1.32,8.27
ATOM,5197.0,HD3,PRO,387.0,82.956,-53.862,80.264,0.09,1.32,1.98
ATOM,5198.0,N,SER,388.0,87.112,-51.085,82.23,-0.47,1.85,0.09
ATOM,5199.0,CA,SER,388.0,87.59,-49.719,82.436,0.07,2.275,0.0
ATOM,5200.0,C,SER,388.0,87.287,-49.163,83.834,0.51,2.0,0.0
ATOM,5201.0,O,SER,388.0,86.629,-49.814,84.653,-0.51,1.7,0.0
ATOM,5202.0,CB,SER,388.0,86.98,-48.793,81.378,0.05,2.175,14.01
ATOM,5203.0,OG,SER,388.0,87.524,-47.485,81.459,-0.66,1.77,1.41
ATOM,5204.0,H,SER,388.0,87.735,-51.883,82.014,0.31,0.2245,4.77
ATOM,5205.0,HA,SER,388.0,88.6,-49.719,82.32,0.09,1.32,0.0
ATOM,5206.0,HB2,SER,388.0,87.171,-49.168,80.475,0.09,1.32,8.62
ATOM,5207.0,HB3,SER,388.0,85.996,-48.744,81.526,0.09,1.32,1.76
ATOM,5208.0,HG,SER,388.0,86.782,-46.821,81.538,0.43,0.2245,1.5
ATOM,5209.0,N,PHE,389.0,87.768,-47.948,84.09,-0.47,1.85,0.0
ATOM,5210.0,CA,PHE,389.0,87.569,-47.29,85.377,0.07,2.275,0.0
ATOM,5211.0,C,PHE,389.0,88.23,-45.914,85.391,0.51,2.0,0.0
ATOM,5212.0,O,PHE,389.0,89.037,-45.593,84.524,-0.51,1.7,0.0
ATOM,5213.0,CB,PHE,389.0,88.186,-48.136,86.48,-0.18,2.175,0.0
ATOM,5214.0,CG,PHE,389.0,89.635,-48.395,86.277,0.0,1.9924,0.0
ATOM,5215.0,CD1,PHE,389.0,90.578,-47.457,86.669,-0.115,1.9924,0.0
ATOM,5216.0,CD2,PHE,389.0,90.062,-49.559,85.658,-0.115,1.9924,0.07
ATOM,5217.0,CE1,PHE,389.0,91.935,-47.671,86.444,-0.115,1.9924,0.0
ATOM,5218.0,CE2,PHE,389.0,91.419,-49.785,85.428,-0.115,1.9924,0.69
ATOM,5219.0,CZ,PHE,389.0,92.356,-48.837,85.822,-0.115,1.9924,0.66
ATOM,5220.0,H,PHE,389.0,88.292,-47.515,83.301,0.31,0.2245,0.0
ATOM,5221.0,HA,PHE,389.0,86.581,-47.137,85.48,0.09,1.32,0.0
ATOM,5222.0,HB2,PHE,389.0,88.073,-47.65,87.333,0.09,1.32,0.18
ATOM,5223.0,HB3,PHE,389.0,87.713,-49.004,86.495,0.09,1.32,0.0
ATOM,5224.0,HD1,PHE,389.0,90.288,-46.617,87.119,0.115,1.3582,0.13
ATOM,5225.0,HD2,PHE,389.0,89.395,-50.246,85.373,0.115,1.3582,0.0
ATOM,5226.0,HE1,PHE,389.0,92.601,-46.976,86.734,0.115,1.3582,0.0
ATOM,5227.0,HE2,PHE,389.0,91.713,-50.639,84.973,0.115,1.3582,6.53
ATOM,5228.0,HZ,PHE,389.0,93.328,-48.993,85.659,0.115,1.3582,1.8
ATOM,5229.0,N,GLY,390.0,87.885,-45.106,86.383,-0.47,1.85,0.2
ATOM,5230.0,CA,GLY,390.0,88.486,-43.793,86.49,-0.02,2.175,0.0
ATOM,5231.0,C,GLY,390.0,87.669,-42.656,85.925,0.51,2.0,0.0
ATOM,5232.0,O,GLY,390.0,88.127,-41.516,85.914,-0.51,1.7,0.04
ATOM,5233.0,H,GLY,390.0,87.185,-45.48,87.038,0.31,0.2245,0.0
ATOM,5234.0,HA2,GLY,390.0,88.691,-43.599,87.48,0.09,1.32,0.16
ATOM,5235.0,HA3,GLY,390.0,89.405,-43.807,86.027,0.09,1.32,0.0
ATOM,5236.0,N,GLY,391.0,86.461,-42.948,85.462,-0.47,1.85,0.0
ATOM,5237.0,CA,GLY,391.0,85.636,-41.893,84.906,-0.02,2.175,0.0
ATOM,5238.0,C,GLY,391.0,84.589,-41.391,85.876,0.51,2.0,0.01
ATOM,5239.0,O,GLY,391.0,84.27,-42.063,86.851,-0.51,1.7,0.0
ATOM,5240.0,H,GLY,391.0,86.182,-43.932,85.53,0.31,0.2245,0.0
ATOM,5241.0,HA2,GLY,391.0,86.229,-41.117,84.622,0.09,1.32,0.0
ATOM,5242.0,HA3,GLY,391.0,85.177,-42.233,84.064,0.09,1.32,0.0
ATOM,5243.0,N,CYS,392.0,84.054,-40.206,85.605,-0.47,1.85,0.53
ATOM,5244.0,CA,CYS,392.0,83.026,-39.616,86.447,0.07,2.275,0.03
ATOM,5245.0,C,CYS,392.0,81.939,-40.631,86.736,0.51,2.0,0.1
ATOM,5246.0,O,CYS,392.0,81.352,-40.632,87.808,-0.51,1.7,2.44
ATOM,5247.0,CB,CYS,392.0,82.398,-38.416,85.754,-0.11,2.175,10.89
ATOM,5248.0,SG,CYS,392.0,83.527,-37.064,85.46,-0.23,2.0,13.37
ATOM,5249.0,H,CYS,392.0,84.43,-39.745,84.75,0.31,0.2245,0.0
ATOM,5250.0,HA,CYS,392.0,83.447,-39.348,87.32,0.09,1.32,0.0
ATOM,5251.0,HB2,CYS,392.0,82.03,-38.725,84.876,0.09,1.32,0.14
ATOM,5252.0,HB3,CYS,392.0,81.646,-38.087,86.329,0.09,1.32,5.88
ATOM,5253.0,HG,CYS,392.0,84.318,-37.385,84.932,0.16,0.45,0.0
ATOM,5254.0,N,GLU,393.0,81.656,-41.486,85.765,-0.47,1.85,0.0
ATOM,5255.0,CA,GLU,393.0,80.639,-42.507,85.945,0.07,2.275,0.28
ATOM,5256.0,C,GLU,393.0,81.244,-43.666,86.741,0.51,2.0,0.0
ATOM,5257.0,O,GLU,393.0,82.406,-44.035,86.533,-0.51,1.7,0.0
ATOM,5258.0,CB,GLU,393.0,80.139,-42.996,84.579,-0.18,2.175,1.6
ATOM,5259.0,CG,GLU,393.0,79.363,-41.948,83.776,-0.28,2.175,14.0
ATOM,5260.0,CD,GLU,393.0,80.242,-41.185,82.804,0.62,2.0,3.26
ATOM,5261.0,OE1,GLU,393.0,81.395,-41.611,82.584,-0.76,1.7,0.49
ATOM,5262.0,OE2,GLU,393.0,79.783,-40.161,82.259,-0.76,1.7,36.26
ATOM,5263.0,H,GLU,393.0,82.205,-41.366,84.897,0.31,0.2245,0.0
ATOM,5264.0,HA,GLU,393.0,79.861,-42.133,86.445,0.09,1.32,2.02
ATOM,5265.0,HB2,GLU,393.0,80.926,-43.252,84.046,0.09,1.32,0.0
ATOM,5266.0,HB3,GLU,393.0,79.534,-43.756,84.735,0.09,1.32,0.0
ATOM,5267.0,HG2,GLU,393.0,78.674,-42.414,83.255,0.09,1.32,1.39
ATOM,5268.0,HG3,GLU,393.0,78.983,-41.3,84.408,0.09,1.32,7.64
ATOM,5269.0,N,SER,394.0,80.458,-44.223,87.663,-0.47,1.85,0.0
ATOM,5270.0,CA,SER,394.0,80.911,-45.338,88.494,0.07,2.275,0.0
ATOM,5271.0,C,SER,394.0,80.743,-46.654,87.747,0.51,2.0,0.0
ATOM,5272.0,O,SER,394.0,79.72,-46.877,87.095,-0.51,1.7,0.0
ATOM,5273.0,CB,SER,394.0,80.118,-45.387,89.801,0.05,2.175,0.0
ATOM,5274.0,OG,SER,394.0,80.855,-44.806,90.859,-0.66,1.77,0.0
ATOM,5275.0,H,SER,394.0,79.511,-43.802,87.738,0.31,0.2245,1.02
ATOM,5276.0,HA,SER,394.0,81.889,-45.209,88.68,0.09,1.32,0.0
ATOM,5277.0,HB2,SER,394.0,79.269,-44.883,89.68,0.09,1.32,0.0
ATOM,5278.0,HB3,SER,394.0,79.925,-46.338,90.022,0.09,1.32,0.0
ATOM,5279.0,HG,SER,394.0,80.595,-43.846,90.96,0.43,0.2245,0.0
ATOM,5280.0,N,ILE,395.0,81.746,-47.523,87.853,-0.47,1.85,0.0
ATOM,5281.0,CA,ILE,395.0,81.723,-48.813,87.168,0.07,2.275,0.0
ATOM,5282.0,C,ILE,395.0,82.069,-49.979,88.087,0.51,2.0,0.0
ATOM,5283.0,O,ILE,395.0,82.891,-49.842,89.001,-0.51,1.7,0.24
ATOM,5284.0,CB,ILE,395.0,82.72,-48.827,85.981,-0.09,2.275,0.0
ATOM,5285.0,CG1,ILE,395.0,82.473,-47.617,85.075,-0.18,2.175,0.85
ATOM,5286.0,CG2,ILE,395.0,82.578,-50.121,85.188,-0.27,2.06,0.39
ATOM,5287.0,CD1,ILE,395.0,83.641,-47.274,84.17,-0.27,2.06,6.69
ATOM,5288.0,H,ILE,395.0,82.532,-47.209,88.455,0.31,0.2245,0.0
ATOM,5289.0,HA,ILE,395.0,80.768,-48.956,86.868,0.09,1.32,0.0
ATOM,5290.0,HB,ILE,395.0,83.635,-48.753,86.354,0.09,1.32,0.0
ATOM,5291.0,HG12,ILE,395.0,81.67,-47.804,84.51,0.09,1.32,1.44
ATOM,5292.0,HG13,ILE,395.0,82.276,-46.827,85.656,0.09,1.32,0.0
ATOM,5293.0,HG21,ILE,395.0,83.244,-50.13,84.444,0.09,1.32,0.0
ATOM,5294.0,HG22,ILE,395.0,82.741,-50.9,85.791,0.09,1.32,0.15
ATOM,5295.0,HG23,ILE,395.0,81.656,-50.18,84.81,0.09,1.32,0.0
ATOM,5296.0,HD11,ILE,395.0,83.838,-48.053,83.577,0.09,1.32,0.04
ATOM,5297.0,HD12,ILE,395.0,83.404,-46.479,83.614,0.09,1.32,0.0
ATOM,5298.0,HD13,ILE,395.0,84.441,-47.067,84.73,0.09,1.32,0.0
ATOM,5299.0,N,VAL,396.0,81.441,-51.125,87.826,-0.47,1.85,0.0
ATOM,5300.0,CA,VAL,396.0,81.666,-52.341,88.599,0.07,2.275,0.17
ATOM,5301.0,C,VAL,396.0,81.831,-53.52,87.666,0.51,2.0,0.03
ATOM,5302.0,O,VAL,396.0,81.329,-53.494,86.551,-0.51,1.7,0.0
ATOM,5303.0,CB,VAL,396.0,80.484,-52.669,89.511,-0.09,2.275,0.0
ATOM,5304.0,CG1,VAL,396.0,80.839,-52.341,90.951,-0.27,2.06,0.0
ATOM,5305.0,CG2,VAL,396.0,79.248,-51.919,89.05,-0.27,2.06,0.13
ATOM,5306.0,H,VAL,396.0,80.775,-51.076,87.021,0.31,0.2245,0.0
ATOM,5307.0,HA,VAL,396.0,82.518,-52.227,89.117,0.09,1.32,0.0
ATOM,5308.0,HB,VAL,396.0,80.326,-53.649,89.468,0.09,1.32,0.06
ATOM,5309.0,HG11,VAL,396.0,81.694,-51.823,90.976,0.09,1.32,0.0
ATOM,5310.0,HG12,VAL,396.0,80.108,-51.794,91.361,0.09,1.32,0.0
ATOM,5311.0,HG13,VAL,396.0,80.95,-53.189,91.471,0.09,1.32,0.0
ATOM,5312.0,HG21,VAL,396.0,78.489,-52.115,89.672,0.09,1.32,0.0
ATOM,5313.0,HG22,VAL,396.0,79.436,-50.936,89.05,0.09,1.32,0.0
ATOM,5314.0,HG23,VAL,396.0,79.007,-52.213,88.125,0.09,1.32,0.0
ATOM,5315.0,N,ASP,397.0,82.523,-54.556,88.128,-0.47,1.85,0.0
ATOM,5316.0,CA,ASP,397.0,82.735,-55.753,87.321,0.07,2.275,0.41
ATOM,5317.0,C,ASP,397.0,83.267,-56.898,88.161,0.51,2.0,0.0
ATOM,5318.0,O,ASP,397.0,83.84,-56.685,89.226,-0.51,1.7,0.0
ATOM,5319.0,CB,ASP,397.0,83.707,-55.464,86.176,-0.28,2.175,0.02
ATOM,5320.0,CG,ASP,397.0,85.141,-55.712,86.559,0.62,2.0,0.0
ATOM,5321.0,OD1,ASP,397.0,85.538,-55.275,87.659,-0.76,1.7,0.0
ATOM,5322.0,OD2,ASP,397.0,85.872,-56.342,85.765,-0.76,1.7,0.17
ATOM,5323.0,H,ASP,397.0,82.891,-54.442,89.091,0.31,0.2245,0.0
ATOM,5324.0,HA,ASP,397.0,81.833,-56.036,86.968,0.09,1.32,1.15
ATOM,5325.0,HB2,ASP,397.0,83.466,-56.058,85.416,0.09,1.32,0.0
ATOM,5326.0,HB3,ASP,397.0,83.599,-54.51,85.918,0.09,1.32,0.0
ATOM,5327.0,N,GLN,398.0,83.065,-58.115,87.672,-0.47,1.85,0.37
ATOM,5328.0,CA,GLN,398.0,83.522,-59.312,88.362,0.07,2.275,0.0
ATOM,5329.0,C,GLN,398.0,84.672,-59.914,87.564,0.51,2.0,0.0
ATOM,5330.0,O,GLN,398.0,84.486,-60.882,86.831,-0.51,1.7,0.0
ATOM,5331.0,CB,GLN,398.0,82.38,-60.324,88.466,-0.18,2.175,0.41
ATOM,5332.0,CG,GLN,398.0,82.119,-60.852,89.865,-0.18,2.175,0.0
ATOM,5333.0,CD,GLN,398.0,80.749,-61.488,89.993,0.55,2.0,0.0
ATOM,5334.0,H,GLN,398.0,82.557,-58.138,86.762,0.31,0.2245,4.27
ATOM,5335.0,HA,GLN,398.0,83.877,-59.042,89.254,0.09,1.32,0.0
ATOM,5336.0,HB2,GLN,398.0,81.536,-59.89,88.134,0.09,1.32,3.15
ATOM,5337.0,HB3,GLN,398.0,82.591,-61.108,87.871,0.09,1.32,0.0
ATOM,5338.0,HG2,GLN,398.0,82.81,-61.539,90.084,0.09,1.32,0.0
ATOM,5339.0,HG3,GLN,398.0,82.181,-60.094,90.512,0.09,1.32,0.0
ATOM,5340.0,OE1,GLN,398.0,79.75,-60.932,89.534,-0.55,1.7,2.05
ATOM,5341.0,NE2,GLN,398.0,80.693,-62.66,90.614,-0.62,1.85,0.0
ATOM,5342.0,HE21,GLN,398.0,79.807,-63.139,90.749,0.32,0.2245,0.0
ATOM,5343.0,HE22,GLN,398.0,81.559,-63.077,90.956,0.3,0.2245,0.0
ATOM,5344.0,N,PRO,399.0,85.88,-59.348,87.707,-0.29,1.85,0.0
ATOM,5345.0,CA,PRO,399.0,87.078,-59.806,87.008,0.02,2.275,0.0
ATOM,5346.0,C,PRO,399.0,87.023,-61.264,86.571,0.51,2.0,0.0
ATOM,5347.0,O,PRO,399.0,87.367,-61.588,85.434,-0.51,1.7,0.0
ATOM,5348.0,CB,PRO,399.0,88.186,-59.544,88.018,-0.18,2.175,1.21
ATOM,5349.0,CG,PRO,399.0,87.689,-58.359,88.821,-0.18,2.175,0.06
ATOM,5350.0,CD,PRO,399.0,86.195,-58.228,88.608,0.0,2.175,0.0
ATOM,5351.0,HA,PRO,399.0,87.276,-59.202,86.208,0.09,1.32,0.11
ATOM,5352.0,HB2,PRO,399.0,88.325,-60.334,88.616,0.09,1.32,0.0
ATOM,5353.0,HB3,PRO,399.0,89.047,-59.318,87.562,0.09,1.32,1.97
ATOM,5354.0,HG2,PRO,399.0,87.9,-58.495,89.804,0.09,1.32,0.0
ATOM,5355.0,HG3,PRO,399.0,88.169,-57.516,88.524,0.09,1.32,0.09
ATOM,5356.0,HD2,PRO,399.0,85.698,-58.317,89.47,0.09,1.32,0.0
ATOM,5357.0,HD3,PRO,399.0,85.966,-57.353,88.18,0.09,1.32,0.0
ATOM,5358.0,N,ALA,400.0,86.591,-62.137,87.477,-0.47,1.85,0.0
ATOM,5359.0,CA,ALA,400.0,86.495,-63.562,87.18,0.07,2.275,0.0
ATOM,5360.0,C,ALA,400.0,85.779,-63.756,85.859,0.51,2.0,0.0
ATOM,5361.0,O,ALA,400.0,86.254,-64.475,84.986,-0.51,1.7,0.0
ATOM,5362.0,CB,ALA,400.0,85.745,-64.282,88.285,-0.27,2.06,0.0
ATOM,5363.0,H,ALA,400.0,86.334,-61.724,88.393,0.31,0.2245,0.0
ATOM,5364.0,HA,ALA,400.0,87.421,-63.939,87.106,0.09,1.32,0.0
ATOM,5365.0,HB1,ALA,400.0,86.378,-64.86,88.8,0.09,1.32,0.0
ATOM,5366.0,HB2,ALA,400.0,85.332,-63.612,88.903,0.09,1.32,0.0
ATOM,5367.0,HB3,ALA,400.0,85.026,-64.852,87.887,0.09,1.32,0.0
ATOM,5368.0,N,ILE,401.0,84.634,-63.102,85.719,-0.47,1.85,0.0
ATOM,5369.0,CA,ILE,401.0,83.842,-63.189,84.499,0.07,2.275,0.0
ATOM,5370.0,C,ILE,401.0,84.292,-62.139,83.492,0.51,2.0,0.0
ATOM,5371.0,O,ILE,401.0,84.608,-62.438,82.341,-0.51,1.7,6.89
ATOM,5372.0,CB,ILE,401.0,82.362,-62.94,84.797,-0.09,2.275,0.33
ATOM,5373.0,CG1,ILE,401.0,81.907,-63.835,85.937,-0.18,2.175,0.12
ATOM,5374.0,CG2,ILE,401.0,81.533,-63.211,83.575,-0.27,2.06,28.43
ATOM,5375.0,CD1,ILE,401.0,80.751,-63.265,86.697,-0.27,2.06,9.16
ATOM,5376.0,H,ILE,401.0,84.354,-62.53,86.542,0.31,0.2245,0.0
ATOM,5377.0,HA,ILE,401.0,84.047,-64.083,84.092,0.09,1.32,0.0
ATOM,5378.0,HB,ILE,401.0,82.26,-61.994,85.085,0.09,1.32,1.56
ATOM,5379.0,HG12,ILE,401.0,81.649,-64.722,85.56,0.09,1.32,0.28
ATOM,5380.0,HG13,ILE,401.0,82.676,-63.962,86.561,0.09,1.32,0.0
ATOM,5381.0,HG21,ILE,401.0,80.567,-63.028,83.767,0.09,1.32,7.06
ATOM,5382.0,HG22,ILE,401.0,81.83,-62.622,82.82,0.09,1.32,4.53
ATOM,5383.0,HG23,ILE,401.0,81.632,-64.169,83.297,0.09,1.32,0.0
ATOM,5384.0,HD11,ILE,401.0,79.97,-63.137,86.082,0.09,1.32,7.27
ATOM,5385.0,HD12,ILE,401.0,80.489,-63.889,87.435,0.09,1.32,0.0
ATOM,5386.0,HD13,ILE,401.0,81.007,-62.38,87.091,0.09,1.32,0.0
ATOM,5387.0,N,MET,402.0,84.311,-60.898,83.953,-0.47,1.85,0.29
ATOM,5388.0,CA,MET,402.0,84.69,-59.77,83.127,0.07,2.275,1.49
ATOM,5389.0,C,MET,402.0,85.928,-59.966,82.271,0.51,2.0,0.0
ATOM,5390.0,O,MET,402.0,85.931,-59.586,81.107,-0.51,1.7,19.84
ATOM,5391.0,CB,MET,402.0,84.878,-58.524,83.996,-0.18,2.175,0.46
ATOM,5392.0,CG,MET,402.0,84.665,-57.23,83.236,-0.14,2.175,0.15
ATOM,5393.0,SD,MET,402.0,83.692,-57.475,81.731,-0.09,2.0,13.64
ATOM,5394.0,CE,MET,402.0,82.44,-56.238,81.936,-0.22,2.06,12.03
ATOM,5395.0,H,MET,402.0,84.031,-60.805,84.956,0.31,0.2245,0.0
ATOM,5396.0,HA,MET,402.0,83.905,-59.563,82.496,0.09,1.32,2.24
ATOM,5397.0,HB2,MET,402.0,84.226,-58.559,84.76,0.09,1.32,0.0
ATOM,5398.0,HB3,MET,402.0,85.811,-58.527,84.37,0.09,1.32,0.0
ATOM,5399.0,HG2,MET,402.0,84.206,-56.557,83.855,0.09,1.32,0.0
ATOM,5400.0,HG3,MET,402.0,85.578,-56.825,83.011,0.09,1.32,0.54
ATOM,5401.0,HE1,MET,402.0,82.693,-55.404,81.436,0.09,1.32,0.0
ATOM,5402.0,HE2,MET,402.0,81.562,-56.573,81.583,0.09,1.32,9.65
ATOM,5403.0,HE3,MET,402.0,82.333,-56.013,82.909,0.09,1.32,0.0
ATOM,5404.0,N,SER,403.0,86.982,-60.552,82.825,-0.47,1.85,0.0
ATOM,5405.0,CA,SER,403.0,88.2,-60.724,82.04,0.07,2.275,3.25
ATOM,5406.0,C,SER,403.0,88.966,-62.026,82.285,0.51,2.0,1.46
ATOM,5407.0,O,SER,403.0,90.167,-62.107,82.001,-0.51,1.7,1.02
ATOM,5408.0,CB,SER,403.0,89.133,-59.525,82.274,0.05,2.175,8.53
ATOM,5409.0,OG,SER,403.0,88.468,-58.471,82.957,-0.66,1.77,11.66
ATOM,5410.0,H,SER,403.0,86.871,-60.855,83.795,0.31,0.2245,0.0
ATOM,5411.0,HA,SER,403.0,87.939,-60.704,81.049,0.09,1.32,8.09
ATOM,5412.0,HB2,SER,403.0,89.909,-59.827,82.821,0.09,1.32,0.0
ATOM,5413.0,HB3,SER,403.0,89.448,-59.19,81.39,0.09,1.32,10.37
ATOM,5414.0,HG,SER,403.0,87.868,-58.856,83.656,0.43,0.2245,0.0
ATOM,5415.0,N,TYR,404.0,88.28,-63.046,82.793,-0.47,1.85,0.55
ATOM,5416.0,CA,TYR,404.0,88.93,-64.322,83.062,0.07,2.275,0.0
ATOM,5417.0,C,TYR,404.0,88.004,-65.51,82.847,0.51,2.0,0.0
ATOM,5418.0,O,TYR,404.0,88.374,-66.651,83.118,-0.51,1.7,0.0
ATOM,5419.0,CB,TYR,404.0,89.456,-64.342,84.493,-0.18,2.175,0.0
ATOM,5420.0,CG,TYR,404.0,90.711,-63.528,84.691,0.0,1.9924,0.0
ATOM,5421.0,CD1,TYR,404.0,90.643,-62.2,85.108,-0.115,1.9924,0.0
ATOM,5422.0,CD2,TYR,404.0,91.971,-64.092,84.494,-0.115,1.9924,0.56
ATOM,5423.0,CE1,TYR,404.0,91.804,-61.449,85.331,-0.115,1.9924,0.2
ATOM,5424.0,CE2,TYR,404.0,93.137,-63.353,84.714,-0.115,1.9924,0.78
ATOM,5425.0,CZ,TYR,404.0,93.045,-62.033,85.134,0.11,1.9924,0.0
ATOM,5426.0,OH,TYR,404.0,94.183,-61.297,85.376,-0.54,1.77,11.45
ATOM,5427.0,H,TYR,404.0,87.281,-62.859,82.973,0.31,0.2245,0.0
ATOM,5428.0,HA,TYR,404.0,89.715,-64.417,82.427,0.09,1.32,0.0
ATOM,5429.0,HB2,TYR,404.0,88.748,-63.976,85.093,0.09,1.32,0.0
ATOM,5430.0,HB3,TYR,404.0,89.656,-65.287,84.741,0.09,1.32,0.0
ATOM,5431.0,HD1,TYR,404.0,89.752,-61.769,85.252,0.115,1.3582,0.0
ATOM,5432.0,HD2,TYR,404.0,92.045,-65.039,84.192,0.115,1.3582,0.0
ATOM,5433.0,HE1,TYR,404.0,91.732,-60.499,85.631,0.115,1.3582,5.48
ATOM,5434.0,HE2,TYR,404.0,94.03,-63.774,84.569,0.115,1.3582,5.57
ATOM,5435.0,HH,TYR,404.0,94.641,-61.107,84.509,0.43,0.2245,1.71
ATOM,5436.0,N,TRP,405.0,86.801,-65.243,82.355,-0.47,1.85,0.1
ATOM,5437.0,CA,TRP,405.0,85.841,-66.306,82.121,0.07,2.275,0.0
ATOM,5438.0,C,TRP,405.0,86.31,-67.322,81.089,0.51,2.0,0.0
ATOM,5439.0,O,TRP,405.0,85.739,-68.407,80.973,-0.51,1.7,10.49
ATOM,5440.0,CB,TRP,405.0,84.51,-65.728,81.67,-0.18,2.175,3.97
ATOM,5441.0,CG,TRP,405.0,83.419,-66.711,81.817,-0.03,1.9924,0.0
ATOM,5442.0,CD1,TRP,405.0,82.7,-67.293,80.822,0.035,1.9924,14.28
ATOM,5443.0,CD2,TRP,405.0,82.916,-67.243,83.044,-0.02,1.8,0.0
ATOM,5444.0,NE1,TRP,405.0,81.774,-68.157,81.348,-0.61,1.85,12.48
ATOM,5445.0,CE2,TRP,405.0,81.884,-68.145,82.714,0.13,1.8,1.58
ATOM,5446.0,CE3,TRP,405.0,83.238,-67.044,84.394,-0.115,1.9924,0.0
ATOM,5447.0,CZ2,TRP,405.0,81.165,-68.853,83.687,-0.115,1.9924,21.23
ATOM,5448.0,CZ3,TRP,405.0,82.524,-67.746,85.364,-0.115,1.9924,0.0
ATOM,5449.0,CH2,TRP,405.0,81.5,-68.641,85.003,-0.115,1.9924,7.74
ATOM,5450.0,H,TRP,405.0,86.617,-64.244,82.161,0.31,0.2245,1.19
ATOM,5451.0,HA,TRP,405.0,85.71,-66.803,82.997,0.09,1.32,0.0
ATOM,5452.0,HB2,TRP,405.0,84.293,-64.947,82.232,0.09,1.32,0.0
ATOM,5453.0,HB3,TRP,405.0,84.573,-65.484,80.716,0.09,1.32,7.53
ATOM,5454.0,HD1,TRP,405.0,82.824,-67.119,79.844,0.115,1.3582,15.65
ATOM,5455.0,HE1,TRP,405.0,81.125,-68.706,80.824,0.38,0.2245,20.69
ATOM,5456.0,HE3,TRP,405.0,83.962,-66.416,84.663,0.115,1.3582,0.0
ATOM,5457.0,HZ2,TRP,405.0,80.437,-69.485,83.415,0.115,1.3582,16.26
ATOM,5458.0,HZ3,TRP,405.0,82.745,-67.608,86.321,0.115,1.3582,0.0
ATOM,5459.0,HH2,TRP,405.0,81.013,-69.128,85.726,0.115,1.3582,9.75
ATOM,5460.0,N,ASP,406.0,87.344,-66.97,80.333,-0.47,1.85,1.29
ATOM,5461.0,CA,ASP,406.0,87.869,-67.868,79.317,0.07,2.275,4.45
ATOM,5462.0,C,ASP,406.0,88.694,-68.979,79.956,0.51,2.0,0.64
ATOM,5463.0,O,ASP,406.0,89.126,-69.908,79.276,-0.51,1.7,26.3
ATOM,5464.0,CB,ASP,406.0,88.727,-67.087,78.318,-0.28,2.175,19.6
ATOM,5465.0,CG,ASP,406.0,90.007,-66.556,78.934,0.62,2.0,2.46
ATOM,5466.0,OD1,ASP,406.0,89.925,-65.712,79.851,-0.76,1.7,3.27
ATOM,5467.0,OD2,ASP,406.0,91.096,-66.982,78.498,-0.76,1.7,17.14
ATOM,5468.0,H,ASP,406.0,87.729,-66.029,80.526,0.31,0.2245,1.27
ATOM,5469.0,HA,ASP,406.0,87.083,-68.307,78.869,0.09,1.32,8.91
ATOM,5470.0,HB2,ASP,406.0,88.961,-67.699,77.571,0.09,1.32,8.77
ATOM,5471.0,HB3,ASP,406.0,88.19,-66.321,77.985,0.09,1.32,10.82
ATOM,5472.0,N,LEU,407.0,88.903,-68.885,81.266,-0.47,1.85,0.0
ATOM,5473.0,CA,LEU,407.0,89.685,-69.881,81.992,0.07,2.275,0.58
ATOM,5474.0,C,LEU,407.0,88.83,-70.763,82.902,0.51,2.0,1.63
ATOM,5475.0,O,LEU,407.0,87.656,-70.477,83.138,-0.51,1.7,6.19
ATOM,5476.0,CB,LEU,407.0,90.768,-69.184,82.816,-0.18,2.175,0.0
ATOM,5477.0,CG,LEU,407.0,91.783,-68.364,82.012,-0.09,2.275,0.0
ATOM,5478.0,CD1,LEU,407.0,92.819,-67.755,82.939,-0.27,2.06,12.62
ATOM,5479.0,CD2,LEU,407.0,92.464,-69.259,80.994,-0.27,2.06,25.12
ATOM,5480.0,H,LEU,407.0,88.469,-68.057,81.719,0.31,0.2245,0.0
ATOM,5481.0,HA,LEU,407.0,90.149,-70.479,81.317,0.09,1.32,2.3
ATOM,5482.0,HB2,LEU,407.0,90.32,-68.562,83.448,0.09,1.32,0.0
ATOM,5483.0,HB3,LEU,407.0,91.274,-69.88,83.309,0.09,1.32,0.0
ATOM,5484.0,HG,LEU,407.0,91.299,-67.637,81.528,0.09,1.32,0.0
ATOM,5485.0,HD11,LEU,407.0,93.302,-68.483,83.428,0.09,1.32,1.12
ATOM,5486.0,HD12,LEU,407.0,93.477,-67.222,82.405,0.09,1.32,2.52
ATOM,5487.0,HD13,LEU,407.0,92.367,-67.155,83.601,0.09,1.32,0.0
ATOM,5488.0,HD21,LEU,407.0,91.78,-69.643,80.372,0.09,1.32,0.84
ATOM,5489.0,HD22,LEU,407.0,93.128,-68.726,80.467,0.09,1.32,4.2
ATOM,5490.0,HD23,LEU,407.0,92.938,-70.005,81.465,0.09,1.32,1.74
ATOM,5491.0,N,SER,408.0,89.425,-71.839,83.409,-0.47,1.85,1.94
ATOM,5492.0,CA,SER,408.0,88.719,-72.762,84.289,0.07,2.275,2.82
ATOM,5493.0,C,SER,408.0,88.754,-72.268,85.724,0.51,2.0,0.0
ATOM,5494.0,O,SER,408.0,89.652,-71.523,86.112,-0.51,1.7,0.0
ATOM,5495.0,CB,SER,408.0,89.351,-74.151,84.218,0.05,2.175,21.83
ATOM,5496.0,OG,SER,408.0,90.69,-74.12,84.677,-0.66,1.77,3.66
ATOM,5497.0,H,SER,408.0,90.418,-71.961,83.128,0.31,0.2245,1.23
ATOM,5498.0,HA,SER,408.0,87.757,-72.798,83.996,0.09,1.32,6.61
ATOM,5499.0,HB2,SER,408.0,88.826,-74.773,84.79,0.09,1.32,5.5
ATOM,5500.0,HB3,SER,408.0,89.339,-74.461,83.272,0.09,1.32,11.18
ATOM,5501.0,HG,SER,408.0,91.25,-73.592,84.039,0.43,0.2245,0.0
ATOM,5502.0,N,GLN,409.0,87.773,-72.694,86.509,-0.47,1.85,0.03
ATOM,5503.0,CA,GLN,409.0,87.68,-72.292,87.905,0.07,2.275,0.0
ATOM,5504.0,C,GLN,409.0,89.018,-72.453,88.604,0.51,2.0,0.0
ATOM,5505.0,O,GLN,409.0,89.39,-71.639,89.446,-0.51,1.7,0.01
ATOM,5506.0,CB,GLN,409.0,86.627,-73.133,88.622,-0.18,2.175,10.33
ATOM,5507.0,CG,GLN,409.0,86.778,-73.156,90.132,-0.18,2.175,14.16
ATOM,5508.0,CD,GLN,409.0,85.731,-72.315,90.828,0.55,2.0,2.4
ATOM,5509.0,H,GLN,409.0,87.09,-73.328,86.049,0.31,0.2245,8.91
ATOM,5510.0,HA,GLN,409.0,87.433,-71.316,87.932,0.09,1.32,0.0
ATOM,5511.0,HB2,GLN,409.0,85.72,-72.767,88.405,0.09,1.32,2.75
ATOM,5512.0,HB3,GLN,409.0,86.687,-74.077,88.288,0.09,1.32,8.43
ATOM,5513.0,HG2,GLN,409.0,86.692,-74.1,90.449,0.09,1.32,11.64
ATOM,5514.0,HG3,GLN,409.0,87.682,-72.803,90.37,0.09,1.32,0.59
ATOM,5515.0,OE1,GLN,409.0,84.544,-72.64,90.807,-0.55,1.7,31.98
ATOM,5516.0,NE2,GLN,409.0,86.165,-71.225,91.449,-0.62,1.85,12.75
ATOM,5517.0,HE21,GLN,409.0,85.518,-70.602,91.928,0.32,0.2245,5.79
ATOM,5518.0,HE22,GLN,409.0,87.163,-71.018,91.441,0.3,0.2245,3.82
ATOM,5519.0,N,SER,410.0,89.734,-73.511,88.243,-0.47,1.85,0.03
ATOM,5520.0,CA,SER,410.0,91.034,-73.797,88.831,0.07,2.275,2.39
ATOM,5521.0,C,SER,410.0,92.108,-72.855,88.296,0.51,2.0,0.21
ATOM,5522.0,O,SER,410.0,92.832,-72.215,89.064,-0.51,1.7,5.56
ATOM,5523.0,CB,SER,410.0,91.428,-75.246,88.538,0.05,2.175,27.63
ATOM,5524.0,OG,SER,410.0,90.623,-75.789,87.504,-0.66,1.77,22.28
ATOM,5525.0,H,SER,410.0,89.291,-74.108,87.514,0.31,0.2245,0.08
ATOM,5526.0,HA,SER,410.0,90.967,-73.653,89.827,0.09,1.32,5.05
ATOM,5527.0,HB2,SER,410.0,92.38,-75.268,88.253,0.09,1.32,6.76
ATOM,5528.0,HB3,SER,410.0,91.302,-75.786,89.364,0.09,1.32,11.24
ATOM,5529.0,HG,SER,410.0,90.723,-75.235,86.679,0.43,0.2245,0.61
ATOM,5530.0,N,ASP,411.0,92.212,-72.777,86.975,-0.47,1.85,0.0
ATOM,5531.0,CA,ASP,411.0,93.201,-71.912,86.35,0.07,2.275,0.13
ATOM,5532.0,C,ASP,411.0,92.955,-70.459,86.747,0.51,2.0,0.0
ATOM,5533.0,O,ASP,411.0,93.87,-69.639,86.712,-0.51,1.7,3.13
ATOM,5534.0,CB,ASP,411.0,93.144,-72.055,84.826,-0.28,2.175,1.68
ATOM,5535.0,CG,ASP,411.0,93.987,-73.213,84.312,0.62,2.0,2.72
ATOM,5536.0,OD1,ASP,411.0,94.919,-73.648,85.023,-0.76,1.7,15.74
ATOM,5537.0,OD2,ASP,411.0,93.715,-73.687,83.189,-0.76,1.7,35.19
ATOM,5538.0,H,ASP,411.0,91.547,-73.368,86.446,0.31,0.2245,0.0
ATOM,5539.0,HA,ASP,411.0,94.1,-72.168,86.718,0.09,1.32,0.0
ATOM,5540.0,HB2,ASP,411.0,92.198,-72.211,84.567,0.09,1.32,0.0
ATOM,5541.0,HB3,ASP,411.0,93.482,-71.213,84.425,0.09,1.32,1.17
ATOM,5542.0,N,ARG,412.0,91.719,-70.144,87.123,-0.47,1.85,0.0
ATOM,5543.0,CA,ARG,412.0,91.368,-68.786,87.537,0.07,2.275,0.0
ATOM,5544.0,C,ARG,412.0,92.022,-68.489,88.882,0.51,2.0,0.0
ATOM,5545.0,O,ARG,412.0,92.77,-67.519,89.036,-0.51,1.7,0.65
ATOM,5546.0,CB,ARG,412.0,89.847,-68.643,87.67,-0.18,2.175,0.02
ATOM,5547.0,CG,ARG,412.0,89.153,-68.115,86.426,-0.18,2.175,0.0
ATOM,5548.0,CD,ARG,412.0,87.928,-67.293,86.777,0.2,2.175,0.0
ATOM,5549.0,NE,ARG,412.0,86.932,-68.068,87.511,-0.7,1.85,0.0
ATOM,5550.0,CZ,ARG,412.0,86.072,-68.909,86.945,0.64,2.0,0.0
ATOM,5551.0,NH1,ARG,412.0,86.084,-69.087,85.631,-0.8,1.85,0.0
ATOM,5552.0,NH2,ARG,412.0,85.197,-69.569,87.692,-0.8,1.85,0.22
ATOM,5553.0,H,ARG,412.0,91.04,-70.927,87.098,0.31,0.2245,0.0
ATOM,5554.0,HA,ARG,412.0,91.718,-68.14,86.859,0.09,1.32,0.54
ATOM,5555.0,HB2,ARG,412.0,89.469,-69.542,87.879,0.09,1.32,0.0
ATOM,5556.0,HB3,ARG,412.0,89.66,-68.014,88.42,0.09,1.32,0.0
ATOM,5557.0,HG2,ARG,412.0,89.783,-67.535,85.915,0.09,1.32,0.0
ATOM,5558.0,HG3,ARG,412.0,88.862,-68.881,85.858,0.09,1.32,0.0
ATOM,5559.0,HD2,ARG,412.0,88.221,-66.521,87.337,0.09,1.32,0.0
ATOM,5560.0,HD3,ARG,412.0,87.524,-66.96,85.927,0.09,1.32,0.0
ATOM,5561.0,HE,ARG,412.0,86.894,-67.958,88.511,0.44,0.2245,0.09
ATOM,5562.0,HH11,ARG,412.0,86.742,-68.616,85.051,0.46,0.2245,0.0
ATOM,5563.0,HH12,ARG,412.0,85.415,-69.713,85.209,0.46,0.2245,5.58
ATOM,5564.0,HH21,ARG,412.0,85.203,-69.443,88.688,0.46,0.2245,0.0
ATOM,5565.0,HH22,ARG,412.0,84.538,-70.187,87.27,0.46,0.2245,8.13
ATOM,5566.0,N,ALA,413.0,91.73,-69.345,89.856,-0.47,1.85,0.09
ATOM,5567.0,CA,ALA,413.0,92.275,-69.2,91.196,0.07,2.275,0.0
ATOM,5568.0,C,ALA,413.0,93.793,-69.166,91.138,0.51,2.0,0.12
ATOM,5569.0,O,ALA,413.0,94.451,-68.709,92.074,-0.51,1.7,12.31
ATOM,5570.0,CB,ALA,413.0,91.812,-70.358,92.071,-0.27,2.06,20.49
ATOM,5571.0,H,ALA,413.0,91.087,-70.115,89.578,0.31,0.2245,0.0
ATOM,5572.0,HA,ALA,413.0,91.949,-68.335,91.589,0.09,1.32,0.0
ATOM,5573.0,HB1,ALA,413.0,91.496,-71.108,91.491,0.09,1.32,0.0
ATOM,5574.0,HB2,ALA,413.0,92.573,-70.673,92.637,0.09,1.32,8.67
ATOM,5575.0,HB3,ALA,413.0,91.063,-70.053,92.659,0.09,1.32,1.1
ATOM,5576.0,N,LYS,414.0,94.347,-69.652,90.033,-0.47,1.85,0.18
ATOM,5577.0,CA,LYS,414.0,95.79,-69.673,89.87,0.07,2.275,1.4
ATOM,5578.0,C,LYS,414.0,96.375,-68.283,90.112,0.51,2.0,0.0
ATOM,5579.0,O,LYS,414.0,97.569,-68.15,90.389,-0.51,1.7,17.49
ATOM,5580.0,CB,LYS,414.0,96.159,-70.167,88.464,-0.18,2.175,0.21
ATOM,5581.0,CG,LYS,414.0,97.163,-71.342,88.446,-0.18,2.175,12.01
ATOM,5582.0,CD,LYS,414.0,97.228,-72.037,87.071,-0.18,2.175,3.38
ATOM,5583.0,CE,LYS,414.0,98.475,-71.597,86.277,0.21,2.175,14.67
ATOM,5584.0,NZ,LYS,414.0,98.615,-72.241,84.922,-0.3,1.85,14.44
ATOM,5585.0,H,LYS,414.0,93.68,-70.002,89.324,0.31,0.2245,0.0
ATOM,5586.0,HA,LYS,414.0,96.189,-70.309,90.54,0.09,1.32,8.35
ATOM,5587.0,HB2,LYS,414.0,95.327,-70.471,88.008,0.09,1.32,0.0
ATOM,5588.0,HB3,LYS,414.0,96.567,-69.41,87.961,0.09,1.32,0.33
ATOM,5589.0,HG2,LYS,414.0,98.071,-70.991,88.67,0.09,1.32,5.66
ATOM,5590.0,HG3,LYS,414.0,96.884,-72.013,89.131,0.09,1.32,9.1
ATOM,5591.0,HD2,LYS,414.0,97.276,-73.016,87.212,0.09,1.32,10.01
ATOM,5592.0,HD3,LYS,414.0,96.423,-71.79,86.551,0.09,1.32,0.02
ATOM,5593.0,HE2,LYS,414.0,98.44,-70.593,86.159,0.05,1.32,1.59
ATOM,5594.0,HE3,LYS,414.0,99.296,-71.813,86.826,0.05,1.32,10.77
ATOM,5595.0,HZ1,LYS,414.0,97.867,-72.887,84.793,0.33,0.2245,6.85
ATOM,5596.0,HZ2,LYS,414.0,98.578,-71.532,84.223,0.33,0.2245,20.54
ATOM,5597.0,HZ3,LYS,414.0,99.489,-72.717,84.88,0.33,0.2245,20.23
ATOM,5598.0,N,TYR,415.0,95.531,-67.254,90.016,-0.47,1.85,0.0
ATOM,5599.0,CA,TYR,415.0,95.983,-65.879,90.229,0.07,2.275,0.69
ATOM,5600.0,C,TYR,415.0,95.046,-65.028,91.076,0.51,2.0,1.6
ATOM,5601.0,O,TYR,415.0,94.661,-63.925,90.687,-0.51,1.7,2.44
ATOM,5602.0,CB,TYR,415.0,96.246,-65.192,88.886,-0.18,2.175,3.2
ATOM,5603.0,CG,TYR,415.0,97.623,-65.498,88.354,0.0,1.9924,0.18
ATOM,5604.0,CD1,TYR,415.0,98.75,-65.325,89.164,-0.115,1.9924,2.09
ATOM,5605.0,CD2,TYR,415.0,97.801,-66.029,87.075,-0.115,1.9924,4.49
ATOM,5606.0,CE1,TYR,415.0,100.024,-65.679,88.718,-0.115,1.9924,6.78
ATOM,5607.0,CE2,TYR,415.0,99.073,-66.389,86.614,-0.115,1.9924,2.07
ATOM,5608.0,CZ,TYR,415.0,100.182,-66.213,87.445,0.11,1.9924,1.4
ATOM,5609.0,OH,TYR,415.0,101.443,-66.586,87.02,-0.54,1.77,22.92
ATOM,5610.0,H,TYR,415.0,94.556,-67.508,89.784,0.31,0.2245,0.0
ATOM,5611.0,HA,TYR,415.0,96.888,-65.916,90.701,0.09,1.32,2.56
ATOM,5612.0,HB2,TYR,415.0,95.577,-65.518,88.234,0.09,1.32,1.09
ATOM,5613.0,HB3,TYR,415.0,96.171,-64.214,89.017,0.09,1.32,5.56
ATOM,5614.0,HD1,TYR,415.0,98.643,-64.94,90.081,0.115,1.3582,9.04
ATOM,5615.0,HD2,TYR,415.0,97.013,-66.156,86.48,0.115,1.3582,8.05
ATOM,5616.0,HE1,TYR,415.0,100.817,-65.55,89.312,0.115,1.3582,6.55
ATOM,5617.0,HE2,TYR,415.0,99.187,-66.767,85.701,0.115,1.3582,12.92
ATOM,5618.0,HH,TYR,415.0,101.493,-66.492,86.028,0.43,0.2245,7.37
ATOM,5619.0,N,GLY,416.0,94.689,-65.555,92.242,-0.47,1.85,4.02
ATOM,5620.0,CA,GLY,416.0,93.826,-64.841,93.166,-0.02,2.175,13.94
ATOM,5621.0,C,GLY,416.0,92.432,-64.493,92.683,0.51,2.0,0.0
ATOM,5622.0,O,GLY,416.0,91.563,-64.152,93.49,-0.51,1.7,1.57
ATOM,5623.0,H,GLY,416.0,95.074,-66.502,92.428,0.31,0.2245,3.93
ATOM,5624.0,HA2,GLY,416.0,93.747,-65.391,94.04,0.09,1.32,5.85
ATOM,5625.0,HA3,GLY,416.0,94.303,-63.97,93.46,0.09,1.32,2.03
ATOM,5626.0,N,ILE,417.0,92.202,-64.577,91.379,-0.47,1.85,0.0
ATOM,5627.0,CA,ILE,417.0,90.888,-64.245,90.846,0.07,2.275,0.0
ATOM,5628.0,C,ILE,417.0,89.791,-65.159,91.376,0.51,2.0,0.0
ATOM,5629.0,O,ILE,417.0,89.588,-66.268,90.883,-0.51,1.7,1.25
ATOM,5630.0,CB,ILE,417.0,90.871,-64.3,89.321,-0.09,2.275,0.0
ATOM,5631.0,CG1,ILE,417.0,92.06,-63.514,88.752,-0.18,2.175,0.0
ATOM,5632.0,CG2,ILE,417.0,89.542,-63.765,88.819,-0.27,2.06,0.0
ATOM,5633.0,CD1,ILE,417.0,92.088,-62.048,89.131,-0.27,2.06,0.31
ATOM,5634.0,H,ILE,417.0,92.998,-64.883,90.805,0.31,0.2245,0.0
ATOM,5635.0,HA,ILE,417.0,90.674,-63.315,91.179,0.09,1.32,0.0
ATOM,5636.0,HB,ILE,417.0,90.972,-65.248,89.04,0.09,1.32,0.0
ATOM,5637.0,HG12,ILE,417.0,92.905,-63.949,89.071,0.09,1.32,0.0
ATOM,5638.0,HG13,ILE,417.0,92.03,-63.587,87.752,0.09,1.32,0.0
ATOM,5639.0,HG21,ILE,417.0,89.509,-63.83,87.822,0.09,1.32,0.0
ATOM,5640.0,HG22,ILE,417.0,88.795,-64.301,89.21,0.09,1.32,0.0
ATOM,5641.0,HG23,ILE,417.0,89.441,-62.809,89.091,0.09,1.32,0.0
ATOM,5642.0,HD11,ILE,417.0,92.134,-61.964,90.125,0.09,1.32,0.0
ATOM,5643.0,HD12,ILE,417.0,92.89,-61.616,88.721,0.09,1.32,1.96
ATOM,5644.0,HD13,ILE,417.0,91.259,-61.604,88.795,0.09,1.32,0.0
ATOM,5645.0,N,MET,418.0,89.08,-64.668,92.384,-0.47,1.85,0.0
ATOM,5646.0,CA,MET,418.0,88.001,-65.409,93.012,0.07,2.275,0.0
ATOM,5647.0,C,MET,418.0,86.662,-65.003,92.434,0.51,2.0,0.0
ATOM,5648.0,O,MET,418.0,86.499,-63.889,91.945,-0.51,1.7,0.0
ATOM,5649.0,CB,MET,418.0,87.999,-65.146,94.515,-0.18,2.175,0.0
ATOM,5650.0,CG,MET,418.0,89.186,-65.747,95.235,-0.14,2.175,1.84
ATOM,5651.0,SD,MET,418.0,89.27,-67.529,94.962,-0.09,2.0,18.23
ATOM,5652.0,CE,MET,418.0,90.921,-67.912,95.604,-0.22,2.06,29.95
ATOM,5653.0,H,MET,418.0,89.364,-63.707,92.683,0.31,0.2245,0.0
ATOM,5654.0,HA,MET,418.0,88.14,-66.389,92.823,0.09,1.32,0.37
ATOM,5655.0,HB2,MET,418.0,87.998,-64.151,94.673,0.09,1.32,0.0
ATOM,5656.0,HB3,MET,418.0,87.155,-65.529,94.912,0.09,1.32,0.1
ATOM,5657.0,HG2,MET,418.0,90.036,-65.293,94.907,0.09,1.32,0.0
ATOM,5658.0,HG3,MET,418.0,89.111,-65.54,96.229,0.09,1.32,3.13
ATOM,5659.0,HE1,MET,418.0,91.584,-67.834,94.863,0.09,1.32,0.0
ATOM,5660.0,HE2,MET,418.0,91.146,-67.266,96.33,0.09,1.32,8.54
ATOM,5661.0,HE3,MET,418.0,90.922,-68.842,95.965,0.09,1.32,11.39
ATOM,5662.0,N,ASP,419.0,85.7,-65.91,92.498,-0.47,1.85,0.0
ATOM,5663.0,CA,ASP,419.0,84.372,-65.621,91.982,0.07,2.275,0.0
ATOM,5664.0,C,ASP,419.0,83.719,-64.537,92.845,0.51,2.0,0.0
ATOM,5665.0,O,ASP,419.0,82.746,-63.913,92.43,-0.51,1.7,0.0
ATOM,5666.0,CB,ASP,419.0,83.511,-66.895,91.979,-0.28,2.175,1.05
ATOM,5667.0,CG,ASP,419.0,84.15,-68.04,91.194,0.62,2.0,0.0
ATOM,5668.0,OD1,ASP,419.0,85.268,-67.854,90.662,-0.76,1.7,0.12
ATOM,5669.0,OD2,ASP,419.0,83.532,-69.127,91.112,-0.76,1.7,8.89
ATOM,5670.0,H,ASP,419.0,85.967,-66.809,92.932,0.31,0.2245,2.6
ATOM,5671.0,HA,ASP,419.0,84.481,-65.235,91.066,0.09,1.32,0.0
ATOM,5672.0,HB2,ASP,419.0,83.39,-67.185,92.92,0.09,1.32,2.06
ATOM,5673.0,HB3,ASP,419.0,82.638,-66.675,91.564,0.09,1.32,0.0
ATOM,5674.0,N,ASN,420.0,84.26,-64.311,94.044,-0.47,1.85,0.0
ATOM,5675.0,CA,ASN,420.0,83.716,-63.293,94.946,0.07,2.275,0.0
ATOM,5676.0,C,ASN,420.0,84.255,-61.929,94.564,0.51,2.0,0.0
ATOM,5677.0,O,ASN,420.0,83.516,-60.951,94.47,-0.51,1.7,0.0
ATOM,5678.0,CB,ASN,420.0,84.108,-63.558,96.408,-0.18,2.175,0.06
ATOM,5679.0,CG,ASN,420.0,84.445,-65.0,96.674,0.55,2.0,0.0
ATOM,5680.0,H,ASN,420.0,85.076,-64.903,94.274,0.31,0.2245,0.0
ATOM,5681.0,HA,ASN,420.0,82.724,-63.274,94.802,0.09,1.32,0.0
ATOM,5682.0,HB2,ASN,420.0,84.903,-62.994,96.621,0.09,1.32,0.0
ATOM,5683.0,HB3,ASN,420.0,83.339,-63.291,96.986,0.09,1.32,0.0
ATOM,5684.0,OD1,ASN,420.0,85.581,-65.331,97.018,-0.55,1.7,7.02
ATOM,5685.0,ND2,ASN,420.0,83.455,-65.875,96.526,-0.62,1.85,0.07
ATOM,5686.0,HD22,ASN,420.0,82.548,-65.56,96.246,0.3,0.2245,0.0
ATOM,5687.0,HD21,ASN,420.0,83.616,-66.847,96.694,0.32,0.2245,12.47
ATOM,5688.0,N,LEU,421.0,85.566,-61.882,94.364,-0.47,1.85,0.0
ATOM,5689.0,CA,LEU,421.0,86.258,-60.661,94.009,0.07,2.275,0.0
ATOM,5690.0,C,LEU,421.0,85.424,-59.718,93.158,0.51,2.0,0.0
ATOM,5691.0,O,LEU,421.0,84.96,-60.084,92.082,-0.51,1.7,0.0
ATOM,5692.0,CB,LEU,421.0,87.547,-61.005,93.271,-0.18,2.175,0.0
ATOM,5693.0,CG,LEU,421.0,88.337,-59.811,92.746,-0.09,2.275,0.0
ATOM,5694.0,CD1,LEU,421.0,88.357,-58.702,93.798,-0.27,2.06,0.0
ATOM,5695.0,CD2,LEU,421.0,89.745,-60.256,92.403,-0.27,2.06,0.0
ATOM,5696.0,H,LEU,421.0,86.051,-62.802,94.485,0.31,0.2245,0.0
ATOM,5697.0,HA,LEU,421.0,86.514,-60.173,94.865,0.09,1.32,0.0
ATOM,5698.0,HB2,LEU,421.0,88.137,-61.5,93.899,0.09,1.32,0.0
ATOM,5699.0,HB3,LEU,421.0,87.312,-61.574,92.492,0.09,1.32,0.0
ATOM,5700.0,HG,LEU,421.0,87.903,-59.469,91.917,0.09,1.32,0.0
ATOM,5701.0,HD11,LEU,421.0,88.788,-59.045,94.632,0.09,1.32,0.0
ATOM,5702.0,HD12,LEU,421.0,88.876,-57.923,93.448,0.09,1.32,0.0
ATOM,5703.0,HD13,LEU,421.0,87.42,-58.418,93.997,0.09,1.32,0.0
ATOM,5704.0,HD21,LEU,421.0,89.712,-60.97,91.701,0.09,1.32,0.0
ATOM,5705.0,HD22,LEU,421.0,90.271,-59.477,92.057,0.09,1.32,0.0
ATOM,5706.0,HD23,LEU,421.0,90.193,-60.619,93.222,0.09,1.32,0.0
ATOM,5707.0,N,VAL,422.0,85.227,-58.505,93.659,-0.47,1.85,0.0
ATOM,5708.0,CA,VAL,422.0,84.479,-57.481,92.936,0.07,2.275,0.0
ATOM,5709.0,C,VAL,422.0,85.34,-56.231,92.892,0.51,2.0,0.0
ATOM,5710.0,O,VAL,422.0,85.951,-55.844,93.895,-0.51,1.7,0.0
ATOM,5711.0,CB,VAL,422.0,83.155,-57.126,93.621,-0.09,2.275,0.0
ATOM,5712.0,CG1,VAL,422.0,82.59,-55.853,93.017,-0.27,2.06,0.0
ATOM,5713.0,CG2,VAL,422.0,82.172,-58.263,93.464,-0.27,2.06,0.0
ATOM,5714.0,H,VAL,422.0,85.646,-58.348,94.599,0.31,0.2245,0.0
ATOM,5715.0,HA,VAL,422.0,84.34,-57.796,92.003,0.09,1.32,0.0
ATOM,5716.0,HB,VAL,422.0,83.348,-56.934,94.576,0.09,1.32,0.0
ATOM,5717.0,HG11,VAL,422.0,83.175,-55.078,93.258,0.09,1.32,0.0
ATOM,5718.0,HG12,VAL,422.0,82.552,-55.942,92.021,0.09,1.32,0.0
ATOM,5719.0,HG13,VAL,422.0,81.668,-55.694,93.371,0.09,1.32,0.0
ATOM,5720.0,HG21,VAL,422.0,82.644,-59.066,93.095,0.09,1.32,0.0
ATOM,5721.0,HG22,VAL,422.0,81.777,-58.49,94.356,0.09,1.32,0.0
ATOM,5722.0,HG23,VAL,422.0,81.441,-57.99,92.836,0.09,1.32,0.0
ATOM,5723.0,N,ARG,423.0,85.387,-55.607,91.721,-0.47,1.85,0.0
ATOM,5724.0,CA,ARG,423.0,86.186,-54.407,91.522,0.07,2.275,0.0
ATOM,5725.0,C,ARG,423.0,85.289,-53.203,91.34,0.51,2.0,0.0
ATOM,5726.0,O,ARG,423.0,84.588,-53.09,90.339,-0.51,1.7,0.0
ATOM,5727.0,CB,ARG,423.0,87.083,-54.568,90.292,-0.18,2.175,0.0
ATOM,5728.0,CG,ARG,423.0,88.396,-53.83,90.402,-0.18,2.175,0.74
ATOM,5729.0,CD,ARG,423.0,88.549,-52.825,89.289,0.2,2.175,0.54
ATOM,5730.0,NE,ARG,423.0,89.24,-53.419,88.155,-0.7,1.85,0.0
ATOM,5731.0,CZ,ARG,423.0,88.774,-53.423,86.911,0.64,2.0,0.0
ATOM,5732.0,NH1,ARG,423.0,87.606,-52.859,86.628,-0.8,1.85,0.05
ATOM,5733.0,NH2,ARG,423.0,89.475,-54.006,85.95,-0.8,1.85,8.72
ATOM,5734.0,H,ARG,423.0,84.812,-56.044,90.972,0.31,0.2245,0.0
ATOM,5735.0,HA,ARG,423.0,86.763,-54.264,92.334,0.09,1.32,0.0
ATOM,5736.0,HB2,ARG,423.0,87.276,-55.537,90.175,0.09,1.32,0.0
ATOM,5737.0,HB3,ARG,423.0,86.591,-54.217,89.503,0.09,1.32,0.0
ATOM,5738.0,HG2,ARG,423.0,88.434,-53.344,91.272,0.09,1.32,0.0
ATOM,5739.0,HG3,ARG,423.0,89.15,-54.48,90.343,0.09,1.32,0.0
ATOM,5740.0,HD2,ARG,423.0,87.645,-52.53,89.006,0.09,1.32,0.0
ATOM,5741.0,HD3,ARG,423.0,89.077,-52.057,89.631,0.09,1.32,0.0
ATOM,5742.0,HE,ARG,423.0,90.133,-53.858,88.323,0.44,0.2245,0.0
ATOM,5743.0,HH11,ARG,423.0,87.07,-52.407,87.337,0.46,0.2245,0.5
ATOM,5744.0,HH12,ARG,423.0,87.256,-52.886,85.685,0.46,0.2245,0.0
ATOM,5745.0,HH21,ARG,423.0,90.362,-54.424,86.16,0.46,0.2245,2.14
ATOM,5746.0,HH22,ARG,423.0,89.124,-54.03,85.014,0.46,0.2245,7.5
ATOM,5747.0,N,PHE,424.0,85.316,-52.3,92.309,-0.47,1.85,0.0
ATOM,5748.0,CA,PHE,424.0,84.485,-51.114,92.237,0.07,2.275,0.0
ATOM,5749.0,C,PHE,424.0,85.284,-49.865,91.919,0.51,2.0,0.0
ATOM,5750.0,O,PHE,424.0,86.18,-49.464,92.672,-0.51,1.7,0.0
ATOM,5751.0,CB,PHE,424.0,83.727,-50.916,93.547,-0.18,2.175,0.0
ATOM,5752.0,CG,PHE,424.0,82.443,-50.158,93.391,0.0,1.9924,0.0
ATOM,5753.0,CD1,PHE,424.0,82.451,-48.844,92.938,-0.115,1.9924,0.0
ATOM,5754.0,CD2,PHE,424.0,81.223,-50.757,93.7,-0.115,1.9924,0.0
ATOM,5755.0,CE1,PHE,424.0,81.262,-48.135,92.794,-0.115,1.9924,0.0
ATOM,5756.0,CE2,PHE,424.0,80.022,-50.055,93.559,-0.115,1.9924,0.0
ATOM,5757.0,CZ,PHE,424.0,80.042,-48.741,93.105,-0.115,1.9924,0.0
ATOM,5758.0,H,PHE,424.0,85.959,-52.51,93.091,0.31,0.2245,0.0
ATOM,5759.0,HA,PHE,424.0,83.839,-51.251,91.469,0.09,1.32,0.0
ATOM,5760.0,HB2,PHE,424.0,83.513,-51.81,93.912,0.09,1.32,0.0
ATOM,5761.0,HB3,PHE,424.0,84.311,-50.407,94.161,0.09,1.32,0.0
ATOM,5762.0,HD1,PHE,424.0,83.313,-48.401,92.712,0.115,1.3582,0.0
ATOM,5763.0,HD2,PHE,424.0,81.204,-51.701,94.026,0.115,1.3582,0.0
ATOM,5764.0,HE1,PHE,424.0,81.286,-47.184,92.466,0.115,1.3582,0.0
ATOM,5765.0,HE2,PHE,424.0,79.15,-50.507,93.789,0.115,1.3582,0.0
ATOM,5766.0,HZ,PHE,424.0,79.194,-48.229,92.999,0.115,1.3582,0.19
ATOM,5767.0,N,SER,425.0,84.954,-49.263,90.783,-0.47,1.85,0.0
ATOM,5768.0,CA,SER,425.0,85.604,-48.041,90.358,0.07,2.275,0.09
ATOM,5769.0,C,SER,425.0,84.643,-46.935,90.731,0.51,2.0,0.0
ATOM,5770.0,O,SER,425.0,83.658,-46.695,90.035,-0.51,1.7,0.0
ATOM,5771.0,CB,SER,425.0,85.828,-48.043,88.85,0.05,2.175,0.08
ATOM,5772.0,OG,SER,425.0,86.095,-46.729,88.39,-0.66,1.77,2.07
ATOM,5773.0,H,SER,425.0,84.205,-49.738,90.241,0.31,0.2245,0.0
ATOM,5774.0,HA,SER,425.0,86.429,-47.924,90.887,0.09,1.32,0.0
ATOM,5775.0,HB2,SER,425.0,86.606,-48.624,88.639,0.09,1.32,0.0
ATOM,5776.0,HB3,SER,425.0,85.008,-48.381,88.403,0.09,1.32,0.0
ATOM,5777.0,HG,SER,425.0,85.255,-46.325,88.03,0.43,0.2245,0.0
ATOM,5778.0,N,PHE,426.0,84.919,-46.274,91.846,-0.47,1.85,0.07
ATOM,5779.0,CA,PHE,426.0,84.052,-45.208,92.305,0.07,2.275,0.0
ATOM,5780.0,C,PHE,426.0,84.091,-44.016,91.374,0.51,2.0,0.0
ATOM,5781.0,O,PHE,426.0,85.159,-43.506,91.038,-0.51,1.7,0.16
ATOM,5782.0,CB,PHE,426.0,84.434,-44.805,93.725,-0.18,2.175,0.0
ATOM,5783.0,CG,PHE,426.0,84.087,-45.848,94.747,0.0,1.9924,0.0
ATOM,5784.0,CD1,PHE,426.0,82.76,-46.06,95.125,-0.115,1.9924,0.0
ATOM,5785.0,CD2,PHE,426.0,85.075,-46.654,95.295,-0.115,1.9924,0.0
ATOM,5786.0,CE1,PHE,426.0,82.423,-47.064,96.032,-0.115,1.9924,0.0
ATOM,5787.0,CE2,PHE,426.0,84.748,-47.66,96.204,-0.115,1.9924,0.0
ATOM,5788.0,CZ,PHE,426.0,83.42,-47.864,96.571,-0.115,1.9924,0.0
ATOM,5789.0,H,PHE,426.0,85.776,-46.577,92.338,0.31,0.2245,0.0
ATOM,5790.0,HA,PHE,426.0,83.107,-45.566,92.284,0.09,1.32,0.0
ATOM,5791.0,HB2,PHE,426.0,85.41,-44.666,93.75,0.09,1.32,0.0
ATOM,5792.0,HB3,PHE,426.0,83.941,-43.98,93.95,0.09,1.32,0.0
ATOM,5793.0,HD1,PHE,426.0,82.04,-45.488,94.742,0.115,1.3582,0.0
ATOM,5794.0,HD2,PHE,426.0,86.03,-46.515,95.038,0.115,1.3582,0.0
ATOM,5795.0,HE1,PHE,426.0,81.462,-47.198,96.288,0.115,1.3582,0.0
ATOM,5796.0,HE2,PHE,426.0,85.481,-48.238,96.595,0.115,1.3582,0.0
ATOM,5797.0,HZ,PHE,426.0,83.185,-48.585,97.221,0.115,1.3582,0.0
ATOM,5798.0,N,GLY,427.0,82.909,-43.589,90.949,-0.47,1.85,0.0
ATOM,5799.0,CA,GLY,427.0,82.814,-42.466,90.045,-0.02,2.175,0.0
ATOM,5800.0,C,GLY,427.0,83.044,-41.158,90.759,0.51,2.0,0.0
ATOM,5801.0,O,GLY,427.0,83.969,-41.031,91.556,-0.51,1.7,0.21
ATOM,5802.0,H,GLY,427.0,82.096,-44.115,91.311,0.31,0.2245,0.0
ATOM,5803.0,HA2,GLY,427.0,83.497,-42.569,89.304,0.09,1.32,0.0
ATOM,5804.0,HA3,GLY,427.0,81.898,-42.456,89.613,0.09,1.32,0.0
ATOM,5805.0,N,VAL,428.0,82.189,-40.186,90.466,-0.47,1.85,0.0
ATOM,5806.0,CA,VAL,428.0,82.275,-38.868,91.067,0.07,2.275,0.02
ATOM,5807.0,C,VAL,428.0,80.909,-38.481,91.651,0.51,2.0,0.0
ATOM,5808.0,O,VAL,428.0,80.744,-37.413,92.237,-0.51,1.7,7.14
ATOM,5809.0,CB,VAL,428.0,82.775,-37.839,90.016,-0.09,2.275,0.0
ATOM,5810.0,CG1,VAL,428.0,82.061,-36.506,90.163,-0.27,2.06,26.39
ATOM,5811.0,CG2,VAL,428.0,84.267,-37.654,90.171,-0.27,2.06,0.25
ATOM,5812.0,H,VAL,428.0,81.456,-40.452,89.771,0.31,0.2245,0.0
ATOM,5813.0,HA,VAL,428.0,82.929,-38.904,91.824,0.09,1.32,0.0
ATOM,5814.0,HB,VAL,428.0,82.545,-38.2,89.115,0.09,1.32,0.0
ATOM,5815.0,HG11,VAL,428.0,81.082,-36.63,89.996,0.09,1.32,6.24
ATOM,5816.0,HG12,VAL,428.0,82.197,-36.153,91.089,0.09,1.32,2.85
ATOM,5817.0,HG13,VAL,428.0,82.431,-35.853,89.501,0.09,1.32,6.66
ATOM,5818.0,HG21,VAL,428.0,84.53,-37.832,91.121,0.09,1.32,0.0
ATOM,5819.0,HG22,VAL,428.0,84.748,-38.292,89.567,0.09,1.32,0.42
ATOM,5820.0,HG23,VAL,428.0,84.515,-36.715,89.928,0.09,1.32,0.68
ATOM,5821.0,N,GLU,429.0,79.931,-39.367,91.501,-0.47,1.85,0.51
ATOM,5822.0,CA,GLU,429.0,78.603,-39.121,92.05,0.07,2.275,0.81
ATOM,5823.0,C,GLU,429.0,78.751,-38.831,93.542,0.51,2.0,0.0
ATOM,5824.0,O,GLU,429.0,79.793,-39.116,94.133,-0.51,1.7,0.02
ATOM,5825.0,CB,GLU,429.0,77.716,-40.349,91.856,-0.18,2.175,1.88
ATOM,5826.0,CG,GLU,429.0,77.69,-40.867,90.436,-0.28,2.175,16.27
ATOM,5827.0,CD,GLU,429.0,78.657,-42.008,90.212,0.62,2.0,0.0
ATOM,5828.0,OE1,GLU,429.0,79.716,-42.038,90.878,-0.76,1.7,0.0
ATOM,5829.0,OE2,GLU,429.0,78.355,-42.877,89.366,-0.76,1.7,3.33
ATOM,5830.0,H,GLU,429.0,80.187,-40.221,90.976,0.31,0.2245,0.0
ATOM,5831.0,HA,GLU,429.0,78.187,-38.338,91.598,0.09,1.32,9.35
ATOM,5832.0,HB2,GLU,429.0,78.069,-41.066,92.432,0.09,1.32,0.0
ATOM,5833.0,HB3,GLU,429.0,76.797,-40.096,92.102,0.09,1.32,4.26
ATOM,5834.0,HG2,GLU,429.0,76.785,-41.202,90.244,0.09,1.32,4.12
ATOM,5835.0,HG3,GLU,429.0,77.95,-40.135,89.832,0.09,1.32,6.32
ATOM,5836.0,N,ASP,430.0,77.714,-38.272,94.153,-0.47,1.85,2.78
ATOM,5837.0,CA,ASP,430.0,77.771,-37.953,95.575,0.07,2.275,1.65
ATOM,5838.0,C,ASP,430.0,78.028,-39.189,96.416,0.51,2.0,0.0
ATOM,5839.0,O,ASP,430.0,77.496,-40.261,96.136,-0.51,1.7,0.0
ATOM,5840.0,CB,ASP,430.0,76.477,-37.293,96.033,-0.28,2.175,5.04
ATOM,5841.0,CG,ASP,430.0,76.718,-36.228,97.076,0.62,2.0,3.5
ATOM,5842.0,OD1,ASP,430.0,76.942,-35.061,96.692,-0.76,1.7,43.37
ATOM,5843.0,OD2,ASP,430.0,76.696,-36.56,98.279,-0.76,1.7,18.31
ATOM,5844.0,H,ASP,430.0,76.893,-38.089,93.555,0.31,0.2245,6.73
ATOM,5845.0,HA,ASP,430.0,78.557,-37.332,95.709,0.09,1.32,0.9
ATOM,5846.0,HB2,ASP,430.0,76.047,-36.876,95.242,0.09,1.32,6.61
ATOM,5847.0,HB3,ASP,430.0,75.892,-37.995,96.42,0.09,1.32,0.01
ATOM,5848.0,N,PHE,431.0,78.843,-39.033,97.453,-0.47,1.85,0.0
ATOM,5849.0,CA,PHE,431.0,79.177,-40.149,98.326,0.07,2.275,0.0
ATOM,5850.0,C,PHE,431.0,77.94,-40.865,98.859,0.51,2.0,0.0
ATOM,5851.0,O,PHE,431.0,77.726,-42.045,98.59,-0.51,1.7,0.0
ATOM,5852.0,CB,PHE,431.0,80.029,-39.662,99.499,-0.18,2.175,1.65
ATOM,5853.0,CG,PHE,431.0,80.398,-40.75,100.463,0.0,1.9924,0.0
ATOM,5854.0,CD1,PHE,431.0,81.305,-41.738,100.097,-0.115,1.9924,0.0
ATOM,5855.0,CD2,PHE,431.0,79.818,-40.809,101.725,-0.115,1.9924,0.27
ATOM,5856.0,CE1,PHE,431.0,81.626,-42.776,100.976,-0.115,1.9924,0.0
ATOM,5857.0,CE2,PHE,431.0,80.133,-41.843,102.611,-0.115,1.9924,1.74
ATOM,5858.0,CZ,PHE,431.0,81.037,-42.827,102.235,-0.115,1.9924,0.62
ATOM,5859.0,H,PHE,431.0,79.21,-38.072,97.582,0.31,0.2245,1.85
ATOM,5860.0,HA,PHE,431.0,79.682,-40.823,97.765,0.09,1.32,0.0
ATOM,5861.0,HB2,PHE,431.0,80.863,-39.283,99.13,0.09,1.32,0.07
ATOM,5862.0,HB3,PHE,431.0,79.507,-38.981,99.989,0.09,1.32,2.86
ATOM,5863.0,HD1,PHE,431.0,81.736,-41.712,99.201,0.115,1.3582,0.0
ATOM,5864.0,HD2,PHE,431.0,79.168,-40.104,102.006,0.115,1.3582,0.95
ATOM,5865.0,HE1,PHE,431.0,82.282,-43.481,100.689,0.115,1.3582,0.0
ATOM,5866.0,HE2,PHE,431.0,79.696,-41.866,103.523,0.115,1.3582,6.97
ATOM,5867.0,HZ,PHE,431.0,81.267,-43.569,102.861,0.115,1.3582,0.0
ATOM,5868.0,N,ASP,432.0,77.131,-40.145,99.622,-0.47,1.85,0.0
ATOM,5869.0,CA,ASP,432.0,75.926,-40.721,100.197,0.07,2.275,0.0
ATOM,5870.0,C,ASP,432.0,75.134,-41.531,99.176,0.51,2.0,0.29
ATOM,5871.0,O,ASP,432.0,74.715,-42.653,99.455,-0.51,1.7,0.1
ATOM,5872.0,CB,ASP,432.0,75.047,-39.613,100.783,-0.28,2.175,14.25
ATOM,5873.0,CG,ASP,432.0,75.688,-38.935,101.985,0.62,2.0,3.17
ATOM,5874.0,OD1,ASP,432.0,76.363,-39.632,102.774,-0.76,1.7,15.92
ATOM,5875.0,OD2,ASP,432.0,75.515,-37.706,102.14,-0.76,1.7,41.06
ATOM,5876.0,H,ASP,432.0,77.425,-39.162,99.769,0.31,0.2245,0.06
ATOM,5877.0,HA,ASP,432.0,76.216,-41.365,100.921,0.09,1.32,0.0
ATOM,5878.0,HB2,ASP,432.0,74.898,-38.933,100.077,0.09,1.32,2.86
ATOM,5879.0,HB3,ASP,432.0,74.188,-40.019,101.067,0.09,1.32,9.66
ATOM,5880.0,N,ASP,433.0,74.937,-40.964,97.991,-0.47,1.85,0.32
ATOM,5881.0,CA,ASP,433.0,74.19,-41.652,96.945,0.07,2.275,0.72
ATOM,5882.0,C,ASP,433.0,74.79,-43.019,96.657,0.51,2.0,0.0
ATOM,5883.0,O,ASP,433.0,74.08,-44.024,96.595,-0.51,1.7,2.37
ATOM,5884.0,CB,ASP,433.0,74.174,-40.816,95.669,-0.28,2.175,2.67
ATOM,5885.0,CG,ASP,433.0,72.964,-39.915,95.591,0.62,2.0,4.9
ATOM,5886.0,OD1,ASP,433.0,71.874,-40.351,96.021,-0.76,1.7,38.56
ATOM,5887.0,OD2,ASP,433.0,73.102,-38.772,95.108,-0.76,1.7,33.07
ATOM,5888.0,H,ASP,433.0,75.347,-40.022,97.88,0.31,0.2245,0.07
ATOM,5889.0,HA,ASP,433.0,73.258,-41.805,97.296,0.09,1.32,2.09
ATOM,5890.0,HB2,ASP,433.0,74.993,-40.256,95.658,0.09,1.32,0.0
ATOM,5891.0,HB3,ASP,433.0,74.164,-41.436,94.895,0.09,1.32,0.0
ATOM,5892.0,N,LEU,434.0,76.105,-43.051,96.485,-0.47,1.85,0.0
ATOM,5893.0,CA,LEU,434.0,76.805,-44.297,96.212,0.07,2.275,0.01
ATOM,5894.0,C,LEU,434.0,76.69,-45.25,97.398,0.51,2.0,0.0
ATOM,5895.0,O,LEU,434.0,76.246,-46.389,97.25,-0.51,1.7,0.0
ATOM,5896.0,CB,LEU,434.0,78.281,-44.021,95.921,-0.18,2.175,0.0
ATOM,5897.0,CG,LEU,434.0,78.585,-43.273,94.629,-0.09,2.275,0.0
ATOM,5898.0,CD1,LEU,434.0,79.805,-42.405,94.822,-0.27,2.06,0.21
ATOM,5899.0,CD2,LEU,434.0,78.806,-44.27,93.515,-0.27,2.06,0.08
ATOM,5900.0,H,LEU,434.0,76.579,-42.131,96.561,0.31,0.2245,0.0
ATOM,5901.0,HA,LEU,434.0,76.383,-44.736,95.412,0.09,1.32,0.0
ATOM,5902.0,HB2,LEU,434.0,78.643,-43.476,96.675,0.09,1.32,0.0
ATOM,5903.0,HB3,LEU,434.0,78.752,-44.898,95.878,0.09,1.32,0.0
ATOM,5904.0,HG,LEU,434.0,77.801,-42.703,94.392,0.09,1.32,0.0
ATOM,5905.0,HD11,LEU,434.0,80.593,-42.974,95.067,0.09,1.32,0.0
ATOM,5906.0,HD12,LEU,434.0,80.009,-41.911,93.974,0.09,1.32,0.0
ATOM,5907.0,HD13,LEU,434.0,79.639,-41.743,95.556,0.09,1.32,0.0
ATOM,5908.0,HD21,LEU,434.0,77.983,-44.828,93.39,0.09,1.32,0.08
ATOM,5909.0,HD22,LEU,434.0,79.007,-43.786,92.66,0.09,1.32,0.0
ATOM,5910.0,HD23,LEU,434.0,79.577,-44.868,93.742,0.09,1.32,0.0
ATOM,5911.0,N,LYS,435.0,77.099,-44.778,98.573,-0.47,1.85,0.0
ATOM,5912.0,CA,LYS,435.0,77.045,-45.585,99.78,0.07,2.275,0.0
ATOM,5913.0,C,LYS,435.0,75.671,-46.237,99.908,0.51,2.0,0.0
ATOM,5914.0,O,LYS,435.0,75.559,-47.461,99.959,-0.51,1.7,0.0
ATOM,5915.0,CB,LYS,435.0,77.333,-44.712,101.001,-0.18,2.175,0.0
ATOM,5916.0,CG,LYS,435.0,77.219,-45.432,102.337,-0.18,2.175,0.0
ATOM,5917.0,CD,LYS,435.0,77.363,-44.455,103.496,-0.18,2.175,0.0
ATOM,5918.0,CE,LYS,435.0,76.004,-43.998,104.009,0.21,2.175,8.37
ATOM,5919.0,NZ,LYS,435.0,76.053,-43.499,105.411,-0.3,1.85,12.34
ATOM,5920.0,H,LYS,435.0,77.453,-43.801,98.549,0.31,0.2245,0.0
ATOM,5921.0,HA,LYS,435.0,77.739,-46.308,99.724,0.09,1.32,0.0
ATOM,5922.0,HB2,LYS,435.0,78.264,-44.354,100.917,0.09,1.32,0.0
ATOM,5923.0,HB3,LYS,435.0,76.684,-43.949,101.0,0.09,1.32,0.0
ATOM,5924.0,HG2,LYS,435.0,76.325,-45.872,102.395,0.09,1.32,0.0
ATOM,5925.0,HG3,LYS,435.0,77.94,-46.118,102.401,0.09,1.32,0.0
ATOM,5926.0,HD2,LYS,435.0,77.847,-44.906,104.238,0.09,1.32,0.05
ATOM,5927.0,HD3,LYS,435.0,77.868,-43.658,103.185,0.09,1.32,0.0
ATOM,5928.0,HE2,LYS,435.0,75.662,-43.264,103.41,0.05,1.32,1.04
ATOM,5929.0,HE3,LYS,435.0,75.361,-44.772,103.957,0.05,1.32,1.95
ATOM,5930.0,HZ1,LYS,435.0,76.032,-44.276,106.04,0.33,0.2245,17.38
ATOM,5931.0,HZ2,LYS,435.0,76.895,-42.979,105.548,0.33,0.2245,11.74
ATOM,5932.0,HZ3,LYS,435.0,75.264,-42.909,105.581,0.33,0.2245,19.58
ATOM,5933.0,N,ALA,436.0,74.625,-45.418,99.95,-0.47,1.85,0.0
ATOM,5934.0,CA,ALA,436.0,73.267,-45.933,100.07,0.07,2.275,1.83
ATOM,5935.0,C,ALA,436.0,73.042,-47.038,99.05,0.51,2.0,0.33
ATOM,5936.0,O,ALA,436.0,72.441,-48.066,99.357,-0.51,1.7,1.72
ATOM,5937.0,CB,ALA,436.0,72.267,-44.814,99.854,-0.27,2.06,31.11
ATOM,5938.0,H,ALA,436.0,74.854,-44.41,99.892,0.31,0.2245,0.0
ATOM,5939.0,HA,ALA,436.0,73.145,-46.314,100.99,0.09,1.32,4.05
ATOM,5940.0,HB1,ALA,436.0,72.224,-44.583,98.881,0.09,1.32,2.19
ATOM,5941.0,HB2,ALA,436.0,71.362,-45.107,100.164,0.09,1.32,11.52
ATOM,5942.0,HB3,ALA,436.0,72.548,-44.006,100.373,0.09,1.32,4.58
ATOM,5943.0,N,ASP,437.0,73.531,-46.816,97.833,-0.47,1.85,0.29
ATOM,5944.0,CA,ASP,437.0,73.4,-47.791,96.757,0.07,2.275,3.08
ATOM,5945.0,C,ASP,437.0,74.079,-49.097,97.151,0.51,2.0,0.0
ATOM,5946.0,O,ASP,437.0,73.418,-50.124,97.332,-0.51,1.7,0.0
ATOM,5947.0,CB,ASP,437.0,74.037,-47.251,95.475,-0.28,2.175,1.61
ATOM,5948.0,CG,ASP,437.0,73.647,-48.05,94.248,0.62,2.0,0.0
ATOM,5949.0,OD1,ASP,437.0,72.552,-48.648,94.25,-0.76,1.7,2.8
ATOM,5950.0,OD2,ASP,437.0,74.433,-48.081,93.28,-0.76,1.7,0.08
ATOM,5951.0,H,ASP,437.0,74.009,-45.898,97.718,0.31,0.2245,0.0
ATOM,5952.0,HA,ASP,437.0,72.422,-47.988,96.65,0.09,1.32,2.58
ATOM,5953.0,HB2,ASP,437.0,73.736,-46.312,95.355,0.09,1.32,0.11
ATOM,5954.0,HB3,ASP,437.0,75.023,-47.289,95.582,0.09,1.32,0.23
ATOM,5955.0,N,ILE,438.0,75.401,-49.046,97.286,-0.47,1.85,0.0
ATOM,5956.0,CA,ILE,438.0,76.187,-50.218,97.659,0.07,2.275,0.0
ATOM,5957.0,C,ILE,438.0,75.549,-50.985,98.812,0.51,2.0,0.0
ATOM,5958.0,O,ILE,438.0,75.331,-52.185,98.717,-0.51,1.7,0.0
ATOM,5959.0,CB,ILE,438.0,77.624,-49.823,98.072,-0.09,2.275,0.0
ATOM,5960.0,CG1,ILE,438.0,78.341,-49.174,96.887,-0.18,2.175,0.1
ATOM,5961.0,CG2,ILE,438.0,78.383,-51.054,98.577,-0.27,2.06,0.0
ATOM,5962.0,CD1,ILE,438.0,79.858,-49.167,96.998,-0.27,2.06,0.0
ATOM,5963.0,H,ILE,438.0,75.82,-48.111,97.105,0.31,0.2245,0.0
ATOM,5964.0,HA,ILE,438.0,76.172,-50.833,96.861,0.09,1.32,0.0
ATOM,5965.0,HB,ILE,438.0,77.557,-49.153,98.799,0.09,1.32,0.0
ATOM,5966.0,HG12,ILE,438.0,78.082,-49.662,96.053,0.09,1.32,0.0
ATOM,5967.0,HG13,ILE,438.0,78.025,-48.227,96.809,0.09,1.32,0.0
ATOM,5968.0,HG21,ILE,438.0,79.296,-50.78,98.868,0.09,1.32,0.0
ATOM,5969.0,HG22,ILE,438.0,77.89,-51.451,99.347,0.09,1.32,0.0
ATOM,5970.0,HG23,ILE,438.0,78.451,-51.723,97.841,0.09,1.32,0.0
ATOM,5971.0,HD11,ILE,438.0,80.186,-50.107,97.061,0.09,1.32,0.0
ATOM,5972.0,HD12,ILE,438.0,80.243,-48.728,96.189,0.09,1.32,0.0
ATOM,5973.0,HD13,ILE,438.0,80.124,-48.661,97.816,0.09,1.32,0.0
ATOM,5974.0,N,LEU,439.0,75.25,-50.282,99.897,-0.47,1.85,0.0
ATOM,5975.0,CA,LEU,439.0,74.646,-50.904,101.072,0.07,2.275,0.0
ATOM,5976.0,C,LEU,439.0,73.32,-51.575,100.743,0.51,2.0,0.24
ATOM,5977.0,O,LEU,439.0,73.133,-52.77,100.996,-0.51,1.7,2.47
ATOM,5978.0,CB,LEU,439.0,74.438,-49.858,102.173,-0.18,2.175,5.54
ATOM,5979.0,CG,LEU,439.0,75.738,-49.363,102.817,-0.09,2.275,0.0
ATOM,5980.0,CD1,LEU,439.0,75.503,-48.042,103.532,-0.27,2.06,10.88
ATOM,5981.0,CD2,LEU,439.0,76.254,-50.423,103.779,-0.27,2.06,7.56
ATOM,5982.0,H,LEU,439.0,75.478,-49.27,99.84,0.31,0.2245,0.0
ATOM,5983.0,HA,LEU,439.0,75.281,-51.608,101.423,0.09,1.32,0.0
ATOM,5984.0,HB2,LEU,439.0,73.99,-49.076,101.77,0.09,1.32,0.0
ATOM,5985.0,HB3,LEU,439.0,73.891,-50.267,102.884,0.09,1.32,7.64
ATOM,5986.0,HG,LEU,439.0,76.425,-49.238,102.103,0.09,1.32,0.0
ATOM,5987.0,HD11,LEU,439.0,74.812,-48.165,104.245,0.09,1.32,9.92
ATOM,5988.0,HD12,LEU,439.0,76.358,-47.729,103.948,0.09,1.32,0.4
ATOM,5989.0,HD13,LEU,439.0,75.184,-47.358,102.875,0.09,1.32,0.0
ATOM,5990.0,HD21,LEU,439.0,76.429,-51.272,103.279,0.09,1.32,0.0
ATOM,5991.0,HD22,LEU,439.0,77.103,-50.105,104.203,0.09,1.32,0.0
ATOM,5992.0,HD23,LEU,439.0,75.57,-50.591,104.49,0.09,1.32,9.41
ATOM,5993.0,N,GLN,440.0,72.401,-50.797,100.181,-0.47,1.85,0.73
ATOM,5994.0,CA,GLN,440.0,71.094,-51.314,99.815,0.07,2.275,3.28
ATOM,5995.0,C,GLN,440.0,71.279,-52.539,98.934,0.51,2.0,0.0
ATOM,5996.0,O,GLN,440.0,70.422,-53.416,98.879,-0.51,1.7,2.41
ATOM,5997.0,CB,GLN,440.0,70.293,-50.243,99.075,-0.18,2.175,7.27
ATOM,5998.0,CG,GLN,440.0,69.317,-50.801,98.062,-0.18,2.175,15.45
ATOM,5999.0,CD,GLN,440.0,69.974,-51.06,96.728,0.55,2.0,0.59
ATOM,6000.0,H,GLN,440.0,72.694,-49.813,100.032,0.31,0.2245,0.0
ATOM,6001.0,HA,GLN,440.0,70.627,-51.604,100.65,0.09,1.32,0.57
ATOM,6002.0,HB2,GLN,440.0,69.777,-49.708,99.747,0.09,1.32,11.83
ATOM,6003.0,HB3,GLN,440.0,70.933,-49.639,98.595,0.09,1.32,0.0
ATOM,6004.0,HG2,GLN,440.0,68.948,-51.661,98.41,0.09,1.32,3.16
ATOM,6005.0,HG3,GLN,440.0,68.576,-50.144,97.933,0.09,1.32,10.67
ATOM,6006.0,OE1,GLN,440.0,71.012,-50.474,96.416,-0.55,1.7,0.97
ATOM,6007.0,NE2,GLN,440.0,69.376,-51.942,95.929,-0.62,1.85,2.31
ATOM,6008.0,HE21,GLN,440.0,69.753,-52.157,95.011,0.32,0.2245,0.1
ATOM,6009.0,HE22,GLN,440.0,68.528,-52.402,96.257,0.3,0.2245,14.82
ATOM,6010.0,N,ALA,441.0,72.404,-52.593,98.24,-0.47,1.85,0.0
ATOM,6011.0,CA,ALA,441.0,72.683,-53.729,97.382,0.07,2.275,0.0
ATOM,6012.0,C,ALA,441.0,72.989,-54.965,98.226,0.51,2.0,0.0
ATOM,6013.0,O,ALA,441.0,72.279,-55.965,98.137,-0.51,1.7,0.0
ATOM,6014.0,CB,ALA,441.0,73.848,-53.415,96.467,-0.27,2.06,0.0
ATOM,6015.0,H,ALA,441.0,73.038,-51.788,98.359,0.31,0.2245,0.0
ATOM,6016.0,HA,ALA,441.0,71.874,-53.922,96.818,0.09,1.32,0.0
ATOM,6017.0,HB1,ALA,441.0,73.559,-52.766,95.762,0.09,1.32,0.0
ATOM,6018.0,HB2,ALA,441.0,74.596,-53.013,96.997,0.09,1.32,0.0
ATOM,6019.0,HB3,ALA,441.0,74.17,-54.256,96.029,0.09,1.32,0.0
ATOM,6020.0,N,LEU,442.0,74.039,-54.893,99.044,-0.47,1.85,0.0
ATOM,6021.0,CA,LEU,442.0,74.426,-56.012,99.903,0.07,2.275,0.0
ATOM,6022.0,C,LEU,442.0,73.212,-56.45,100.702,0.51,2.0,0.0
ATOM,6023.0,O,LEU,442.0,73.1,-57.604,101.116,-0.51,1.7,0.0
ATOM,6024.0,CB,LEU,442.0,75.536,-55.599,100.871,-0.18,2.175,0.0
ATOM,6025.0,CG,LEU,442.0,76.805,-54.974,100.286,-0.09,2.275,0.0
ATOM,6026.0,CD1,LEU,442.0,76.845,-53.499,100.637,-0.27,2.06,0.0
ATOM,6027.0,CD2,LEU,442.0,78.039,-55.671,100.83,-0.27,2.06,0.0
ATOM,6028.0,H,LEU,442.0,74.549,-53.989,99.019,0.31,0.2245,0.0
ATOM,6029.0,HA,LEU,442.0,74.72,-56.77,99.325,0.09,1.32,0.0
ATOM,6030.0,HB2,LEU,442.0,75.148,-54.932,101.514,0.09,1.32,0.07
ATOM,6031.0,HB3,LEU,442.0,75.816,-56.416,101.381,0.09,1.32,0.0
ATOM,6032.0,HG,LEU,442.0,76.792,-55.082,99.297,0.09,1.32,0.0
ATOM,6033.0,HD11,LEU,442.0,76.847,-53.389,101.632,0.09,1.32,0.0
ATOM,6034.0,HD12,LEU,442.0,77.673,-53.085,100.257,0.09,1.32,0.0
ATOM,6035.0,HD13,LEU,442.0,76.041,-53.04,100.256,0.09,1.32,0.0
ATOM,6036.0,HD21,LEU,442.0,78.013,-56.642,100.585,0.09,1.32,0.0
ATOM,6037.0,HD22,LEU,442.0,78.861,-55.253,100.44,0.09,1.32,0.0
ATOM,6038.0,HD23,LEU,442.0,78.064,-55.582,101.827,0.09,1.32,0.0
ATOM,6039.0,N,ASP,443.0,72.302,-55.506,100.908,-0.47,1.85,0.21
ATOM,6040.0,CA,ASP,443.0,71.077,-55.743,101.657,0.07,2.275,0.99
ATOM,6041.0,C,ASP,443.0,70.312,-56.998,101.241,0.51,2.0,0.11
ATOM,6042.0,O,ASP,443.0,69.673,-57.64,102.073,-0.51,1.7,19.48
ATOM,6043.0,CB,ASP,443.0,70.155,-54.531,101.517,-0.28,2.175,1.25
ATOM,6044.0,CG,ASP,443.0,69.571,-54.089,102.838,0.62,2.0,3.94
ATOM,6045.0,OD1,ASP,443.0,70.077,-54.547,103.885,-0.76,1.7,35.08
ATOM,6046.0,OD2,ASP,443.0,68.608,-53.288,102.83,-0.76,1.7,42.54
ATOM,6047.0,H,ASP,443.0,72.541,-54.578,100.486,0.31,0.2245,0.0
ATOM,6048.0,HA,ASP,443.0,71.342,-55.871,102.634,0.09,1.32,0.93
ATOM,6049.0,HB2,ASP,443.0,70.688,-53.784,101.134,0.09,1.32,0.0
ATOM,6050.0,HB3,ASP,443.0,69.414,-54.779,100.904,0.09,1.32,5.12
ATOM,6051.0,N,SER,444.0,70.382,-57.347,99.959,-0.47,1.85,0.0
ATOM,6052.0,CA,SER,444.0,69.656,-58.504,99.43,0.07,2.275,1.97
ATOM,6053.0,C,SER,444.0,70.406,-59.839,99.412,0.51,2.0,0.07
ATOM,6054.0,O,SER,444.0,69.789,-60.898,99.284,-0.51,1.7,18.39
ATOM,6055.0,CB,SER,444.0,69.173,-58.19,98.018,0.05,2.175,24.15
ATOM,6056.0,OG,SER,444.0,70.248,-57.699,97.239,-0.66,1.77,1.12
ATOM,6057.0,H,SER,444.0,70.987,-56.738,99.373,0.31,0.2245,0.0
ATOM,6058.0,HA,SER,444.0,68.814,-58.632,100.008,0.09,1.32,8.53
ATOM,6059.0,HB2,SER,444.0,68.825,-59.021,97.604,0.09,1.32,4.45
ATOM,6060.0,HB3,SER,444.0,68.465,-57.497,98.067,0.09,1.32,10.57
ATOM,6061.0,HG,SER,444.0,70.823,-57.104,97.8,0.43,0.2245,0.0
ATOM,6062.0,N,ILE,445.0,71.728,-59.795,99.523,-0.47,1.85,0.0
ATOM,6063.0,CA,ILE,445.0,72.52,-61.019,99.522,0.07,2.275,0.19
ATOM,6064.0,C,ILE,445.0,72.204,-61.831,100.782,0.34,2.0,0.02
ATOM,6065.0,O,ILE,445.0,71.777,-62.996,100.629,-0.67,1.7,33.59
ATOM,6066.0,CB,ILE,445.0,74.041,-60.694,99.473,-0.09,2.275,0.0
ATOM,6067.0,CG1,ILE,445.0,74.577,-60.886,98.049,-0.18,2.175,0.0
ATOM,6068.0,CG2,ILE,445.0,74.808,-61.587,100.444,-0.27,2.06,5.88
ATOM,6069.0,CD1,ILE,445.0,76.067,-60.583,97.907,-0.27,2.06,0.0
ATOM,6070.0,OXT,ILE,445.0,72.288,-61.559,101.955,-0.67,1.7,13.07
ATOM,6071.0,H,ILE,445.0,72.133,-58.848,99.607,0.31,0.2245,0.0
ATOM,6072.0,HA,ILE,445.0,72.201,-61.563,98.748,0.09,1.32,0.18
ATOM,6073.0,HB,ILE,445.0,74.152,-59.741,99.721,0.09,1.32,0.0
ATOM,6074.0,HG12,ILE,445.0,74.415,-61.83,97.773,0.09,1.32,0.05
ATOM,6075.0,HG13,ILE,445.0,74.072,-60.279,97.439,0.09,1.32,0.0
ATOM,6076.0,HG21,ILE,445.0,75.776,-61.346,100.422,0.09,1.32,0.0
ATOM,6077.0,HG22,ILE,445.0,74.452,-61.455,101.367,0.09,1.32,0.0
ATOM,6078.0,HG23,ILE,445.0,74.695,-62.542,100.176,0.09,1.32,2.08
ATOM,6079.0,HD11,ILE,445.0,76.58,-61.192,98.506,0.09,1.32,0.0
ATOM,6080.0,HD12,ILE,445.0,76.339,-60.73,96.959,0.09,1.32,0.0
ATOM,6081.0,HD13,ILE,445.0,76.231,-59.634,98.165,0.09,1.32,0.0
