atom,serial,name,resname,resid,x,y,z,charges,radius,sasa
ATOM,1.0,N,ILE,2.0,54.224,46.709,-6.097,-0.47,1.85,19.36
ATOM,2.0,CA,ILE,2.0,54.192,45.534,-5.228,0.07,2.275,1.68
ATOM,3.0,C,ILE,2.0,52.818,45.407,-4.579,0.51,2.0,0.0
ATOM,4.0,O,ILE,2.0,51.992,46.318,-4.664,-0.51,1.7,0.1
ATOM,5.0,CB,ILE,2.0,55.254,45.646,-4.122,-0.09,2.275,1.18
ATOM,6.0,CG1,ILE,2.0,54.983,46.883,-3.255,-0.18,2.175,0.25
ATOM,7.0,CG2,ILE,2.0,56.66,45.692,-4.717,-0.27,2.06,35.6
ATOM,8.0,CD1,ILE,2.0,56.003,47.068,-2.111,-0.27,2.06,26.7
ATOM,9.0,H,ILE,2.0,53.46,47.34,-6.247,0.31,0.2245,8.5
ATOM,10.0,HA,ILE,2.0,54.301,44.739,-5.826,0.09,1.32,3.06
ATOM,11.0,HB,ILE,2.0,55.181,44.844,-3.542,0.09,1.32,4.57
ATOM,12.0,HG12,ILE,2.0,55.01,47.692,-3.831,0.09,1.32,0.65
ATOM,13.0,HG13,ILE,2.0,54.079,46.795,-2.85,0.09,1.32,0.0
ATOM,14.0,HG21,ILE,2.0,57.331,45.72,-3.979,0.09,1.32,5.53
ATOM,15.0,HG22,ILE,2.0,56.81,44.878,-5.275,0.09,1.32,10.69
ATOM,16.0,HG23,ILE,2.0,56.753,46.508,-5.284,0.09,1.32,7.4
ATOM,17.0,HD11,ILE,2.0,56.909,47.165,-2.508,0.09,1.32,5.69
ATOM,18.0,HD12,ILE,2.0,55.76,47.885,-1.6,0.09,1.32,6.31
ATOM,19.0,HD13,ILE,2.0,55.966,46.268,-1.523,0.09,1.32,4.96
ATOM,20.0,N,GLU,3.0,52.601,44.3,-3.887,-0.47,1.85,0.0
ATOM,21.0,CA,GLU,3.0,51.311,43.977,-3.292,0.07,2.275,0.0
ATOM,22.0,C,GLU,3.0,50.75,44.95,-2.28,0.51,2.0,0.0
ATOM,23.0,O,GLU,3.0,49.532,45.197,-2.256,-0.51,1.7,0.0
ATOM,24.0,CB,GLU,3.0,51.355,42.585,-2.665,-0.18,2.175,3.35
ATOM,25.0,CG,GLU,3.0,51.022,41.498,-3.668,-0.28,2.175,2.79
ATOM,26.0,CD,GLU,3.0,50.794,40.154,-3.001,0.62,2.0,3.11
ATOM,27.0,OE1,GLU,3.0,50.635,40.13,-1.742,-0.76,1.7,30.03
ATOM,28.0,OE2,GLU,3.0,50.784,39.133,-3.739,-0.76,1.7,25.96
ATOM,29.0,H,GLU,3.0,53.437,43.673,-3.803,0.31,0.2245,4.96
ATOM,30.0,HA,GLU,3.0,50.619,43.845,-4.053,0.09,1.32,0.0
ATOM,31.0,HB2,GLU,3.0,52.265,42.429,-2.346,0.09,1.32,7.33
ATOM,32.0,HB3,GLU,3.0,50.684,42.554,-1.956,0.09,1.32,1.94
ATOM,33.0,HG2,GLU,3.0,50.192,41.744,-4.128,0.09,1.32,0.0
ATOM,34.0,HG3,GLU,3.0,51.78,41.398,-4.282,0.09,1.32,1.66
ATOM,35.0,N,LYS,4.0,51.62,45.493,-1.435,-0.47,1.85,0.0
ATOM,36.0,CA,LYS,4.0,51.185,46.436,-0.423,0.07,2.275,0.32
ATOM,37.0,C,LYS,4.0,50.628,47.682,-1.1,0.51,2.0,0.0
ATOM,38.0,O,LYS,4.0,49.782,48.391,-0.547,-0.51,1.7,2.93
ATOM,39.0,CB,LYS,4.0,52.345,46.792,0.523,-0.18,2.175,6.99
ATOM,40.0,CG,LYS,4.0,52.93,45.607,1.277,-0.18,2.175,6.99
ATOM,41.0,CD,LYS,4.0,54.065,46.032,2.19,-0.18,2.175,8.52
ATOM,42.0,CE,LYS,4.0,54.665,44.871,2.952,0.21,2.175,19.21
ATOM,43.0,NZ,LYS,4.0,55.769,45.333,3.829,-0.3,1.85,14.48
ATOM,44.0,H,LYS,4.0,52.601,45.191,-1.562,0.31,0.2245,0.3
ATOM,45.0,HA,LYS,4.0,50.459,46.019,0.127,0.09,1.32,0.58
ATOM,46.0,HB2,LYS,4.0,53.071,47.208,-0.023,0.09,1.32,0.1
ATOM,47.0,HB3,LYS,4.0,52.006,47.455,1.19,0.09,1.32,8.85
ATOM,48.0,HG2,LYS,4.0,52.209,45.185,1.83,0.09,1.32,9.41
ATOM,49.0,HG3,LYS,4.0,53.275,44.939,0.617,0.09,1.32,3.24
ATOM,50.0,HD2,LYS,4.0,54.783,46.455,1.635,0.09,1.32,3.24
ATOM,51.0,HD3,LYS,4.0,53.717,46.7,2.848,0.09,1.32,9.39
ATOM,52.0,HE2,LYS,4.0,53.955,44.445,3.513,0.05,1.32,10.84
ATOM,53.0,HE3,LYS,4.0,55.02,44.2,2.301,0.05,1.32,10.81
ATOM,54.0,HZ1,LYS,4.0,55.808,44.76,4.647,0.33,0.2245,20.58
ATOM,55.0,HZ2,LYS,4.0,56.637,45.268,3.335,0.33,0.2245,20.34
ATOM,56.0,HZ3,LYS,4.0,55.608,46.284,4.095,0.33,0.2245,15.83
ATOM,57.0,N,ASP,5.0,51.102,47.967,-2.303,-0.47,1.85,0.0
ATOM,58.0,CA,ASP,5.0,50.611,49.148,-2.992,0.07,2.275,0.0
ATOM,59.0,C,ASP,5.0,49.202,48.842,-3.568,0.51,2.0,0.34
ATOM,60.0,O,ASP,5.0,48.382,49.734,-3.675,-0.51,1.7,0.17
ATOM,61.0,CB,ASP,5.0,51.61,49.637,-4.058,-0.28,2.175,5.4
ATOM,62.0,CG,ASP,5.0,52.852,50.321,-3.463,0.62,2.0,0.0
ATOM,63.0,OD1,ASP,5.0,52.855,50.742,-2.273,-0.76,1.7,14.22
ATOM,64.0,OD2,ASP,5.0,53.897,50.513,-4.137,-0.76,1.7,22.91
ATOM,65.0,H,ASP,5.0,51.8,47.322,-2.678,0.31,0.2245,0.0
ATOM,66.0,HA,ASP,5.0,50.486,49.869,-2.315,0.09,1.32,0.0
ATOM,67.0,HB2,ASP,5.0,51.909,48.849,-4.584,0.09,1.32,0.0
ATOM,68.0,HB3,ASP,5.0,51.143,50.29,-4.642,0.09,1.32,0.2
ATOM,69.0,N,VAL,6.0,48.932,47.582,-3.905,-0.47,1.85,0.0
ATOM,70.0,CA,VAL,6.0,47.605,47.158,-4.368,0.07,2.275,0.31
ATOM,71.0,C,VAL,6.0,46.615,47.219,-3.21,0.51,2.0,0.0
ATOM,72.0,O,VAL,6.0,45.466,47.618,-3.375,-0.51,1.7,0.0
ATOM,73.0,CB,VAL,6.0,47.616,45.706,-4.927,-0.09,2.275,0.0
ATOM,74.0,CG1,VAL,6.0,46.198,45.251,-5.334,-0.27,2.06,0.0
ATOM,75.0,CG2,VAL,6.0,48.523,45.615,-6.135,-0.27,2.06,3.7
ATOM,76.0,H,VAL,6.0,49.736,46.926,-3.813,0.31,0.2245,0.0
ATOM,77.0,HA,VAL,6.0,47.302,47.802,-5.071,0.09,1.32,0.01
ATOM,78.0,HB,VAL,6.0,47.91,45.103,-4.193,0.09,1.32,0.0
ATOM,79.0,HG11,VAL,6.0,45.533,45.693,-4.738,0.09,1.32,0.0
ATOM,80.0,HG12,VAL,6.0,46.034,45.513,-6.281,0.09,1.32,0.0
ATOM,81.0,HG13,VAL,6.0,46.136,44.261,-5.238,0.09,1.32,0.0
ATOM,82.0,HG21,VAL,6.0,48.348,46.39,-6.744,0.09,1.32,1.2
ATOM,83.0,HG22,VAL,6.0,49.479,45.634,-5.838,0.09,1.32,0.0
ATOM,84.0,HG23,VAL,6.0,48.343,44.76,-6.624,0.09,1.32,0.0
ATOM,85.0,N,VAL,7.0,47.06,46.816,-2.026,-0.47,1.85,0.0
ATOM,86.0,CA,VAL,7.0,46.229,46.96,-0.849,0.07,2.275,0.02
ATOM,87.0,C,VAL,7.0,45.744,48.425,-0.686,0.51,2.0,0.0
ATOM,88.0,O,VAL,7.0,44.586,48.644,-0.283,-0.51,1.7,1.35
ATOM,89.0,CB,VAL,7.0,46.968,46.499,0.427,-0.09,2.275,0.53
ATOM,90.0,CG1,VAL,7.0,46.188,46.864,1.694,-0.27,2.06,31.57
ATOM,91.0,CG2,VAL,7.0,47.244,45.014,0.379,-0.27,2.06,14.67
ATOM,92.0,H,VAL,7.0,48.007,46.411,-2.024,0.31,0.2245,0.0
ATOM,93.0,HA,VAL,7.0,45.409,46.388,-0.958,0.09,1.32,0.23
ATOM,94.0,HB,VAL,7.0,47.835,46.991,0.47,0.09,1.32,0.0
ATOM,95.0,HG11,VAL,7.0,46.823,46.944,2.46,0.09,1.32,11.46
ATOM,96.0,HG12,VAL,7.0,45.72,47.734,1.553,0.09,1.32,0.35
ATOM,97.0,HG13,VAL,7.0,45.518,46.149,1.886,0.09,1.32,6.06
ATOM,98.0,HG21,VAL,7.0,46.811,44.618,-0.433,0.09,1.32,0.0
ATOM,99.0,HG22,VAL,7.0,48.232,44.858,0.337,0.09,1.32,1.17
ATOM,100.0,HG23,VAL,7.0,46.873,44.577,1.2,0.09,1.32,7.69
ATOM,101.0,N,GLN,8.0,46.594,49.42,-0.976,-0.47,1.85,0.0
ATOM,102.0,CA,GLN,8.0,46.133,50.811,-0.879,0.07,2.275,0.62
ATOM,103.0,C,GLN,8.0,45.1,51.187,-1.923,0.51,2.0,0.06
ATOM,104.0,O,GLN,8.0,44.157,51.871,-1.602,-0.51,1.7,2.4
ATOM,105.0,CB,GLN,8.0,47.227,51.856,-1.065,-0.18,2.175,3.54
ATOM,106.0,CG,GLN,8.0,48.532,51.615,-0.459,-0.18,2.175,4.74
ATOM,107.0,CD,GLN,8.0,49.289,52.927,-0.232,0.55,2.0,1.14
ATOM,108.0,H,GLN,8.0,47.533,49.139,-1.253,0.31,0.2245,0.0
ATOM,109.0,HA,GLN,8.0,45.709,50.927,0.039,0.09,1.32,3.06
ATOM,110.0,HB2,GLN,8.0,47.348,51.994,-2.077,0.09,1.32,0.0
ATOM,111.0,HB3,GLN,8.0,46.856,52.752,-0.717,0.09,1.32,1.65
ATOM,112.0,HG2,GLN,8.0,48.431,51.173,0.432,0.09,1.32,8.24
ATOM,113.0,HG3,GLN,8.0,49.097,51.045,-1.054,0.09,1.32,0.0
ATOM,114.0,OE1,GLN,8.0,50.524,52.917,-0.05,-0.55,1.7,25.63
ATOM,115.0,NE2,GLN,8.0,48.557,54.06,-0.222,-0.62,1.85,21.39
ATOM,116.0,HE21,GLN,8.0,48.992,54.947,-0.065,0.32,0.2245,20.45
ATOM,117.0,HE22,GLN,8.0,47.555,53.981,-0.38,0.3,0.2245,8.94
ATOM,118.0,N,ILE,9.0,45.319,50.816,-3.184,-0.47,1.85,0.0
ATOM,119.0,CA,ILE,9.0,44.325,51.098,-4.206,0.07,2.275,0.06
ATOM,120.0,C,ILE,9.0,42.962,50.58,-3.738,0.51,2.0,0.0
ATOM,121.0,O,ILE,9.0,41.964,51.301,-3.787,-0.51,1.7,0.0
ATOM,122.0,CB,ILE,9.0,44.714,50.403,-5.517,-0.09,2.275,0.0
ATOM,123.0,CG1,ILE,9.0,45.974,51.053,-6.083,-0.18,2.175,3.11
ATOM,124.0,CG2,ILE,9.0,43.561,50.466,-6.535,-0.27,2.06,0.0
ATOM,125.0,CD1,ILE,9.0,45.719,52.527,-6.461,-0.27,2.06,7.21
ATOM,126.0,H,ILE,9.0,46.211,50.337,-3.356,0.31,0.2245,0.0
ATOM,127.0,HA,ILE,9.0,44.245,52.092,-4.261,0.09,1.32,0.28
ATOM,128.0,HB,ILE,9.0,44.921,49.455,-5.314,0.09,1.32,0.0
ATOM,129.0,HG12,ILE,9.0,46.687,51.025,-5.404,0.09,1.32,0.0
ATOM,130.0,HG13,ILE,9.0,46.246,50.57,-6.898,0.09,1.32,0.72
ATOM,131.0,HG21,ILE,9.0,43.832,49.983,-7.363,0.09,1.32,0.0
ATOM,132.0,HG22,ILE,9.0,42.755,50.036,-6.14,0.09,1.32,0.0
ATOM,133.0,HG23,ILE,9.0,43.367,51.419,-6.747,0.09,1.32,0.0
ATOM,134.0,HD11,ILE,9.0,45.438,53.019,-5.644,0.09,1.32,3.93
ATOM,135.0,HD12,ILE,9.0,46.561,52.911,-6.824,0.09,1.32,0.0
ATOM,136.0,HD13,ILE,9.0,45.001,52.558,-7.148,0.09,1.32,0.0
ATOM,137.0,N,LEU,10.0,42.91,49.355,-3.232,-0.47,1.85,0.0
ATOM,138.0,CA,LEU,10.0,41.607,48.809,-2.848,0.07,2.275,0.0
ATOM,139.0,C,LEU,10.0,40.99,49.534,-1.634,0.51,2.0,0.28
ATOM,140.0,O,LEU,10.0,39.779,49.651,-1.51,-0.51,1.7,1.46
ATOM,141.0,CB,LEU,10.0,41.678,47.299,-2.613,-0.18,2.175,1.25
ATOM,142.0,CG,LEU,10.0,41.817,46.468,-3.905,-0.09,2.275,0.0
ATOM,143.0,CD1,LEU,10.0,42.329,45.065,-3.624,-0.27,2.06,0.0
ATOM,144.0,CD2,LEU,10.0,40.496,46.403,-4.696,-0.27,2.06,0.0
ATOM,145.0,H,LEU,10.0,43.794,48.862,-3.14,0.31,0.2245,0.0
ATOM,146.0,HA,LEU,10.0,40.971,48.912,-3.628,0.09,1.32,0.0
ATOM,147.0,HB2,LEU,10.0,42.471,47.11,-2.058,0.09,1.32,0.15
ATOM,148.0,HB3,LEU,10.0,40.844,47.015,-2.171,0.09,1.32,0.31
ATOM,149.0,HG,LEU,10.0,42.454,46.941,-4.521,0.09,1.32,0.0
ATOM,150.0,HD11,LEU,10.0,41.692,44.591,-3.015,0.09,1.32,0.0
ATOM,151.0,HD12,LEU,10.0,42.406,44.558,-4.483,0.09,1.32,0.0
ATOM,152.0,HD13,LEU,10.0,43.228,45.117,-3.188,0.09,1.32,0.0
ATOM,153.0,HD21,LEU,10.0,40.22,47.329,-4.945,0.09,1.32,0.0
ATOM,154.0,HD22,LEU,10.0,40.637,45.857,-5.519,0.09,1.32,0.0
ATOM,155.0,HD23,LEU,10.0,39.795,45.982,-4.124,0.09,1.32,0.0
ATOM,156.0,N,LYS,11.0,41.83,50.039,-0.752,-0.47,1.85,0.44
ATOM,157.0,CA,LYS,11.0,41.341,50.771,0.424,0.07,2.275,2.35
ATOM,158.0,C,LYS,11.0,40.746,52.118,-0.01,0.51,2.0,0.0
ATOM,159.0,O,LYS,11.0,39.81,52.624,0.611,-0.51,1.7,0.0
ATOM,160.0,CB,LYS,11.0,42.481,50.953,1.429,-0.18,2.175,2.4
ATOM,161.0,CG,LYS,11.0,42.253,51.995,2.507,-0.18,2.175,5.58
ATOM,162.0,CD,LYS,11.0,41.664,51.397,3.788,-0.18,2.175,9.28
ATOM,163.0,CE,LYS,11.0,41.383,52.486,4.828,0.21,2.175,10.59
ATOM,164.0,NZ,LYS,11.0,41.04,51.855,6.165,-0.3,1.85,14.68
ATOM,165.0,H,LYS,11.0,42.833,49.884,-0.947,0.31,0.2245,0.0
ATOM,166.0,HA,LYS,11.0,40.623,50.232,0.866,0.09,1.32,3.03
ATOM,167.0,HB2,LYS,11.0,42.644,50.067,1.877,0.09,1.32,4.59
ATOM,168.0,HB3,LYS,11.0,43.309,51.206,0.915,0.09,1.32,0.0
ATOM,169.0,HG2,LYS,11.0,43.128,52.433,2.735,0.09,1.32,10.41
ATOM,170.0,HG3,LYS,11.0,41.621,52.695,2.163,0.09,1.32,0.0
ATOM,171.0,HD2,LYS,11.0,40.81,50.945,3.567,0.09,1.32,4.34
ATOM,172.0,HD3,LYS,11.0,42.315,50.756,4.172,0.09,1.32,8.68
ATOM,173.0,HE2,LYS,11.0,42.192,53.049,4.939,0.05,1.32,8.31
ATOM,174.0,HE3,LYS,11.0,40.613,53.035,4.527,0.05,1.32,0.54
ATOM,175.0,HZ1,LYS,11.0,40.849,52.581,6.818,0.33,0.2245,20.33
ATOM,176.0,HZ2,LYS,11.0,40.239,51.277,6.046,0.33,0.2245,17.87
ATOM,177.0,HZ3,LYS,11.0,41.817,51.312,6.468,0.33,0.2245,17.76
ATOM,178.0,N,ALA,12.0,41.266,52.678,-1.097,-0.47,1.85,0.15
ATOM,179.0,CA,ALA,12.0,40.761,53.95,-1.606,0.07,2.275,0.24
ATOM,180.0,C,ALA,12.0,39.389,53.773,-2.29,0.51,2.0,0.0
ATOM,181.0,O,ALA,12.0,38.465,54.599,-2.107,-0.51,1.7,0.06
ATOM,182.0,CB,ALA,12.0,41.79,54.606,-2.549,-0.27,2.06,18.35
ATOM,183.0,H,ALA,12.0,42.038,52.149,-1.538,0.31,0.2245,0.0
ATOM,184.0,HA,ALA,12.0,40.647,54.589,-0.837,0.09,1.32,0.0
ATOM,185.0,HB1,ALA,12.0,42.462,53.923,-2.821,0.09,1.32,0.0
ATOM,186.0,HB2,ALA,12.0,41.316,54.955,-3.353,0.09,1.32,0.0
ATOM,187.0,HB3,ALA,12.0,42.24,55.353,-2.068,0.09,1.32,8.62
ATOM,188.0,N,VAL,13.0,39.248,52.705,-3.061,-0.47,1.85,0.0
ATOM,189.0,CA,VAL,13.0,37.988,52.431,-3.719,0.07,2.275,0.0
ATOM,190.0,C,VAL,13.0,36.909,52.323,-2.637,0.51,2.0,0.0
ATOM,191.0,O,VAL,13.0,35.793,52.889,-2.727,-0.51,1.7,0.0
ATOM,192.0,CB,VAL,13.0,38.056,51.106,-4.508,-0.09,2.275,0.0
ATOM,193.0,CG1,VAL,13.0,36.66,50.714,-5.022,-0.27,2.06,0.0
ATOM,194.0,CG2,VAL,13.0,39.045,51.214,-5.672,-0.27,2.06,0.0
ATOM,195.0,H,VAL,13.0,40.088,52.109,-3.146,0.31,0.2245,0.0
ATOM,196.0,HA,VAL,13.0,37.756,53.204,-4.302,0.09,1.32,0.0
ATOM,197.0,HB,VAL,13.0,38.339,50.391,-3.88,0.09,1.32,0.0
ATOM,198.0,HG11,VAL,13.0,35.973,51.024,-4.369,0.09,1.32,0.0
ATOM,199.0,HG12,VAL,13.0,36.505,51.147,-5.907,0.09,1.32,0.0
ATOM,200.0,HG13,VAL,13.0,36.614,49.722,-5.117,0.09,1.32,0.0
ATOM,201.0,HG21,VAL,13.0,38.93,52.101,-6.115,0.09,1.32,0.0
ATOM,202.0,HG22,VAL,13.0,39.975,51.129,-5.318,0.09,1.32,0.0
ATOM,203.0,HG23,VAL,13.0,38.861,50.481,-6.324,0.09,1.32,0.0
ATOM,204.0,N,SER,14.0,37.26,51.624,-1.573,-0.47,1.85,0.0
ATOM,205.0,CA,SER,14.0,36.343,51.467,-0.455,0.07,2.275,0.08
ATOM,206.0,C,SER,14.0,36.042,52.793,0.255,0.51,2.0,0.0
ATOM,207.0,O,SER,14.0,34.935,53.01,0.759,-0.51,1.7,2.56
ATOM,208.0,CB,SER,14.0,36.879,50.385,0.506,0.05,2.175,9.16
ATOM,209.0,OG,SER,14.0,36.311,50.544,1.798,-0.66,1.77,18.56
ATOM,210.0,H,SER,14.0,38.207,51.213,-1.602,0.31,0.2245,0.0
ATOM,211.0,HA,SER,14.0,35.466,51.108,-0.813,0.09,1.32,0.0
ATOM,212.0,HB2,SER,14.0,36.632,49.495,0.148,0.09,1.32,1.18
ATOM,213.0,HB3,SER,14.0,37.864,50.48,0.569,0.09,1.32,0.0
ATOM,214.0,HG,SER,14.0,35.548,49.909,1.905,0.43,0.2245,15.7
ATOM,215.0,N,GLU,15.0,37.006,53.703,0.308,-0.47,1.85,0.0
ATOM,216.0,CA,GLU,15.0,36.717,54.983,0.951,0.07,2.275,0.63
ATOM,217.0,C,GLU,15.0,35.729,55.796,0.091,0.51,2.0,0.32
ATOM,218.0,O,GLU,15.0,34.851,56.476,0.629,-0.51,1.7,15.02
ATOM,219.0,CB,GLU,15.0,38.007,55.784,1.248,-0.18,2.175,8.45
ATOM,220.0,CG,GLU,15.0,38.908,55.246,2.377,-0.28,2.175,9.15
ATOM,221.0,CD,GLU,15.0,40.372,55.733,2.276,0.62,2.0,3.05
ATOM,222.0,OE1,GLU,15.0,40.828,56.185,1.178,-0.76,1.7,22.03
ATOM,223.0,OE2,GLU,15.0,41.088,55.663,3.303,-0.76,1.7,27.72
ATOM,224.0,H,GLU,15.0,37.897,53.449,-0.107,0.31,0.2245,0.0
ATOM,225.0,HA,GLU,15.0,36.315,54.829,1.855,0.09,1.32,7.11
ATOM,226.0,HB2,GLU,15.0,38.549,55.791,0.419,0.09,1.32,0.33
ATOM,227.0,HB3,GLU,15.0,37.735,56.702,1.502,0.09,1.32,9.39
ATOM,228.0,HG2,GLU,15.0,38.554,55.569,3.232,0.09,1.32,10.52
ATOM,229.0,HG3,GLU,15.0,38.924,54.268,2.318,0.09,1.32,0.3
ATOM,230.0,N,PHE,16.0,35.885,55.73,-1.233,-0.47,1.85,0.18
ATOM,231.0,CA,PHE,16.0,35.03,56.442,-2.178,0.07,2.275,0.57
ATOM,232.0,C,PHE,16.0,33.63,55.877,-2.245,0.51,2.0,0.0
ATOM,233.0,O,PHE,16.0,32.705,56.631,-2.536,-0.51,1.7,18.24
ATOM,234.0,CB,PHE,16.0,35.591,56.396,-3.612,-0.18,2.175,0.0
ATOM,235.0,CG,PHE,16.0,36.505,57.539,-3.959,0.0,1.9924,0.0
ATOM,236.0,CD1,PHE,16.0,37.822,57.303,-4.31,-0.115,1.9924,1.51
ATOM,237.0,CD2,PHE,16.0,36.048,58.843,-3.937,-0.115,1.9924,5.96
ATOM,238.0,CE1,PHE,16.0,38.675,58.352,-4.599,-0.115,1.9924,7.31
ATOM,239.0,CE2,PHE,16.0,36.895,59.891,-4.27,-0.115,1.9924,12.07
ATOM,240.0,CZ,PHE,16.0,38.206,59.64,-4.62,-0.115,1.9924,10.15
ATOM,241.0,H,PHE,16.0,36.681,55.118,-1.537,0.31,0.2245,0.0
ATOM,242.0,HA,PHE,16.0,34.95,57.394,-1.837,0.09,1.32,4.5
ATOM,243.0,HB2,PHE,16.0,36.102,55.553,-3.705,0.09,1.32,0.0
ATOM,244.0,HB3,PHE,16.0,34.821,56.417,-4.234,0.09,1.32,0.27
ATOM,245.0,HD1,PHE,16.0,38.164,56.367,-4.358,0.115,1.3582,0.0
ATOM,246.0,HD2,PHE,16.0,35.101,59.036,-3.681,0.115,1.3582,9.95
ATOM,247.0,HE1,PHE,16.0,39.65,58.156,-4.793,0.115,1.3582,3.76
ATOM,248.0,HE2,PHE,16.0,36.54,60.843,-4.252,0.115,1.3582,18.27
ATOM,249.0,HZ,PHE,16.0,38.809,60.393,-4.887,0.115,1.3582,4.9
ATOM,250.0,N,TYR,17.0,33.472,54.568,-2.016,-0.47,1.85,0.0
ATOM,251.0,CA,TYR,17.0,32.158,53.906,-2.133,0.07,2.275,0.41
ATOM,252.0,C,TYR,17.0,31.654,53.151,-0.898,0.51,2.0,0.0
ATOM,253.0,O,TYR,17.0,31.358,51.947,-0.961,-0.51,1.7,0.59
ATOM,254.0,CB,TYR,17.0,32.125,52.972,-3.354,-0.18,2.175,0.0
ATOM,255.0,CG,TYR,17.0,32.353,53.691,-4.678,0.0,1.9924,0.0
ATOM,256.0,CD1,TYR,17.0,33.614,53.849,-5.195,-0.115,1.9924,0.0
ATOM,257.0,CD2,TYR,17.0,31.274,54.219,-5.396,-0.115,1.9924,3.24
ATOM,258.0,CE1,TYR,17.0,33.808,54.525,-6.419,-0.115,1.9924,0.0
ATOM,259.0,CE2,TYR,17.0,31.437,54.859,-6.593,-0.115,1.9924,7.26
ATOM,260.0,CZ,TYR,17.0,32.696,55.041,-7.101,0.11,1.9924,0.49
ATOM,261.0,OH,TYR,17.0,32.837,55.737,-8.299,-0.54,1.77,0.21
ATOM,262.0,H,TYR,17.0,34.339,54.064,-1.753,0.31,0.2245,0.0
ATOM,263.0,HA,TYR,17.0,31.466,54.632,-2.361,0.09,1.32,2.66
ATOM,264.0,HB2,TYR,17.0,32.84,52.291,-3.245,0.09,1.32,0.0
ATOM,265.0,HB3,TYR,17.0,31.232,52.537,-3.39,0.09,1.32,0.0
ATOM,266.0,HD1,TYR,17.0,34.414,53.492,-4.718,0.115,1.3582,0.0
ATOM,267.0,HD2,TYR,17.0,30.349,54.117,-5.007,0.115,1.3582,2.45
ATOM,268.0,HE1,TYR,17.0,34.721,54.631,-6.791,0.115,1.3582,0.0
ATOM,269.0,HE2,TYR,17.0,30.636,55.197,-7.101,0.115,1.3582,0.31
ATOM,270.0,HH,TYR,17.0,31.951,56.112,-8.557,0.43,0.2245,0.04
ATOM,271.0,N,PRO,18.0,31.469,53.868,0.202,-0.29,1.85,0.0
ATOM,272.0,CA,PRO,18.0,30.987,53.267,1.446,0.02,2.275,0.8
ATOM,273.0,C,PRO,18.0,29.767,52.4,1.181,0.51,2.0,0.24
ATOM,274.0,O,PRO,18.0,28.909,52.795,0.398,-0.51,1.7,12.54
ATOM,275.0,CB,PRO,18.0,30.563,54.476,2.278,-0.18,2.175,16.75
ATOM,276.0,CG,PRO,18.0,31.388,55.588,1.804,-0.18,2.175,17.91
ATOM,277.0,CD,PRO,18.0,31.654,55.322,0.32,0.0,2.175,4.58
ATOM,278.0,HA,PRO,18.0,31.715,52.736,1.891,0.09,1.32,4.4
ATOM,279.0,HB2,PRO,18.0,29.577,54.661,2.147,0.09,1.32,8.32
ATOM,280.0,HB3,PRO,18.0,30.712,54.293,3.261,0.09,1.32,12.43
ATOM,281.0,HG2,PRO,18.0,30.916,56.474,1.91,0.09,1.32,12.07
ATOM,282.0,HG3,PRO,18.0,32.264,55.64,2.302,0.09,1.32,6.7
ATOM,283.0,HD2,PRO,18.0,31.0,55.813,-0.25,0.09,1.32,7.81
ATOM,284.0,HD3,PRO,18.0,32.584,55.586,0.075,0.09,1.32,0.0
ATOM,285.0,N,GLY,19.0,29.693,51.242,1.829,-0.47,1.85,2.92
ATOM,286.0,CA,GLY,19.0,28.602,50.309,1.631,-0.02,2.175,11.36
ATOM,287.0,C,GLY,19.0,28.214,49.826,0.226,0.51,2.0,0.42
ATOM,288.0,O,GLY,19.0,27.084,49.361,0.064,-0.51,1.7,29.66
ATOM,289.0,H,GLY,19.0,30.486,51.067,2.488,0.31,0.2245,9.07
ATOM,290.0,HA2,GLY,19.0,28.78,49.458,2.223,0.09,1.32,0.09
ATOM,291.0,HA3,GLY,19.0,27.738,50.706,2.082,0.09,1.32,13.28
ATOM,292.0,N,ARG,20.0,29.095,49.922,-0.776,-0.47,1.85,0.0
ATOM,293.0,CA,ARG,20.0,28.774,49.452,-2.138,0.07,2.275,3.68
ATOM,294.0,C,ARG,20.0,29.885,48.608,-2.75,0.51,2.0,1.67
ATOM,295.0,O,ARG,20.0,29.738,48.058,-3.849,-0.51,1.7,20.47
ATOM,296.0,CB,ARG,20.0,28.529,50.622,-3.086,-0.18,2.175,1.0
ATOM,297.0,CG,ARG,20.0,27.131,51.211,-3.034,-0.18,2.175,5.4
ATOM,298.0,CD,ARG,20.0,26.887,52.289,-4.089,0.2,2.175,5.2
ATOM,299.0,NE,ARG,20.0,25.714,53.086,-3.734,-0.7,1.85,8.07
ATOM,300.0,CZ,ARG,20.0,25.007,53.779,-4.605,0.64,2.0,3.73
ATOM,301.0,NH1,ARG,20.0,25.367,53.779,-5.896,-0.8,1.85,6.84
ATOM,302.0,NH2,ARG,20.0,23.957,54.471,-4.185,-0.8,1.85,29.4
ATOM,303.0,H,ARG,20.0,30.003,50.345,-0.521,0.31,0.2245,0.0
ATOM,304.0,HA,ARG,20.0,27.93,48.894,-2.089,0.09,1.32,5.7
ATOM,305.0,HB2,ARG,20.0,29.179,51.349,-2.86,0.09,1.32,0.0
ATOM,306.0,HB3,ARG,20.0,28.697,50.307,-4.021,0.09,1.32,0.48
ATOM,307.0,HG2,ARG,20.0,26.454,50.483,-3.177,0.09,1.32,10.28
ATOM,308.0,HG3,ARG,20.0,26.975,51.625,-2.132,0.09,1.32,1.32
ATOM,309.0,HD2,ARG,20.0,27.685,52.871,-4.122,0.09,1.32,0.82
ATOM,310.0,HD3,ARG,20.0,26.732,51.839,-4.955,0.09,1.32,1.56
ATOM,311.0,HE,ARG,20.0,25.435,53.103,-2.769,0.44,0.2245,10.55
ATOM,312.0,HH11,ARG,20.0,26.144,53.252,-6.214,0.46,0.2245,0.0
ATOM,313.0,HH12,ARG,20.0,24.833,54.327,-6.552,0.46,0.2245,4.38
ATOM,314.0,HH21,ARG,20.0,23.693,54.451,-3.22,0.46,0.2245,18.1
ATOM,315.0,HH22,ARG,20.0,23.423,55.016,-4.834,0.46,0.2245,18.21
ATOM,316.0,N,PHE,21.0,31.005,48.562,-2.041,-0.47,1.85,0.07
ATOM,317.0,CA,PHE,21.0,32.173,47.812,-2.453,0.07,2.275,0.0
ATOM,318.0,C,PHE,21.0,32.705,47.095,-1.239,0.51,2.0,0.0
ATOM,319.0,O,PHE,21.0,33.384,47.7,-0.403,-0.51,1.7,2.13
ATOM,320.0,CB,PHE,21.0,33.246,48.749,-2.977,-0.18,2.175,0.0
ATOM,321.0,CG,PHE,21.0,34.48,48.05,-3.457,0.0,1.9924,0.0
ATOM,322.0,CD1,PHE,21.0,34.523,47.488,-4.734,-0.115,1.9924,4.55
ATOM,323.0,CD2,PHE,21.0,35.607,47.964,-2.648,-0.115,1.9924,0.0
ATOM,324.0,CE1,PHE,21.0,35.658,46.843,-5.203,-0.115,1.9924,6.32
ATOM,325.0,CE2,PHE,21.0,36.753,47.325,-3.114,-0.115,1.9924,0.0
ATOM,326.0,CZ,PHE,21.0,36.777,46.776,-4.401,-0.115,1.9924,0.24
ATOM,327.0,H,PHE,21.0,30.969,49.12,-1.151,0.31,0.2245,0.0
ATOM,328.0,HA,PHE,21.0,31.863,47.114,-3.094,0.09,1.32,2.22
ATOM,329.0,HB2,PHE,21.0,32.866,49.255,-3.739,0.09,1.32,0.0
ATOM,330.0,HB3,PHE,21.0,33.507,49.358,-2.241,0.09,1.32,0.0
ATOM,331.0,HD1,PHE,21.0,33.719,47.552,-5.325,0.115,1.3582,4.19
ATOM,332.0,HD2,PHE,21.0,35.596,48.36,-1.735,0.115,1.3582,0.0
ATOM,333.0,HE1,PHE,21.0,35.653,46.431,-6.119,0.115,1.3582,7.24
ATOM,334.0,HE2,PHE,21.0,37.568,47.257,-2.519,0.115,1.3582,1.37
ATOM,335.0,HZ,PHE,21.0,37.611,46.335,-4.735,0.115,1.3582,0.0
ATOM,336.0,N,GLN,22.0,32.371,45.811,-1.13,-0.47,1.85,0.66
ATOM,337.0,CA,GLN,22.0,32.846,44.973,-0.033,0.07,2.275,0.85
ATOM,338.0,C,GLN,22.0,33.132,43.554,-0.576,0.51,2.0,0.45
ATOM,339.0,O,GLN,22.0,32.246,42.687,-0.636,-0.51,1.7,12.14
ATOM,340.0,CB,GLN,22.0,31.833,44.96,1.124,-0.18,2.175,5.48
ATOM,341.0,CG,GLN,22.0,31.568,46.32,1.73,-0.18,2.175,5.39
ATOM,342.0,CD,GLN,22.0,30.574,46.271,2.859,0.55,2.0,4.08
ATOM,343.0,H,GLN,22.0,31.748,45.46,-1.888,0.31,0.2245,10.84
ATOM,344.0,HA,GLN,22.0,33.71,45.344,0.296,0.09,1.32,1.79
ATOM,345.0,HB2,GLN,22.0,30.966,44.592,0.78,0.09,1.32,7.92
ATOM,346.0,HB3,GLN,22.0,32.183,44.355,1.844,0.09,1.32,9.17
ATOM,347.0,HG2,GLN,22.0,32.432,46.691,2.078,0.09,1.32,6.92
ATOM,348.0,HG3,GLN,22.0,31.215,46.927,1.015,0.09,1.32,0.0
ATOM,349.0,OE1,GLN,22.0,30.046,45.221,3.231,-0.55,1.7,36.13
ATOM,350.0,NE2,GLN,22.0,30.286,47.451,3.421,-0.62,1.85,16.33
ATOM,351.0,HE21,GLN,22.0,29.608,47.506,4.186,0.32,0.2245,20.25
ATOM,352.0,HE22,GLN,22.0,30.748,48.284,3.078,0.3,0.2245,4.13
ATOM,353.0,N,PRO,23.0,34.368,43.344,-1.017,-0.29,1.85,0.26
ATOM,354.0,CA,PRO,23.0,34.784,42.047,-1.556,0.02,2.275,2.87
ATOM,355.0,C,PRO,23.0,34.619,40.995,-0.482,0.51,2.0,0.0
ATOM,356.0,O,PRO,23.0,35.016,41.234,0.659,-0.51,1.7,13.31
ATOM,357.0,CB,PRO,23.0,36.256,42.264,-1.868,-0.18,2.175,1.67
ATOM,358.0,CG,PRO,23.0,36.367,43.734,-2.057,-0.18,2.175,0.87
ATOM,359.0,CD,PRO,23.0,35.451,44.343,-1.048,0.0,2.175,3.29
ATOM,360.0,HA,PRO,23.0,34.258,41.817,-2.374,0.09,1.32,8.18
ATOM,361.0,HB2,PRO,23.0,36.831,41.954,-1.107,0.09,1.32,0.0
ATOM,362.0,HB3,PRO,23.0,36.521,41.772,-2.7,0.09,1.32,0.99
ATOM,363.0,HG2,PRO,23.0,37.318,44.038,-1.913,0.09,1.32,0.0
ATOM,364.0,HG3,PRO,23.0,36.096,43.991,-2.994,0.09,1.32,3.05
ATOM,365.0,HD2,PRO,23.0,35.879,44.419,-0.157,0.09,1.32,6.48
ATOM,366.0,HD3,PRO,23.0,35.104,45.224,-1.346,0.09,1.32,0.0
ATOM,367.0,N,ASP,24.0,34.016,39.86,-0.829,-0.47,1.85,0.0
ATOM,368.0,CA,ASP,24.0,33.787,38.798,0.137,0.07,2.275,0.92
ATOM,369.0,C,ASP,24.0,35.096,38.145,0.61,0.51,2.0,0.0
ATOM,370.0,O,ASP,24.0,35.118,37.516,1.659,-0.51,1.7,30.09
ATOM,371.0,CB,ASP,24.0,32.84,37.737,-0.444,-0.28,2.175,13.53
ATOM,372.0,CG,ASP,24.0,31.475,38.275,-0.823,0.62,2.0,6.24
ATOM,373.0,OD1,ASP,24.0,31.204,39.482,-0.654,-0.76,1.7,23.64
ATOM,374.0,OD2,ASP,24.0,30.672,37.462,-1.313,-0.76,1.7,47.46
ATOM,375.0,H,ASP,24.0,33.732,39.804,-1.825,0.31,0.2245,8.92
ATOM,376.0,HA,ASP,24.0,33.362,39.216,0.954,0.09,1.32,8.23
ATOM,377.0,HB2,ASP,24.0,33.273,37.356,-1.258,0.09,1.32,8.76
ATOM,378.0,HB3,ASP,24.0,32.725,37.023,0.243,0.09,1.32,9.1
ATOM,379.0,N,ASP,25.0,36.176,38.303,-0.159,-0.47,1.85,0.03
ATOM,380.0,CA,ASP,25.0,37.481,37.716,0.18,0.07,2.275,0.64
ATOM,381.0,C,ASP,25.0,38.587,38.698,-0.201,0.51,2.0,0.0
ATOM,382.0,O,ASP,25.0,39.227,38.552,-1.247,-0.51,1.7,0.04
ATOM,383.0,CB,ASP,25.0,37.668,36.384,-0.566,-0.28,2.175,13.92
ATOM,384.0,CG,ASP,25.0,39.013,35.71,-0.262,0.62,2.0,2.75
ATOM,385.0,OD1,ASP,25.0,39.949,36.4,0.207,-0.76,1.7,6.85
ATOM,386.0,OD2,ASP,25.0,39.23,34.497,-0.476,-0.76,1.7,43.13
ATOM,387.0,H,ASP,25.0,36.017,38.874,-1.015,0.31,0.2245,1.97
ATOM,388.0,HA,ASP,25.0,37.507,37.613,1.173,0.09,1.32,5.36
ATOM,389.0,HB2,ASP,25.0,36.94,35.77,-0.288,0.09,1.32,8.1
ATOM,390.0,HB3,ASP,25.0,37.621,36.567,-1.539,0.09,1.32,8.04
ATOM,391.0,N,LEU,26.0,38.809,39.696,0.654,-0.47,1.85,0.14
ATOM,392.0,CA,LEU,26.0,39.751,40.771,0.359,0.07,2.275,0.0
ATOM,393.0,C,LEU,26.0,41.129,40.252,-0.051,0.51,2.0,0.0
ATOM,394.0,O,LEU,26.0,41.68,40.658,-1.086,-0.51,1.7,0.0
ATOM,395.0,CB,LEU,26.0,39.85,41.728,1.552,-0.18,2.175,6.05
ATOM,396.0,CG,LEU,26.0,40.636,43.028,1.34,-0.09,2.275,1.34
ATOM,397.0,CD1,LEU,26.0,40.267,43.713,0.045,-0.27,2.06,3.46
ATOM,398.0,CD2,LEU,26.0,40.424,43.974,2.492,-0.27,2.06,37.49
ATOM,399.0,H,LEU,26.0,38.26,39.642,1.536,0.31,0.2245,7.13
ATOM,400.0,HA,LEU,26.0,39.381,41.322,-0.406,0.09,1.32,0.0
ATOM,401.0,HB2,LEU,26.0,38.92,41.984,1.815,0.09,1.32,3.94
ATOM,402.0,HB3,LEU,26.0,40.288,41.236,2.303,0.09,1.32,4.49
ATOM,403.0,HG,LEU,26.0,41.62,42.811,1.339,0.09,1.32,3.2
ATOM,404.0,HD11,LEU,26.0,39.291,43.94,0.047,0.09,1.32,0.24
ATOM,405.0,HD12,LEU,26.0,40.8,44.556,-0.058,0.09,1.32,1.76
ATOM,406.0,HD13,LEU,26.0,40.461,43.106,-0.728,0.09,1.32,0.0
ATOM,407.0,HD21,LEU,26.0,40.734,43.549,3.346,0.09,1.32,10.55
ATOM,408.0,HD22,LEU,26.0,40.943,44.819,2.341,0.09,1.32,9.41
ATOM,409.0,HD23,LEU,26.0,39.45,44.2,2.575,0.09,1.32,8.8
ATOM,410.0,N,LYS,27.0,41.683,39.352,0.749,-0.47,1.85,0.0
ATOM,411.0,CA,LYS,27.0,42.985,38.787,0.426,0.07,2.275,0.73
ATOM,412.0,C,LYS,27.0,43.025,38.241,-1.016,0.51,2.0,0.0
ATOM,413.0,O,LYS,27.0,44.01,38.44,-1.73,-0.51,1.7,0.5
ATOM,414.0,CB,LYS,27.0,43.4,37.716,1.457,-0.18,2.175,5.41
ATOM,415.0,CG,LYS,27.0,43.506,38.235,2.883,-0.18,2.175,8.34
ATOM,416.0,CD,LYS,27.0,43.919,37.132,3.844,-0.18,2.175,10.76
ATOM,417.0,CE,LYS,27.0,44.033,37.62,5.272,0.21,2.175,19.76
ATOM,418.0,NZ,LYS,27.0,44.437,36.511,6.172,-0.3,1.85,13.98
ATOM,419.0,H,LYS,27.0,41.134,39.099,1.583,0.31,0.2245,1.82
ATOM,420.0,HA,LYS,27.0,43.688,39.505,0.509,0.09,1.32,2.62
ATOM,421.0,HB2,LYS,27.0,42.718,36.989,1.434,0.09,1.32,2.19
ATOM,422.0,HB3,LYS,27.0,44.289,37.356,1.183,0.09,1.32,1.06
ATOM,423.0,HG2,LYS,27.0,44.19,38.964,2.915,0.09,1.32,9.5
ATOM,424.0,HG3,LYS,27.0,42.619,38.596,3.167,0.09,1.32,3.69
ATOM,425.0,HD2,LYS,27.0,43.235,36.403,3.808,0.09,1.32,9.09
ATOM,426.0,HD3,LYS,27.0,44.807,36.771,3.557,0.09,1.32,9.04
ATOM,427.0,HE2,LYS,27.0,44.717,38.346,5.316,0.05,1.32,10.46
ATOM,428.0,HE3,LYS,27.0,43.147,37.978,5.567,0.05,1.32,10.64
ATOM,429.0,HZ1,LYS,27.0,44.371,36.813,7.124,0.33,0.2245,20.55
ATOM,430.0,HZ2,LYS,27.0,43.832,35.727,6.029,0.33,0.2245,17.26
ATOM,431.0,HZ3,LYS,27.0,45.38,36.245,5.971,0.33,0.2245,18.34
ATOM,432.0,N,GLY,28.0,41.954,37.574,-1.451,-0.47,1.85,0.66
ATOM,433.0,CA,GLY,28.0,41.871,37.029,-2.804,-0.02,2.175,14.95
ATOM,434.0,C,GLY,28.0,41.771,38.079,-3.906,0.51,2.0,2.03
ATOM,435.0,O,GLY,28.0,42.389,37.932,-4.963,-0.51,1.7,5.47
ATOM,436.0,H,GLY,28.0,41.191,37.478,-0.748,0.31,0.2245,0.0
ATOM,437.0,HA2,GLY,28.0,42.69,36.443,-2.978,0.09,1.32,1.48
ATOM,438.0,HA3,GLY,28.0,41.062,36.408,-2.864,0.09,1.32,4.69
ATOM,439.0,N,THR,29.0,40.993,39.135,-3.664,-0.47,1.85,1.83
ATOM,440.0,CA,THR,29.0,40.896,40.248,-4.591,0.07,2.275,0.92
ATOM,441.0,C,THR,29.0,42.25,40.959,-4.728,0.51,2.0,0.0
ATOM,442.0,O,THR,29.0,42.626,41.381,-5.829,-0.51,1.7,0.0
ATOM,443.0,CB,THR,29.0,39.797,41.215,-4.13,0.14,2.275,0.0
ATOM,444.0,OG1,THR,29.0,38.51,40.634,-4.394,-0.66,1.77,18.86
ATOM,445.0,CG2,THR,29.0,39.777,42.488,-4.968,-0.27,2.06,3.14
ATOM,446.0,H,THR,29.0,40.471,39.087,-2.764,0.31,0.2245,0.0
ATOM,447.0,HA,THR,29.0,40.638,39.896,-5.497,0.09,1.32,3.39
ATOM,448.0,HB,THR,29.0,39.879,41.355,-3.124,0.09,1.32,0.0
ATOM,449.0,HG21,THR,29.0,39.24,43.193,-4.5,0.09,1.32,0.0
ATOM,450.0,HG22,THR,29.0,40.713,42.821,-5.101,0.09,1.32,0.0
ATOM,451.0,HG23,THR,29.0,39.364,42.299,-5.861,0.09,1.32,1.66
ATOM,452.0,HG1,THR,29.0,37.957,40.619,-3.555,0.43,0.2245,1.56
ATOM,453.0,N,VAL,30.0,42.986,41.099,-3.622,-0.47,1.85,0.0
ATOM,454.0,CA,VAL,30.0,44.302,41.723,-3.692,0.07,2.275,0.0
ATOM,455.0,C,VAL,30.0,45.211,40.9,-4.615,0.51,2.0,0.0
ATOM,456.0,O,VAL,30.0,45.892,41.432,-5.509,-0.51,1.7,0.0
ATOM,457.0,CB,VAL,30.0,44.991,41.795,-2.302,-0.09,2.275,0.56
ATOM,458.0,CG1,VAL,30.0,46.451,42.106,-2.466,-0.27,2.06,2.21
ATOM,459.0,CG2,VAL,30.0,44.347,42.86,-1.418,-0.27,2.06,0.9
ATOM,460.0,H,VAL,30.0,42.558,40.743,-2.759,0.31,0.2245,0.0
ATOM,461.0,HA,VAL,30.0,44.2,42.632,-4.096,0.09,1.32,0.0
ATOM,462.0,HB,VAL,30.0,44.917,40.892,-1.893,0.09,1.32,0.06
ATOM,463.0,HG11,VAL,30.0,46.568,43.05,-2.784,0.09,1.32,0.0
ATOM,464.0,HG12,VAL,30.0,46.927,41.998,-1.589,0.09,1.32,4.72
ATOM,465.0,HG13,VAL,30.0,46.862,41.484,-3.137,0.09,1.32,0.0
ATOM,466.0,HG21,VAL,30.0,43.355,42.744,-1.435,0.09,1.32,0.0
ATOM,467.0,HG22,VAL,30.0,44.683,42.757,-0.483,0.09,1.32,4.16
ATOM,468.0,HG23,VAL,30.0,44.588,43.765,-1.766,0.09,1.32,0.0
ATOM,469.0,N,LYS,31.0,45.197,39.59,-4.412,-0.47,1.85,0.0
ATOM,470.0,CA,LYS,31.0,46.037,38.729,-5.211,0.07,2.275,0.43
ATOM,471.0,C,LYS,31.0,45.7,38.802,-6.72,0.51,2.0,0.0
ATOM,472.0,O,LYS,31.0,46.616,38.847,-7.553,-0.51,1.7,2.39
ATOM,473.0,CB,LYS,31.0,46.028,37.282,-4.673,-0.18,2.175,2.9
ATOM,474.0,CG,LYS,31.0,46.527,37.148,-3.242,-0.18,2.175,2.66
ATOM,475.0,CD,LYS,31.0,46.493,35.701,-2.778,-0.18,2.175,8.12
ATOM,476.0,CE,LYS,31.0,46.984,35.538,-1.355,0.21,2.175,15.48
ATOM,477.0,NZ,LYS,31.0,46.932,34.112,-0.945,-0.3,1.85,14.07
ATOM,478.0,H,LYS,31.0,44.564,39.263,-3.67,0.31,0.2245,0.0
ATOM,479.0,HA,LYS,31.0,47.006,39.003,-5.098,0.09,1.32,0.05
ATOM,480.0,HB2,LYS,31.0,45.09,36.946,-4.715,0.09,1.32,1.3
ATOM,481.0,HB3,LYS,31.0,46.612,36.732,-5.266,0.09,1.32,4.84
ATOM,482.0,HG2,LYS,31.0,47.468,37.482,-3.192,0.09,1.32,0.08
ATOM,483.0,HG3,LYS,31.0,45.945,37.695,-2.641,0.09,1.32,0.0
ATOM,484.0,HD2,LYS,31.0,45.551,35.369,-2.831,0.09,1.32,4.3
ATOM,485.0,HD3,LYS,31.0,47.074,35.156,-3.381,0.09,1.32,9.27
ATOM,486.0,HE2,LYS,31.0,47.926,35.865,-1.295,0.05,1.32,9.17
ATOM,487.0,HE3,LYS,31.0,46.404,36.077,-0.745,0.05,1.32,0.2
ATOM,488.0,HZ1,LYS,31.0,46.82,33.536,-1.756,0.33,0.2245,14.73
ATOM,489.0,HZ2,LYS,31.0,47.783,33.868,-0.479,0.33,0.2245,20.37
ATOM,490.0,HZ3,LYS,31.0,46.16,33.971,-0.326,0.33,0.2245,18.19
ATOM,491.0,N,ALA,32.0,44.416,38.824,-7.071,-0.47,1.85,0.08
ATOM,492.0,CA,ALA,32.0,44.03,38.833,-8.486,0.07,2.275,0.0
ATOM,493.0,C,ALA,32.0,44.262,40.194,-9.171,0.51,2.0,0.14
ATOM,494.0,O,ALA,32.0,44.778,40.239,-10.288,-0.51,1.7,5.0
ATOM,495.0,CB,ALA,32.0,42.576,38.372,-8.663,-0.27,2.06,27.08
ATOM,496.0,H,ALA,32.0,43.743,38.834,-6.293,0.31,0.2245,0.0
ATOM,497.0,HA,ALA,32.0,44.579,38.135,-8.976,0.09,1.32,0.0
ATOM,498.0,HB1,ALA,32.0,42.12,38.97,-9.318,0.09,1.32,6.23
ATOM,499.0,HB2,ALA,32.0,42.569,37.434,-9.001,0.09,1.32,1.13
ATOM,500.0,HB3,ALA,32.0,42.109,38.417,-7.783,0.09,1.32,0.32
ATOM,501.0,N,TRP,33.0,43.89,41.304,-8.521,-0.47,1.85,0.0
ATOM,502.0,CA,TRP,33.0,44.163,42.628,-9.104,0.07,2.275,0.11
ATOM,503.0,C,TRP,33.0,45.706,42.828,-9.316,0.51,2.0,0.0
ATOM,504.0,O,TRP,33.0,46.163,43.465,-10.296,-0.51,1.7,0.0
ATOM,505.0,CB,TRP,33.0,43.494,43.769,-8.281,-0.18,2.175,0.0
ATOM,506.0,CG,TRP,33.0,41.977,43.892,-8.409,-0.03,1.9924,0.0
ATOM,507.0,CD1,TRP,33.0,41.064,42.86,-8.615,0.035,1.9924,5.48
ATOM,508.0,CD2,TRP,33.0,41.194,45.101,-8.378,-0.02,1.8,0.0
ATOM,509.0,NE1,TRP,33.0,39.787,43.37,-8.686,-0.61,1.85,3.29
ATOM,510.0,CE2,TRP,33.0,39.836,44.734,-8.547,0.13,1.8,0.0
ATOM,511.0,CE3,TRP,33.0,41.504,46.464,-8.216,-0.115,1.9924,0.0
ATOM,512.0,CZ2,TRP,33.0,38.797,45.676,-8.602,-0.115,1.9924,1.11
ATOM,513.0,CZ3,TRP,33.0,40.459,47.412,-8.229,-0.115,1.9924,0.0
ATOM,514.0,CH2,TRP,33.0,39.122,47.01,-8.424,-0.115,1.9924,0.0
ATOM,515.0,H,TRP,33.0,43.42,41.157,-7.624,0.31,0.2245,0.0
ATOM,516.0,HA,TRP,33.0,43.743,42.662,-10.01,0.09,1.32,0.56
ATOM,517.0,HB2,TRP,33.0,43.691,43.62,-7.314,0.09,1.32,0.0
ATOM,518.0,HB3,TRP,33.0,43.881,44.641,-8.575,0.09,1.32,0.0
ATOM,519.0,HD1,TRP,33.0,41.308,41.903,-8.697,0.115,1.3582,0.25
ATOM,520.0,HE1,TRP,33.0,38.954,42.832,-8.818,0.38,0.2245,18.87
ATOM,521.0,HE3,TRP,33.0,42.442,46.768,-8.092,0.115,1.3582,0.0
ATOM,522.0,HZ2,TRP,33.0,37.853,45.379,-8.767,0.115,1.3582,7.71
ATOM,523.0,HZ3,TRP,33.0,40.679,48.366,-8.1,0.115,1.3582,0.0
ATOM,524.0,HH2,TRP,33.0,38.407,47.7,-8.432,0.115,1.3582,0.0
ATOM,525.0,N,HIS,34.0,46.517,42.239,-8.443,-0.47,1.85,0.0
ATOM,526.0,CA,HIS,34.0,47.988,42.351,-8.569,0.07,2.275,0.0
ATOM,527.0,C,HIS,34.0,48.588,41.721,-9.832,0.51,2.0,0.0
ATOM,528.0,O,HIS,34.0,49.629,42.151,-10.287,-0.51,1.7,0.0
ATOM,529.0,CB,HIS,34.0,48.711,41.819,-7.326,-0.09,2.175,0.0
ATOM,530.0,CG,HIS,34.0,50.209,41.867,-7.427,-0.05,1.8,0.0
ATOM,531.0,H,HIS,34.0,46.054,41.711,-7.689,0.31,0.2245,0.0
ATOM,532.0,HA,HIS,34.0,48.224,43.345,-8.568,0.09,1.32,0.0
ATOM,533.0,HB2,HIS,34.0,48.432,42.363,-6.527,0.09,1.32,0.0
ATOM,534.0,HB3,HIS,34.0,48.437,40.863,-7.173,0.09,1.32,0.0
ATOM,535.0,ND1,HIS,34.0,50.992,40.728,-7.48,-0.36,1.85,0.96
ATOM,536.0,CD2,HIS,34.0,51.072,42.913,-7.467,0.22,1.8,0.0
ATOM,537.0,CE1,HIS,34.0,52.269,41.07,-7.552,0.25,1.8,14.71
ATOM,538.0,NE2,HIS,34.0,52.346,42.391,-7.539,-0.7,1.85,4.12
ATOM,539.0,HD1,HIS,34.0,50.643,39.791,-7.467,0.32,0.2245,10.41
ATOM,540.0,HD2,HIS,34.0,50.833,43.879,-7.447,0.1,1.468,0.64
ATOM,541.0,HE1,HIS,34.0,53.038,40.443,-7.605,0.13,0.9,17.64
ATOM,542.0,N,ARG,35.0,47.938,40.716,-10.394,-0.47,1.85,0.0
ATOM,543.0,CA,ARG,35.0,48.4,40.097,-11.635,0.07,2.275,0.99
ATOM,544.0,C,ARG,35.0,48.355,41.116,-12.771,0.51,2.0,0.0
ATOM,545.0,O,ARG,35.0,49.158,41.058,-13.716,-0.51,1.7,23.12
ATOM,546.0,CB,ARG,35.0,47.513,38.892,-12.002,-0.18,2.175,6.03
ATOM,547.0,CG,ARG,35.0,47.729,37.651,-11.145,-0.18,2.175,6.88
ATOM,548.0,CD,ARG,35.0,46.692,36.505,-11.352,0.2,2.175,12.33
ATOM,549.0,NE,ARG,35.0,46.64,35.583,-10.198,-0.7,1.85,4.95
ATOM,550.0,CZ,ARG,35.0,45.513,35.003,-9.719,0.64,2.0,2.0
ATOM,551.0,NH1,ARG,35.0,44.327,35.219,-10.304,-0.8,1.85,15.48
ATOM,552.0,NH2,ARG,35.0,45.58,34.189,-8.662,-0.8,1.85,19.16
ATOM,553.0,H,ARG,35.0,47.084,40.407,-9.888,0.31,0.2245,0.0
ATOM,554.0,HA,ARG,35.0,49.347,39.794,-11.513,0.09,1.32,7.17
ATOM,555.0,HB2,ARG,35.0,46.56,39.172,-11.908,0.09,1.32,0.64
ATOM,556.0,HB3,ARG,35.0,47.701,38.65,-12.951,0.09,1.32,8.29
ATOM,557.0,HG2,ARG,35.0,48.64,37.26,-11.335,0.09,1.32,11.47
ATOM,558.0,HG3,ARG,35.0,47.696,37.902,-10.168,0.09,1.32,0.02
ATOM,559.0,HD2,ARG,35.0,45.804,36.928,-11.478,0.09,1.32,1.71
ATOM,560.0,HD3,ARG,35.0,46.963,36.004,-12.164,0.09,1.32,11.04
ATOM,561.0,HE,ARG,35.0,47.503,35.368,-9.731,0.44,0.2245,12.61
ATOM,562.0,HH11,ARG,35.0,44.271,35.797,-11.114,0.46,0.2245,8.95
ATOM,563.0,HH12,ARG,35.0,43.505,34.798,-9.925,0.46,0.2245,14.69
ATOM,564.0,HH21,ARG,35.0,46.473,34.002,-8.247,0.46,0.2245,15.86
ATOM,565.0,HH22,ARG,35.0,44.754,33.776,-8.296,0.46,0.2245,18.16
ATOM,566.0,N,VAL,36.0,47.369,42.001,-12.706,-0.47,1.85,0.0
ATOM,567.0,CA,VAL,36.0,47.268,43.067,-13.664,0.07,2.275,0.01
ATOM,568.0,C,VAL,36.0,48.109,44.261,-13.201,0.51,2.0,0.0
ATOM,569.0,O,VAL,36.0,48.859,44.818,-13.984,-0.51,1.7,2.36
ATOM,570.0,CB,VAL,36.0,45.814,43.525,-13.809,-0.09,2.275,0.0
ATOM,571.0,CG1,VAL,36.0,45.736,44.806,-14.576,-0.27,2.06,3.07
ATOM,572.0,CG2,VAL,36.0,44.972,42.435,-14.508,-0.27,2.06,29.91
ATOM,573.0,H,VAL,36.0,46.703,41.853,-11.924,0.31,0.2245,0.0
ATOM,574.0,HA,VAL,36.0,47.646,42.755,-14.54,0.09,1.32,5.69
ATOM,575.0,HB,VAL,36.0,45.462,43.702,-12.891,0.09,1.32,0.0
ATOM,576.0,HG11,VAL,36.0,45.003,45.386,-14.21,0.09,1.32,0.0
ATOM,577.0,HG12,VAL,36.0,46.605,45.305,-14.509,0.09,1.32,0.0
ATOM,578.0,HG13,VAL,36.0,45.546,44.62,-15.545,0.09,1.32,4.73
ATOM,579.0,HG21,VAL,36.0,44.098,42.357,-14.037,0.09,1.32,2.79
ATOM,580.0,HG22,VAL,36.0,44.83,42.702,-15.457,0.09,1.32,7.67
ATOM,581.0,HG23,VAL,36.0,45.467,41.572,-14.462,0.09,1.32,3.16
ATOM,582.0,N,LEU,37.0,48.026,44.629,-11.922,-0.47,1.85,0.0
ATOM,583.0,CA,LEU,37.0,48.682,45.863,-11.474,0.07,2.275,0.0
ATOM,584.0,C,LEU,37.0,50.211,45.857,-11.324,0.51,2.0,0.0
ATOM,585.0,O,LEU,37.0,50.794,46.912,-11.157,-0.51,1.7,5.39
ATOM,586.0,CB,LEU,37.0,47.992,46.438,-10.216,-0.18,2.175,0.0
ATOM,587.0,CG,LEU,37.0,46.566,46.951,-10.467,-0.09,2.275,0.0
ATOM,588.0,CD1,LEU,37.0,45.847,47.412,-9.195,-0.27,2.06,0.0
ATOM,589.0,CD2,LEU,37.0,46.556,48.105,-11.459,-0.27,2.06,0.0
ATOM,590.0,H,LEU,37.0,47.491,44.006,-11.311,0.31,0.2245,0.0
ATOM,591.0,HA,LEU,37.0,48.436,46.613,-12.143,0.09,1.32,0.0
ATOM,592.0,HB2,LEU,37.0,47.936,45.716,-9.548,0.09,1.32,0.0
ATOM,593.0,HB3,LEU,37.0,48.531,47.197,-9.898,0.09,1.32,4.73
ATOM,594.0,HG,LEU,37.0,46.028,46.213,-10.9,0.09,1.32,0.0
ATOM,595.0,HD11,LEU,37.0,46.364,48.156,-8.776,0.09,1.32,1.44
ATOM,596.0,HD12,LEU,37.0,44.931,47.731,-9.432,0.09,1.32,0.0
ATOM,597.0,HD13,LEU,37.0,45.783,46.646,-8.557,0.09,1.32,0.0
ATOM,598.0,HD21,LEU,37.0,46.941,47.8,-12.331,0.09,1.32,0.0
ATOM,599.0,HD22,LEU,37.0,45.616,48.416,-11.601,0.09,1.32,0.0
ATOM,600.0,HD23,LEU,37.0,47.105,48.86,-11.099,0.09,1.32,0.65
ATOM,601.0,N,ALA,38.0,50.87,44.699,-11.391,-0.47,1.85,0.0
ATOM,602.0,CA,ALA,38.0,52.35,44.674,-11.263,0.07,2.275,0.65
ATOM,603.0,C,ALA,38.0,53.104,45.446,-12.345,0.51,2.0,0.0
ATOM,604.0,O,ALA,38.0,54.283,45.8,-12.183,-0.51,1.7,27.27
ATOM,605.0,CB,ALA,38.0,52.892,43.221,-11.212,-0.27,2.06,20.49
ATOM,606.0,H,ALA,38.0,50.299,43.863,-11.532,0.31,0.2245,0.0
ATOM,607.0,HA,ALA,38.0,52.591,45.069,-10.353,0.09,1.32,2.75
ATOM,608.0,HB1,ALA,38.0,53.029,42.899,-12.143,0.09,1.32,5.19
ATOM,609.0,HB2,ALA,38.0,53.755,43.219,-10.717,0.09,1.32,9.53
ATOM,610.0,HB3,ALA,38.0,52.226,42.648,-10.745,0.09,1.32,0.03
ATOM,611.0,N,GLU,39.0,52.442,45.711,-13.461,-0.47,1.85,0.0
ATOM,612.0,CA,GLU,39.0,53.144,46.429,-14.524,0.07,2.275,0.73
ATOM,613.0,C,GLU,39.0,53.01,47.966,-14.405,0.51,2.0,0.74
ATOM,614.0,O,GLU,39.0,53.723,48.687,-15.106,-0.51,1.7,29.06
ATOM,615.0,CB,GLU,39.0,52.725,45.904,-15.917,-0.18,2.175,3.41
ATOM,616.0,CG,GLU,39.0,52.977,44.439,-16.223,-0.28,2.175,9.72
ATOM,617.0,CD,GLU,39.0,52.557,43.967,-17.581,0.62,2.0,6.31
ATOM,618.0,OE1,GLU,39.0,52.04,44.682,-18.426,-0.76,1.7,35.2
ATOM,619.0,OE2,GLU,39.0,52.785,42.749,-17.75,-0.76,1.7,46.76
ATOM,620.0,H,GLU,39.0,51.48,45.397,-13.51,0.31,0.2245,0.0
ATOM,621.0,HA,GLU,39.0,54.127,46.186,-14.509,0.09,1.32,6.32
ATOM,622.0,HB2,GLU,39.0,51.744,46.069,-16.007,0.09,1.32,0.0
ATOM,623.0,HB3,GLU,39.0,53.221,46.445,-16.593,0.09,1.32,7.77
ATOM,624.0,HG2,GLU,39.0,53.958,44.273,-16.132,0.09,1.32,10.45
ATOM,625.0,HG3,GLU,39.0,52.482,43.896,-15.546,0.09,1.32,1.09
ATOM,626.0,N,TYR,40.0,52.149,48.443,-13.49,-0.47,1.85,0.0
ATOM,627.0,CA,TYR,40.0,51.857,49.876,-13.318,0.07,2.275,0.0
ATOM,628.0,C,TYR,40.0,52.449,50.561,-12.055,0.51,2.0,0.59
ATOM,629.0,O,TYR,40.0,52.847,49.886,-11.117,-0.51,1.7,19.37
ATOM,630.0,CB,TYR,40.0,50.328,50.082,-13.369,-0.18,2.175,0.0
ATOM,631.0,CG,TYR,40.0,49.781,49.642,-14.685,0.0,1.9924,0.0
ATOM,632.0,CD1,TYR,40.0,49.449,48.296,-14.898,-0.115,1.9924,0.0
ATOM,633.0,CD2,TYR,40.0,49.699,50.538,-15.759,-0.115,1.9924,4.95
ATOM,634.0,CE1,TYR,40.0,49.002,47.853,-16.137,-0.115,1.9924,0.0
ATOM,635.0,CE2,TYR,40.0,49.238,50.126,-16.994,-0.115,1.9924,11.0
ATOM,636.0,CZ,TYR,40.0,48.888,48.776,-17.179,0.11,1.9924,1.07
ATOM,637.0,OH,TYR,40.0,48.449,48.337,-18.408,-0.54,1.77,26.84
ATOM,638.0,H,TYR,40.0,51.699,47.701,-12.904,0.31,0.2245,0.0
ATOM,639.0,HA,TYR,40.0,52.228,50.374,-14.135,0.09,1.32,2.86
ATOM,640.0,HB2,TYR,40.0,49.927,49.539,-12.652,0.09,1.32,0.0
ATOM,641.0,HB3,TYR,40.0,50.15,51.043,-13.249,0.09,1.32,0.0
ATOM,642.0,HD1,TYR,40.0,49.537,47.645,-14.144,0.115,1.3582,0.0
ATOM,643.0,HD2,TYR,40.0,49.978,51.485,-15.622,0.115,1.3582,3.27
ATOM,644.0,HE1,TYR,40.0,48.766,46.9,-16.283,0.115,1.3582,3.62
ATOM,645.0,HE2,TYR,40.0,49.15,50.764,-17.751,0.115,1.3582,12.95
ATOM,646.0,HH,TYR,40.0,47.47,48.517,-18.489,0.43,0.2245,7.03
ATOM,647.0,N,GLU,41.0,52.475,51.897,-12.036,-0.47,1.85,0.0
ATOM,648.0,CA,GLU,41.0,52.976,52.657,-10.882,0.07,2.275,0.0
ATOM,649.0,C,GLU,41.0,51.854,53.187,-9.952,0.51,2.0,0.54
ATOM,650.0,O,GLU,41.0,50.789,53.591,-10.383,-0.51,1.7,0.0
ATOM,651.0,CB,GLU,41.0,53.957,53.771,-11.322,-0.18,2.175,1.29
ATOM,652.0,CG,GLU,41.0,55.209,53.345,-12.066,-0.28,2.175,12.12
ATOM,653.0,CD,GLU,41.0,56.137,54.45,-12.478,0.62,2.0,5.35
ATOM,654.0,OE1,GLU,41.0,55.939,55.633,-12.25,-0.76,1.7,30.57
ATOM,655.0,OE2,GLU,41.0,57.135,54.02,-13.096,-0.76,1.7,46.74
ATOM,656.0,H,GLU,41.0,52.114,52.349,-12.9,0.31,0.2245,0.84
ATOM,657.0,HA,GLU,41.0,53.602,52.073,-10.337,0.09,1.32,3.37
ATOM,658.0,HB2,GLU,41.0,53.447,54.389,-11.915,0.09,1.32,0.0
ATOM,659.0,HB3,GLU,41.0,54.242,54.25,-10.496,0.09,1.32,5.23
ATOM,660.0,HG2,GLU,41.0,55.72,52.725,-11.474,0.09,1.32,10.5
ATOM,661.0,HG3,GLU,41.0,54.925,52.864,-12.893,0.09,1.32,5.57
ATOM,662.0,N,LEU,42.0,52.089,53.131,-8.654,-0.47,1.85,2.35
ATOM,663.0,CA,LEU,42.0,51.083,53.531,-7.687,0.07,2.275,2.2
ATOM,664.0,C,LEU,42.0,50.483,54.957,-7.927,0.51,2.0,0.0
ATOM,665.0,O,LEU,42.0,49.262,55.133,-7.904,-0.51,1.7,4.47
ATOM,666.0,CB,LEU,42.0,51.713,53.463,-6.291,-0.18,2.175,2.23
ATOM,667.0,CG,LEU,42.0,50.79,54.024,-5.213,-0.09,2.275,1.45
ATOM,668.0,CD1,LEU,42.0,49.536,53.157,-5.083,-0.27,2.06,3.58
ATOM,669.0,CD2,LEU,42.0,51.548,54.156,-3.901,-0.27,2.06,23.49
ATOM,670.0,H,LEU,42.0,53.032,52.785,-8.392,0.31,0.2245,9.27
ATOM,671.0,HA,LEU,42.0,50.308,52.873,-7.721,0.09,1.32,3.0
ATOM,672.0,HB2,LEU,42.0,51.882,52.521,-6.08,0.09,1.32,0.36
ATOM,673.0,HB3,LEU,42.0,52.529,54.004,-6.3,0.09,1.32,5.6
ATOM,674.0,HG,LEU,42.0,50.522,54.953,-5.461,0.09,1.32,2.82
ATOM,675.0,HD11,LEU,42.0,49.802,52.227,-4.834,0.09,1.32,0.0
ATOM,676.0,HD12,LEU,42.0,48.944,53.537,-4.374,0.09,1.32,3.4
ATOM,677.0,HD13,LEU,42.0,49.051,53.145,-5.956,0.09,1.32,0.0
ATOM,678.0,HD21,LEU,42.0,52.325,54.774,-4.024,0.09,1.32,10.48
ATOM,679.0,HD22,LEU,42.0,50.939,54.524,-3.198,0.09,1.32,2.51
ATOM,680.0,HD23,LEU,42.0,51.881,53.257,-3.615,0.09,1.32,0.0
ATOM,681.0,N,GLU,43.0,51.33,55.937,-8.185,-0.47,1.85,0.09
ATOM,682.0,CA,GLU,43.0,50.902,57.318,-8.392,0.07,2.275,0.53
ATOM,683.0,C,GLU,43.0,49.93,57.484,-9.578,0.51,2.0,0.0
ATOM,684.0,O,GLU,43.0,48.889,58.119,-9.445,-0.51,1.7,3.14
ATOM,685.0,CB,GLU,43.0,52.119,58.311,-8.462,-0.18,2.175,6.17
ATOM,686.0,CG,GLU,43.0,51.707,59.78,-8.391,-0.28,2.175,13.56
ATOM,687.0,CD,GLU,43.0,52.826,60.8,-8.529,0.62,2.0,5.52
ATOM,688.0,OE1,GLU,43.0,53.992,60.436,-8.778,-0.76,1.7,39.62
ATOM,689.0,OE2,GLU,43.0,52.538,62.006,-8.381,-0.76,1.7,47.49
ATOM,690.0,H,GLU,43.0,52.334,55.644,-8.229,0.31,0.2245,2.98
ATOM,691.0,HA,GLU,43.0,50.454,57.666,-7.551,0.09,1.32,7.08
ATOM,692.0,HB2,GLU,43.0,52.687,58.115,-7.692,0.09,1.32,9.33
ATOM,693.0,HB3,GLU,43.0,52.56,58.158,-9.319,0.09,1.32,2.81
ATOM,694.0,HG2,GLU,43.0,51.057,59.951,-9.126,0.09,1.32,3.99
ATOM,695.0,HG3,GLU,43.0,51.272,59.935,-7.508,0.09,1.32,10.32
ATOM,696.0,N,GLU,44.0,50.244,56.878,-10.719,-0.47,1.85,0.0
ATOM,697.0,CA,GLU,44.0,49.376,56.986,-11.894,0.07,2.275,0.44
ATOM,698.0,C,GLU,44.0,47.978,56.416,-11.693,0.51,2.0,0.0
ATOM,699.0,O,GLU,44.0,47.009,57.054,-12.08,-0.51,1.7,0.66
ATOM,700.0,CB,GLU,44.0,50.036,56.388,-13.162,-0.18,2.175,2.48
ATOM,701.0,CG,GLU,44.0,51.353,56.996,-13.609,-0.28,2.175,10.55
ATOM,702.0,CD,GLU,44.0,51.968,56.395,-14.84,0.62,2.0,3.4
ATOM,703.0,OE1,GLU,44.0,51.477,55.476,-15.474,-0.76,1.7,27.97
ATOM,704.0,OE2,GLU,44.0,53.055,56.939,-15.135,-0.76,1.7,37.06
ATOM,705.0,H,GLU,44.0,51.126,56.341,-10.706,0.31,0.2245,0.0
ATOM,706.0,HA,GLU,44.0,49.303,57.967,-12.166,0.09,1.32,4.82
ATOM,707.0,HB2,GLU,44.0,50.194,55.422,-12.978,0.09,1.32,0.0
ATOM,708.0,HB3,GLU,44.0,49.384,56.494,-13.906,0.09,1.32,4.78
ATOM,709.0,HG2,GLU,44.0,51.197,57.964,-13.79,0.09,1.32,10.38
ATOM,710.0,HG3,GLU,44.0,52.007,56.893,-12.863,0.09,1.32,0.56
ATOM,711.0,N,ILE,45.0,47.876,55.235,-11.085,-0.47,1.85,0.0
ATOM,712.0,CA,ILE,45.0,46.604,54.558,-10.874,0.07,2.275,0.0
ATOM,713.0,C,ILE,45.0,45.693,55.272,-9.863,0.51,2.0,2.46
ATOM,714.0,O,ILE,45.0,44.465,55.293,-10.035,-0.51,1.7,0.0
ATOM,715.0,CB,ILE,45.0,46.856,53.065,-10.476,-0.09,2.275,0.49
ATOM,716.0,CG1,ILE,45.0,47.638,52.353,-11.566,-0.18,2.175,2.62
ATOM,717.0,CG2,ILE,45.0,45.587,52.267,-10.307,-0.27,2.06,0.02
ATOM,718.0,CD1,ILE,45.0,47.107,52.597,-12.931,-0.27,2.06,1.75
ATOM,719.0,H,ILE,45.0,48.793,54.836,-10.772,0.31,0.2245,0.0
ATOM,720.0,HA,ILE,45.0,46.115,54.583,-11.761,0.09,1.32,0.0
ATOM,721.0,HB,ILE,45.0,47.399,53.071,-9.645,0.09,1.32,0.0
ATOM,722.0,HG12,ILE,45.0,48.591,52.657,-11.518,0.09,1.32,0.0
ATOM,723.0,HG13,ILE,45.0,47.614,51.37,-11.373,0.09,1.32,0.0
ATOM,724.0,HG21,ILE,45.0,45.808,51.328,-10.041,0.09,1.32,0.0
ATOM,725.0,HG22,ILE,45.0,45.016,52.682,-9.597,0.09,1.32,0.0
ATOM,726.0,HG23,ILE,45.0,45.078,52.251,-11.168,0.09,1.32,0.0
ATOM,727.0,HD11,ILE,45.0,47.134,53.578,-13.142,0.09,1.32,0.0
ATOM,728.0,HD12,ILE,45.0,47.659,52.105,-13.609,0.09,1.32,0.0
ATOM,729.0,HD13,ILE,45.0,46.157,52.279,-12.994,0.09,1.32,0.0
ATOM,730.0,N,ASN,47.0,45.681,58.5,-9.344,-0.47,1.85,14.52
ATOM,731.0,CA,ASN,47.0,45.161,59.651,-10.076,0.07,2.275,2.13
ATOM,732.0,C,ASN,47.0,43.957,59.22,-10.947,0.51,2.0,0.0
ATOM,733.0,O,ASN,47.0,42.944,59.901,-10.983,-0.51,1.7,0.0
ATOM,734.0,CB,ASN,47.0,46.266,60.28,-10.909,-0.18,2.175,5.75
ATOM,735.0,CG,ASN,47.0,45.874,61.622,-11.5,0.55,2.0,2.06
ATOM,736.0,H,ASN,47.0,45.315,57.567,-9.395,0.31,0.2245,0.28
ATOM,737.0,HA,ASN,47.0,44.807,60.302,-9.404,0.09,1.32,0.86
ATOM,738.0,HB2,ASN,47.0,47.067,60.414,-10.328,0.09,1.32,4.48
ATOM,739.0,HB3,ASN,47.0,46.493,59.66,-11.658,0.09,1.32,0.85
ATOM,740.0,OD1,ASN,47.0,45.903,61.796,-12.712,-0.55,1.7,28.11
ATOM,741.0,ND2,ASN,47.0,45.528,62.587,-10.645,-0.62,1.85,18.21
ATOM,742.0,HD22,ASN,47.0,45.546,62.393,-9.661,0.3,0.2245,12.43
ATOM,743.0,HD21,ASN,47.0,45.258,63.481,-10.979,0.32,0.2245,19.46
ATOM,744.0,N,ASN,48.0,44.072,58.081,-11.631,-0.47,1.85,0.0
ATOM,745.0,CA,ASN,48.0,42.97,57.561,-12.439,0.07,2.275,0.7
ATOM,746.0,C,ASN,48.0,41.706,57.22,-11.597,0.51,2.0,0.0
ATOM,747.0,O,ASN,48.0,40.57,57.426,-12.053,-0.51,1.7,1.79
ATOM,748.0,CB,ASN,48.0,43.431,56.335,-13.226,-0.18,2.175,0.0
ATOM,749.0,CG,ASN,48.0,44.455,56.674,-14.301,0.55,2.0,0.0
ATOM,750.0,H,ASN,48.0,44.989,57.609,-11.541,0.31,0.2245,0.0
ATOM,751.0,HA,ASN,48.0,42.692,58.291,-13.081,0.09,1.32,0.6
ATOM,752.0,HB2,ASN,48.0,43.844,55.688,-12.591,0.09,1.32,0.0
ATOM,753.0,HB3,ASN,48.0,42.637,55.924,-13.666,0.09,1.32,0.07
ATOM,754.0,OD1,ASN,48.0,44.622,57.838,-14.666,-0.55,1.7,19.09
ATOM,755.0,ND2,ASN,48.0,45.151,55.66,-14.802,-0.62,1.85,0.0
ATOM,756.0,HD22,ASN,48.0,44.98,54.729,-14.47,0.3,0.2245,0.0
ATOM,757.0,HD21,ASN,48.0,45.84,55.821,-15.505,0.32,0.2245,9.91
ATOM,758.0,N,LEU,49.0,41.885,56.735,-10.362,-0.47,1.85,0.0
ATOM,759.0,CA,LEU,49.0,40.736,56.456,-9.509,0.07,2.275,0.0
ATOM,760.0,C,LEU,49.0,40.009,57.745,-9.178,0.51,2.0,0.0
ATOM,761.0,O,LEU,49.0,38.774,57.823,-9.211,-0.51,1.7,0.0
ATOM,762.0,CB,LEU,49.0,41.142,55.702,-8.251,-0.18,2.175,0.42
ATOM,763.0,CG,LEU,49.0,40.028,55.477,-7.238,-0.09,2.275,0.0
ATOM,764.0,CD1,LEU,49.0,38.954,54.496,-7.71,-0.27,2.06,0.0
ATOM,765.0,CD2,LEU,49.0,40.635,54.997,-5.94,-0.27,2.06,1.21
ATOM,766.0,H,LEU,49.0,42.863,56.585,-10.086,0.31,0.2245,0.0
ATOM,767.0,HA,LEU,49.0,40.107,55.852,-10.007,0.09,1.32,0.0
ATOM,768.0,HB2,LEU,49.0,41.481,54.808,-8.525,0.09,1.32,0.0
ATOM,769.0,HB3,LEU,49.0,41.857,56.222,-7.798,0.09,1.32,3.35
ATOM,770.0,HG,LEU,49.0,39.589,56.366,-7.028,0.09,1.32,0.0
ATOM,771.0,HD11,LEU,49.0,39.374,53.608,-7.893,0.09,1.32,0.0
ATOM,772.0,HD12,LEU,49.0,38.26,54.398,-6.998,0.09,1.32,0.0
ATOM,773.0,HD13,LEU,49.0,38.531,54.845,-8.545,0.09,1.32,0.0
ATOM,774.0,HD21,LEU,49.0,41.274,55.685,-5.589,0.09,1.32,4.57
ATOM,775.0,HD22,LEU,49.0,39.912,54.844,-5.263,0.09,1.32,0.0
ATOM,776.0,HD23,LEU,49.0,41.128,54.138,-6.093,0.09,1.32,0.0
ATOM,777.0,N,THR,50.0,40.763,58.796,-8.89,-0.47,1.85,0.0
ATOM,778.0,CA,THR,50.0,40.138,60.074,-8.644,0.07,2.275,0.0
ATOM,779.0,C,THR,50.0,39.268,60.555,-9.827,0.51,2.0,0.0
ATOM,780.0,O,THR,50.0,38.12,60.977,-9.618,-0.51,1.7,0.12
ATOM,781.0,CB,THR,50.0,41.178,61.146,-8.258,0.14,2.275,0.64
ATOM,782.0,OG1,THR,50.0,41.735,60.815,-6.991,-0.66,1.77,13.31
ATOM,783.0,CG2,THR,50.0,40.476,62.501,-7.926,-0.27,2.06,16.54
ATOM,784.0,H,THR,50.0,41.775,58.624,-8.86,0.31,0.2245,0.0
ATOM,785.0,HA,THR,50.0,39.532,59.996,-7.834,0.09,1.32,0.0
ATOM,786.0,HB,THR,50.0,41.924,61.139,-8.951,0.09,1.32,0.0
ATOM,787.0,HG21,THR,50.0,41.167,63.157,-7.637,0.09,1.32,11.59
ATOM,788.0,HG22,THR,50.0,40.011,62.829,-8.743,0.09,1.32,0.0
ATOM,789.0,HG23,THR,50.0,39.819,62.35,-7.193,0.09,1.32,3.67
ATOM,790.0,HG1,THR,50.0,42.598,60.308,-7.105,0.43,0.2245,12.36
ATOM,791.0,N,ASP,51.0,39.777,60.492,-11.064,-0.47,1.85,0.0
ATOM,792.0,CA,ASP,51.0,38.972,60.98,-12.18,0.07,2.275,0.07
ATOM,793.0,C,ASP,51.0,37.708,60.104,-12.383,0.51,2.0,0.64
ATOM,794.0,O,ASP,51.0,36.648,60.598,-12.785,-0.51,1.7,5.57
ATOM,795.0,CB,ASP,51.0,39.805,61.077,-13.466,-0.28,2.175,16.36
ATOM,796.0,CG,ASP,51.0,40.952,62.101,-13.354,0.62,2.0,3.27
ATOM,797.0,OD1,ASP,51.0,40.789,63.115,-12.623,-0.76,1.7,14.33
ATOM,798.0,OD2,ASP,51.0,42.068,61.976,-13.949,-0.76,1.7,25.38
ATOM,799.0,H,ASP,51.0,40.711,60.1,-11.144,0.31,0.2245,0.0
ATOM,800.0,HA,ASP,51.0,38.644,61.899,-11.94,0.09,1.32,0.0
ATOM,801.0,HB2,ASP,51.0,40.2,60.188,-13.648,0.09,1.32,2.07
ATOM,802.0,HB3,ASP,51.0,39.208,61.359,-14.203,0.09,1.32,9.51
ATOM,803.0,N,TYR,52.0,37.824,58.81,-12.116,-0.47,1.85,0.65
ATOM,804.0,CA,TYR,52.0,36.715,57.887,-12.262,0.07,2.275,2.72
ATOM,805.0,C,TYR,52.0,35.576,58.17,-11.263,0.51,2.0,0.0
ATOM,806.0,O,TYR,52.0,34.4,58.107,-11.628,-0.51,1.7,0.0
ATOM,807.0,CB,TYR,52.0,37.236,56.443,-12.129,-0.18,2.175,0.24
ATOM,808.0,CG,TYR,52.0,36.138,55.425,-12.188,0.0,1.9924,0.0
ATOM,809.0,CD1,TYR,52.0,35.836,54.767,-13.391,-0.115,1.9924,1.1
ATOM,810.0,CD2,TYR,52.0,35.386,55.119,-11.048,-0.115,1.9924,0.0
ATOM,811.0,CE1,TYR,52.0,34.785,53.847,-13.465,-0.115,1.9924,1.28
ATOM,812.0,CE2,TYR,52.0,34.356,54.204,-11.1,-0.115,1.9924,0.0
ATOM,813.0,CZ,TYR,52.0,34.037,53.573,-12.312,0.11,1.9924,0.0
ATOM,814.0,OH,TYR,52.0,33.012,52.62,-12.354,-0.54,1.77,9.48
ATOM,815.0,H,TYR,52.0,38.774,58.519,-11.795,0.31,0.2245,0.0
ATOM,816.0,HA,TYR,52.0,36.332,57.985,-13.194,0.09,1.32,4.54
ATOM,817.0,HB2,TYR,52.0,37.868,56.278,-12.876,0.09,1.32,2.96
ATOM,818.0,HB3,TYR,52.0,37.698,56.366,-11.254,0.09,1.32,0.0
ATOM,819.0,HD1,TYR,52.0,36.378,54.958,-14.206,0.115,1.3582,8.51
ATOM,820.0,HD2,TYR,52.0,35.606,55.574,-10.187,0.115,1.3582,0.0
ATOM,821.0,HE1,TYR,52.0,34.571,53.392,-14.321,0.115,1.3582,5.74
ATOM,822.0,HE2,TYR,52.0,33.827,53.981,-10.279,0.115,1.3582,0.0
ATOM,823.0,HH,TYR,52.0,32.421,52.757,-11.566,0.43,0.2245,0.0
ATOM,824.0,N,ALA,53.0,35.899,58.517,-10.018,-0.47,1.85,0.0
ATOM,825.0,CA,ALA,53.0,34.856,58.736,-9.02,0.07,2.275,0.0
ATOM,826.0,C,ALA,53.0,34.083,60.042,-9.234,0.51,2.0,0.08
ATOM,827.0,O,ALA,53.0,33.019,60.255,-8.616,-0.51,1.7,18.87
ATOM,828.0,CB,ALA,53.0,35.467,58.742,-7.551,-0.27,2.06,3.39
ATOM,829.0,H,ALA,53.0,36.906,58.612,-9.832,0.31,0.2245,0.0
ATOM,830.0,HA,ALA,53.0,34.196,57.966,-9.064,0.09,1.32,0.0
ATOM,831.0,HB1,ALA,53.0,34.929,59.367,-7.005,0.09,1.32,3.09
ATOM,832.0,HB2,ALA,53.0,35.411,57.82,-7.199,0.09,1.32,0.0
ATOM,833.0,HB3,ALA,53.0,36.406,59.043,-7.618,0.09,1.32,0.0
ATOM,834.0,N,LYS,54.0,34.633,60.962,-10.022,-0.47,1.85,0.0
ATOM,835.0,CA,LYS,54.0,33.958,62.228,-10.175,0.07,2.275,0.98
ATOM,836.0,C,LYS,54.0,32.676,62.031,-10.989,0.51,2.0,0.0
ATOM,837.0,O,LYS,54.0,31.709,62.779,-10.812,-0.51,1.7,28.03
ATOM,838.0,CB,LYS,54.0,34.895,63.328,-10.76,-0.18,2.175,4.88
ATOM,839.0,CG,LYS,54.0,36.12,63.596,-9.9,-0.18,2.175,5.4
ATOM,840.0,CD,LYS,54.0,36.992,64.678,-10.522,-0.18,2.175,8.28
ATOM,841.0,CE,LYS,54.0,38.225,64.971,-9.688,0.21,2.175,4.87
ATOM,842.0,NZ,LYS,54.0,39.045,66.029,-10.33,-0.3,1.85,12.99
ATOM,843.0,H,LYS,54.0,35.51,60.702,-10.471,0.31,0.2245,0.0
ATOM,844.0,HA,LYS,54.0,33.706,62.585,-9.272,0.09,1.32,7.68
ATOM,845.0,HB2,LYS,54.0,35.192,63.022,-11.655,0.09,1.32,1.36
ATOM,846.0,HB3,LYS,54.0,34.364,64.164,-10.834,0.09,1.32,8.26
ATOM,847.0,HG2,LYS,54.0,35.825,63.899,-8.996,0.09,1.32,9.69
ATOM,848.0,HG3,LYS,54.0,36.653,62.758,-9.819,0.09,1.32,0.0
ATOM,849.0,HD2,LYS,54.0,37.283,64.373,-11.426,0.09,1.32,4.64
ATOM,850.0,HD3,LYS,54.0,36.456,65.515,-10.603,0.09,1.32,9.52
ATOM,851.0,HE2,LYS,54.0,37.94,65.278,-8.782,0.05,1.32,10.82
ATOM,852.0,HE3,LYS,54.0,38.768,64.137,-9.605,0.05,1.32,0.0
ATOM,853.0,HZ1,LYS,54.0,39.868,65.619,-10.725,0.33,0.2245,8.75
ATOM,854.0,HZ2,LYS,54.0,38.513,66.47,-11.053,0.33,0.2245,15.23
ATOM,855.0,HZ3,LYS,54.0,39.307,66.709,-9.646,0.33,0.2245,20.6
ATOM,856.0,N,VAL,55.0,32.628,60.977,-11.81,-0.47,1.85,0.0
ATOM,857.0,CA,VAL,55.0,31.47,60.805,-12.686,0.07,2.275,2.62
ATOM,858.0,C,VAL,55.0,30.741,59.455,-12.67,0.51,2.0,1.95
ATOM,859.0,O,VAL,55.0,29.88,59.241,-13.487,-0.51,1.7,23.08
ATOM,860.0,CB,VAL,55.0,31.848,61.143,-14.18,-0.09,2.275,3.21
ATOM,861.0,CG1,VAL,55.0,32.333,62.59,-14.294,-0.27,2.06,30.54
ATOM,862.0,CG2,VAL,55.0,32.914,60.185,-14.728,-0.27,2.06,18.83
ATOM,863.0,H,VAL,55.0,33.426,60.343,-11.77,0.31,0.2245,0.0
ATOM,864.0,HA,VAL,55.0,30.776,61.53,-12.431,0.09,1.32,5.82
ATOM,865.0,HB,VAL,55.0,31.016,61.067,-14.712,0.09,1.32,7.81
ATOM,866.0,HG11,VAL,55.0,31.544,63.202,-14.315,0.09,1.32,11.54
ATOM,867.0,HG12,VAL,55.0,32.906,62.809,-13.506,0.09,1.32,0.0
ATOM,868.0,HG13,VAL,55.0,32.862,62.695,-15.134,0.09,1.32,8.6
ATOM,869.0,HG21,VAL,55.0,33.46,59.839,-13.968,0.09,1.32,0.0
ATOM,870.0,HG22,VAL,55.0,32.46,59.428,-15.194,0.09,1.32,5.22
ATOM,871.0,HG23,VAL,55.0,33.496,60.681,-15.369,0.09,1.32,8.17
ATOM,872.0,N,ASN,56.0,31.059,58.551,-11.755,-0.47,1.85,1.92
ATOM,873.0,CA,ASN,56.0,30.439,57.239,-11.724,0.07,2.275,0.11
ATOM,874.0,C,ASN,56.0,29.741,56.885,-10.421,0.51,2.0,1.61
ATOM,875.0,O,ASN,56.0,30.368,56.963,-9.359,-0.51,1.7,6.47
ATOM,876.0,CB,ASN,56.0,31.508,56.195,-11.945,-0.18,2.175,0.0
ATOM,877.0,CG,ASN,56.0,31.888,56.047,-13.404,0.55,2.0,0.0
ATOM,878.0,H,ASN,56.0,31.782,58.86,-11.071,0.31,0.2245,0.0
ATOM,879.0,HA,ASN,56.0,29.723,57.229,-12.455,0.09,1.32,1.43
ATOM,880.0,HB2,ASN,56.0,32.325,56.455,-11.433,0.09,1.32,0.0
ATOM,881.0,HB3,ASN,56.0,31.171,55.314,-11.617,0.09,1.32,0.0
ATOM,882.0,OD1,ASN,56.0,31.181,55.399,-14.172,-0.55,1.7,31.35
ATOM,883.0,ND2,ASN,56.0,33.012,56.625,-13.786,-0.62,1.85,0.16
ATOM,884.0,HD22,ASN,56.0,33.57,57.126,-13.119,0.3,0.2245,0.0
ATOM,885.0,HD21,ASN,56.0,33.313,56.567,-14.738,0.32,0.2245,12.05
ATOM,886.0,N,LYS,57.0,28.46,56.467,-10.509,-0.47,1.85,0.21
ATOM,887.0,CA,LYS,57.0,27.691,55.983,-9.358,0.07,2.275,0.66
ATOM,888.0,C,LYS,57.0,28.11,54.589,-8.904,0.51,2.0,0.0
ATOM,889.0,O,LYS,57.0,27.927,54.242,-7.743,-0.51,1.7,1.58
ATOM,890.0,CB,LYS,57.0,26.16,56.005,-9.619,-0.18,2.175,1.33
ATOM,891.0,CG,LYS,57.0,25.624,57.392,-9.94,-0.18,2.175,8.82
ATOM,892.0,CD,LYS,57.0,24.12,57.35,-10.184,-0.18,2.175,7.76
ATOM,893.0,CE,LYS,57.0,23.553,58.718,-10.508,0.21,2.175,18.54
ATOM,894.0,NZ,LYS,57.0,22.089,58.63,-10.739,-0.3,1.85,14.31
ATOM,895.0,H,LYS,57.0,28.066,56.521,-11.476,0.31,0.2245,6.97
ATOM,896.0,HA,LYS,57.0,27.825,56.629,-8.586,0.09,1.32,7.81
ATOM,897.0,HB2,LYS,57.0,25.977,55.406,-10.388,0.09,1.32,0.67
ATOM,898.0,HB3,LYS,57.0,25.71,55.67,-8.8,0.09,1.32,0.0
ATOM,899.0,HG2,LYS,57.0,25.808,58.0,-9.172,0.09,1.32,9.19
ATOM,900.0,HG3,LYS,57.0,26.074,57.735,-10.761,0.09,1.32,4.22
ATOM,901.0,HD2,LYS,57.0,23.938,56.738,-10.952,0.09,1.32,7.58
ATOM,902.0,HD3,LYS,57.0,23.672,57.004,-9.363,0.09,1.32,7.8
ATOM,903.0,HE2,LYS,57.0,23.73,59.334,-9.743,0.05,1.32,10.41
ATOM,904.0,HE3,LYS,57.0,23.996,59.068,-11.332,0.05,1.32,10.3
ATOM,905.0,HZ1,LYS,57.0,21.838,59.206,-11.517,0.33,0.2245,20.38
ATOM,906.0,HZ2,LYS,57.0,21.838,57.681,-10.932,0.33,0.2245,15.32
ATOM,907.0,HZ3,LYS,57.0,21.603,58.943,-9.922,0.33,0.2245,20.28
ATOM,908.0,N,PHE,58.0,28.679,53.769,-9.794,-0.47,1.85,0.0
ATOM,909.0,CA,PHE,58.0,29.063,52.426,-9.369,0.07,2.275,0.0
ATOM,910.0,C,PHE,58.0,30.586,52.266,-9.287,0.51,2.0,0.0
ATOM,911.0,O,PHE,58.0,31.33,52.897,-10.027,-0.51,1.7,0.0
ATOM,912.0,CB,PHE,58.0,28.42,51.346,-10.259,-0.18,2.175,10.31
ATOM,913.0,CG,PHE,58.0,26.911,51.466,-10.4,0.0,1.9924,0.39
ATOM,914.0,CD1,PHE,58.0,26.345,51.883,-11.606,-0.115,1.9924,10.31
ATOM,915.0,CD2,PHE,58.0,26.061,51.104,-9.352,-0.115,1.9924,8.99
ATOM,916.0,CE1,PHE,58.0,24.964,51.977,-11.757,-0.115,1.9924,15.0
ATOM,917.0,CE2,PHE,58.0,24.647,51.198,-9.477,-0.115,1.9924,12.94
ATOM,918.0,CZ,PHE,58.0,24.097,51.634,-10.687,-0.115,1.9924,17.67
ATOM,919.0,H,PHE,58.0,28.809,54.145,-10.73,0.31,0.2245,0.91
ATOM,920.0,HA,PHE,58.0,28.71,52.3,-8.433,0.09,1.32,0.0
ATOM,921.0,HB2,PHE,58.0,28.814,51.424,-11.162,0.09,1.32,5.97
ATOM,922.0,HB3,PHE,58.0,28.615,50.466,-9.855,0.09,1.32,3.01
ATOM,923.0,HD1,PHE,58.0,26.936,52.117,-12.373,0.115,1.3582,13.1
ATOM,924.0,HD2,PHE,58.0,26.443,50.77,-8.492,0.115,1.3582,5.05
ATOM,925.0,HE1,PHE,58.0,24.573,52.291,-12.628,0.115,1.3582,17.69
ATOM,926.0,HE2,PHE,58.0,24.068,50.953,-8.7,0.115,1.3582,15.74
ATOM,927.0,HZ,PHE,58.0,23.12,51.706,-10.808,0.115,1.3582,17.36
ATOM,928.0,N,PRO,59.0,31.051,51.41,-8.396,-0.29,1.85,0.0
ATOM,929.0,CA,PRO,59.0,32.495,51.22,-8.202,0.02,2.275,0.0
ATOM,930.0,C,PRO,59.0,33.187,50.686,-9.462,0.51,2.0,0.0
ATOM,931.0,O,PRO,59.0,32.539,50.021,-10.277,-0.51,1.7,13.99
ATOM,932.0,CB,PRO,59.0,32.571,50.177,-7.073,-0.18,2.175,0.44
ATOM,933.0,CG,PRO,59.0,31.202,50.152,-6.457,-0.18,2.175,1.87
ATOM,934.0,CD,PRO,59.0,30.226,50.555,-7.524,0.0,2.175,4.77
ATOM,935.0,HA,PRO,59.0,32.93,52.081,-7.897,0.09,1.32,0.0
ATOM,936.0,HB2,PRO,59.0,32.813,49.274,-7.444,0.09,1.32,4.03
ATOM,937.0,HB3,PRO,59.0,33.264,50.441,-6.395,0.09,1.32,0.0
ATOM,938.0,HG2,PRO,59.0,30.994,49.225,-6.108,0.09,1.32,2.01
ATOM,939.0,HG3,PRO,59.0,31.162,50.789,-5.671,0.09,1.32,0.0
ATOM,940.0,HD2,PRO,59.0,29.886,49.766,-8.028,0.09,1.32,6.98
ATOM,941.0,HD3,PRO,59.0,29.462,51.073,-7.147,0.09,1.32,0.0
ATOM,942.0,N,PRO,60.0,34.469,50.984,-9.641,-0.29,1.85,0.0
ATOM,943.0,CA,PRO,60.0,35.214,50.559,-10.842,0.02,2.275,0.0
ATOM,944.0,C,PRO,60.0,35.696,49.109,-10.838,0.51,2.0,0.0
ATOM,945.0,O,PRO,60.0,35.763,48.523,-9.767,-0.51,1.7,4.21
ATOM,946.0,CB,PRO,60.0,36.46,51.464,-10.78,-0.18,2.175,0.0
ATOM,947.0,CG,PRO,60.0,36.697,51.58,-9.298,-0.18,2.175,0.0
ATOM,948.0,CD,PRO,60.0,35.282,51.858,-8.769,0.0,2.175,0.0
ATOM,949.0,HA,PRO,60.0,34.657,50.747,-11.683,0.09,1.32,0.0
ATOM,950.0,HB2,PRO,60.0,37.23,51.031,-11.23,0.09,1.32,0.0
ATOM,951.0,HB3,PRO,60.0,36.27,52.35,-11.18,0.09,1.32,0.0
ATOM,952.0,HG2,PRO,60.0,37.043,50.733,-8.928,0.09,1.32,0.0
ATOM,953.0,HG3,PRO,60.0,37.296,52.338,-9.095,0.09,1.32,0.0
ATOM,954.0,HD2,PRO,60.0,35.202,51.588,-7.822,0.09,1.32,0.0
ATOM,955.0,HD3,PRO,60.0,35.04,52.809,-8.894,0.09,1.32,0.0
ATOM,956.0,N,THR,61.0,36.026,48.543,-12.006,-0.47,1.85,0.0
ATOM,957.0,CA,THR,61.0,36.715,47.247,-12.058,0.07,2.275,0.52
ATOM,958.0,C,THR,61.0,38.186,47.583,-12.284,0.51,2.0,0.0
ATOM,959.0,O,THR,61.0,38.517,48.752,-12.53,-0.51,1.7,0.0
ATOM,960.0,CB,THR,61.0,36.267,46.48,-13.252,0.14,2.275,6.04
ATOM,961.0,OG1,THR,61.0,36.448,47.304,-14.43,-0.66,1.77,3.24
ATOM,962.0,CG2,THR,61.0,34.758,46.262,-13.172,-0.27,2.06,36.2
ATOM,963.0,H,THR,61.0,35.76,49.084,-12.844,0.31,0.2245,0.0
ATOM,964.0,HA,THR,61.0,36.623,46.806,-11.183,0.09,1.32,0.92
ATOM,965.0,HB,THR,61.0,36.845,45.648,-13.377,0.09,1.32,5.43
ATOM,966.0,HG21,THR,61.0,34.282,47.124,-13.358,0.09,1.32,3.33
ATOM,967.0,HG22,THR,61.0,34.479,45.578,-13.849,0.09,1.32,11.82
ATOM,968.0,HG23,THR,61.0,34.512,45.94,-12.256,0.09,1.32,9.05
ATOM,969.0,HG1,THR,61.0,35.966,48.176,-14.314,0.43,0.2245,0.0
ATOM,970.0,N,VAL,62.0,39.074,46.587,-12.248,-0.47,1.85,0.0
ATOM,971.0,CA,VAL,62.0,40.477,46.937,-12.432,0.07,2.275,0.0
ATOM,972.0,C,VAL,62.0,40.68,47.465,-13.813,0.51,2.0,0.0
ATOM,973.0,O,VAL,62.0,41.539,48.329,-14.011,-0.51,1.7,0.0
ATOM,974.0,CB,VAL,62.0,41.482,45.743,-12.171,-0.09,2.275,0.0
ATOM,975.0,CG1,VAL,62.0,41.37,44.701,-13.211,-0.27,2.06,16.24
ATOM,976.0,CG2,VAL,62.0,42.946,46.246,-12.106,-0.27,2.06,0.0
ATOM,977.0,H,VAL,62.0,38.714,45.659,-12.096,0.31,0.2245,2.66
ATOM,978.0,HA,VAL,62.0,40.702,47.66,-11.772,0.09,1.32,0.0
ATOM,979.0,HB,VAL,62.0,41.216,45.35,-11.291,0.09,1.32,0.0
ATOM,980.0,HG11,VAL,62.0,41.791,43.84,-12.9,0.09,1.32,2.57
ATOM,981.0,HG12,VAL,62.0,40.403,44.518,-13.43,0.09,1.32,4.01
ATOM,982.0,HG13,VAL,62.0,41.835,44.99,-14.057,0.09,1.32,1.39
ATOM,983.0,HG21,VAL,62.0,43.385,46.057,-12.979,0.09,1.32,0.0
ATOM,984.0,HG22,VAL,62.0,42.936,47.225,-11.928,0.09,1.32,0.0
ATOM,985.0,HG23,VAL,62.0,43.414,45.764,-11.371,0.09,1.32,0.0
ATOM,986.0,N,SER,63.0,39.926,46.991,-14.813,-0.47,1.85,0.0
ATOM,987.0,CA,SER,63.0,40.171,47.586,-16.134,0.07,2.275,0.42
ATOM,988.0,C,SER,63.0,39.807,49.072,-16.198,0.51,2.0,0.0
ATOM,989.0,O,SER,63.0,40.322,49.805,-17.029,-0.51,1.7,12.8
ATOM,990.0,CB,SER,63.0,39.459,46.845,-17.241,0.05,2.175,24.99
ATOM,991.0,OG,SER,63.0,38.097,47.217,-17.304,-0.66,1.77,22.69
ATOM,992.0,H,SER,63.0,39.263,46.282,-14.601,0.31,0.2245,0.85
ATOM,993.0,HA,SER,63.0,41.161,47.502,-16.332,0.09,1.32,0.0
ATOM,994.0,HB2,SER,63.0,39.892,47.061,-18.113,0.09,1.32,10.33
ATOM,995.0,HB3,SER,63.0,39.516,45.864,-17.069,0.09,1.32,8.94
ATOM,996.0,HG,SER,63.0,37.696,47.177,-16.389,0.43,0.2245,0.59
ATOM,997.0,N,ASP,64.0,38.901,49.541,-15.363,-0.47,1.85,0.0
ATOM,998.0,CA,ASP,64.0,38.532,50.958,-15.466,0.07,2.275,0.89
ATOM,999.0,C,ASP,64.0,39.659,51.931,-15.001,0.51,2.0,0.0
ATOM,1000.0,O,ASP,64.0,39.524,53.143,-15.176,-0.51,1.7,7.57
ATOM,1001.0,CB,ASP,64.0,37.296,51.261,-14.586,-0.28,2.175,0.35
ATOM,1002.0,CG,ASP,64.0,35.983,50.698,-15.161,0.62,2.0,0.0
ATOM,1003.0,OD1,ASP,64.0,35.658,50.996,-16.329,-0.76,1.7,33.11
ATOM,1004.0,OD2,ASP,64.0,35.205,49.962,-14.502,-0.76,1.7,9.88
ATOM,1005.0,H,ASP,64.0,38.508,48.891,-14.692,0.31,0.2245,0.0
ATOM,1006.0,HA,ASP,64.0,38.372,51.159,-16.445,0.09,1.32,6.44
ATOM,1007.0,HB2,ASP,64.0,37.448,50.852,-13.695,0.09,1.32,0.0
ATOM,1008.0,HB3,ASP,64.0,37.209,52.246,-14.511,0.09,1.32,0.0
ATOM,1009.0,N,LEU,65.0,40.713,51.429,-14.354,-0.47,1.85,0.0
ATOM,1010.0,CA,LEU,65.0,41.746,52.307,-13.793,0.07,2.275,0.0
ATOM,1011.0,C,LEU,65.0,43.032,52.374,-14.606,0.51,2.0,0.0
ATOM,1012.0,O,LEU,65.0,43.936,53.137,-14.279,-0.51,1.7,0.0
ATOM,1013.0,CB,LEU,65.0,42.074,51.912,-12.34,-0.18,2.175,0.0
ATOM,1014.0,CG,LEU,65.0,40.852,51.756,-11.438,-0.09,2.275,0.0
ATOM,1015.0,CD1,LEU,65.0,41.141,51.081,-10.116,-0.27,2.06,0.0
ATOM,1016.0,CD2,LEU,65.0,40.178,53.142,-11.179,-0.27,2.06,0.0
ATOM,1017.0,H,LEU,65.0,40.737,50.4,-14.285,0.31,0.2245,0.0
ATOM,1018.0,HA,LEU,65.0,41.358,53.249,-13.729,0.09,1.32,0.0
ATOM,1019.0,HB2,LEU,65.0,42.543,51.043,-12.364,0.09,1.32,0.0
ATOM,1020.0,HB3,LEU,65.0,42.643,52.621,-11.957,0.09,1.32,0.0
ATOM,1021.0,HG,LEU,65.0,40.147,51.223,-11.939,0.09,1.32,0.0
ATOM,1022.0,HD11,LEU,65.0,41.816,51.615,-9.603,0.09,1.32,0.0
ATOM,1023.0,HD12,LEU,65.0,40.298,51.013,-9.579,0.09,1.32,0.0
ATOM,1024.0,HD13,LEU,65.0,41.504,50.161,-10.277,0.09,1.32,0.0
ATOM,1025.0,HD21,LEU,65.0,39.897,53.523,-12.053,0.09,1.32,0.0
ATOM,1026.0,HD22,LEU,65.0,39.389,53.003,-10.59,0.09,1.32,0.0
ATOM,1027.0,HD23,LEU,65.0,40.841,53.736,-10.737,0.09,1.32,0.0
ATOM,1028.0,N,LEU,66.0,43.115,51.624,-15.683,-0.47,1.85,0.0
ATOM,1029.0,CA,LEU,66.0,44.362,51.626,-16.455,0.07,2.275,0.0
ATOM,1030.0,C,LEU,66.0,44.505,52.799,-17.422,0.51,2.0,0.0
ATOM,1031.0,O,LEU,66.0,45.615,53.067,-17.95,-0.51,1.7,11.06
ATOM,1032.0,CB,LEU,66.0,44.558,50.311,-17.188,-0.18,2.175,2.12
ATOM,1033.0,CG,LEU,66.0,44.381,49.095,-16.284,-0.09,2.275,0.0
ATOM,1034.0,CD1,LEU,66.0,44.874,47.866,-17.04,-0.27,2.06,15.29
ATOM,1035.0,CD2,LEU,66.0,45.122,49.257,-14.95,-0.27,2.06,0.0
ATOM,1036.0,H,LEU,66.0,42.292,51.073,-15.925,0.31,0.2245,0.0
ATOM,1037.0,HA,LEU,66.0,45.141,51.658,-15.798,0.09,1.32,0.0
ATOM,1038.0,HB2,LEU,66.0,43.882,50.25,-17.901,0.09,1.32,4.67
ATOM,1039.0,HB3,LEU,66.0,45.475,50.287,-17.542,0.09,1.32,0.29
ATOM,1040.0,HG,LEU,66.0,43.422,48.985,-16.067,0.09,1.32,0.0
ATOM,1041.0,HD11,LEU,66.0,45.839,47.984,-17.274,0.09,1.32,0.0
ATOM,1042.0,HD12,LEU,66.0,44.767,47.056,-16.464,0.09,1.32,0.0
ATOM,1043.0,HD13,LEU,66.0,44.339,47.754,-17.877,0.09,1.32,9.07
ATOM,1044.0,HD21,LEU,66.0,44.766,50.058,-14.472,0.09,1.32,0.0
ATOM,1045.0,HD22,LEU,66.0,44.978,48.44,-14.393,0.09,1.32,0.0
ATOM,1046.0,HD23,LEU,66.0,46.097,49.376,-15.129,0.09,1.32,0.0
ATOM,1047.0,N,LYS,67.0,43.398,53.491,-17.68,-0.47,1.85,0.71
ATOM,1048.0,CA,LYS,67.0,43.468,54.721,-18.496,0.07,2.275,1.96
ATOM,1049.0,C,LYS,67.0,42.428,55.759,-18.007,0.34,2.0,2.04
ATOM,1050.0,O,LYS,67.0,41.812,55.608,-16.905,-0.67,1.7,11.46
ATOM,1051.0,CB,LYS,67.0,43.32,54.409,-20.001,-0.18,2.175,8.84
ATOM,1052.0,CG,LYS,67.0,44.391,53.476,-20.546,-0.18,2.175,3.09
ATOM,1053.0,CD,LYS,67.0,44.189,53.211,-22.03,-0.18,2.175,10.86
ATOM,1054.0,CE,LYS,67.0,45.241,52.284,-22.6,0.21,2.175,19.35
ATOM,1055.0,NZ,LYS,67.0,45.005,52.054,-24.047,-0.3,1.85,14.03
ATOM,1056.0,OXT,LYS,67.0,42.045,56.801,-18.527,-0.67,1.7,41.64
ATOM,1057.0,H,LYS,67.0,42.531,53.118,-17.284,0.31,0.2245,1.64
ATOM,1058.0,HA,LYS,67.0,44.381,55.12,-18.402,0.09,1.32,4.63
ATOM,1059.0,HB2,LYS,67.0,42.43,53.984,-20.139,0.09,1.32,9.98
ATOM,1060.0,HB3,LYS,67.0,43.368,55.272,-20.498,0.09,1.32,7.97
ATOM,1061.0,HG2,LYS,67.0,45.288,53.895,-20.411,0.09,1.32,7.18
ATOM,1062.0,HG3,LYS,67.0,44.35,52.608,-20.053,0.09,1.32,0.18
ATOM,1063.0,HD2,LYS,67.0,43.29,52.794,-22.161,0.09,1.32,9.15
ATOM,1064.0,HD3,LYS,67.0,44.23,54.081,-22.519,0.09,1.32,9.2
ATOM,1065.0,HE2,LYS,67.0,46.143,52.697,-22.475,0.05,1.32,10.62
ATOM,1066.0,HE3,LYS,67.0,45.204,51.41,-22.117,0.05,1.32,9.32
ATOM,1067.0,HZ1,LYS,67.0,45.676,51.4,-24.395,0.33,0.2245,20.58
ATOM,1068.0,HZ2,LYS,67.0,44.083,51.689,-24.181,0.33,0.2245,17.84
ATOM,1069.0,HZ3,LYS,67.0,45.095,52.919,-24.541,0.33,0.2245,18.0
