atom,serial,name,resname,resid,x,y,z,charges,radius,sasa
ATOM,1.0,N,GLU,22.0,61.696,34.251,13.075,-0.3,1.85,1.78
ATOM,2.0,CA,GLU,22.0,62.63,35.308,12.612,0.21,2.275,6.53
ATOM,3.0,C,GLU,22.0,63.739,34.66,11.754,0.51,2.0,1.73
ATOM,4.0,O,GLU,22.0,63.426,33.971,10.771,-0.51,1.7,18.23
ATOM,5.0,CB,GLU,22.0,63.179,36.015,13.796,-0.18,2.175,2.02
ATOM,6.0,CG,GLU,22.0,62.243,36.767,14.742,-0.28,2.175,11.5
ATOM,7.0,CD,GLU,22.0,62.846,37.459,15.915,0.62,2.0,3.86
ATOM,8.0,OE1,GLU,22.0,64.053,37.449,16.149,-0.76,1.7,37.83
ATOM,9.0,OE2,GLU,22.0,62.005,38.029,16.628,-0.76,1.7,31.69
ATOM,10.0,H,GLU,22.0,62.191,33.389,13.163,0.33,0.2245,0.0
ATOM,11.0,HA,GLU,22.0,62.134,35.974,12.065,0.1,1.32,10.62
ATOM,12.0,HB2,GLU,22.0,63.674,35.341,14.37,0.09,1.32,0.0
ATOM,13.0,HB3,GLU,22.0,63.86,36.695,13.476,0.09,1.32,6.84
ATOM,14.0,HG2,GLU,22.0,61.756,37.456,14.192,0.09,1.32,10.89
ATOM,15.0,HG3,GLU,22.0,61.57,36.103,15.086,0.09,1.32,1.43
ATOM,16.0,H2,GLU,22.0,61.316,34.511,13.96,0.33,0.2245,1.45
ATOM,17.0,H3,GLU,22.0,60.959,34.148,12.411,0.33,0.2245,15.98
ATOM,18.0,N,HIS,23.0,65.017,34.819,12.081,-0.47,1.85,2.14
ATOM,19.0,CA,HIS,23.0,65.925,33.887,11.423,0.07,2.275,0.15
ATOM,20.0,C,HIS,23.0,66.582,32.83,12.298,0.51,2.0,0.0
ATOM,21.0,O,HIS,23.0,67.154,33.036,13.365,-0.51,1.7,4.97
ATOM,22.0,CB,HIS,23.0,66.802,34.449,10.307,-0.09,2.175,4.06
ATOM,23.0,CG,HIS,23.0,66.814,33.573,9.079,-0.05,1.8,0.63
ATOM,24.0,H,HIS,23.0,65.257,35.53,12.723,0.31,0.2245,7.32
ATOM,25.0,HA,HIS,23.0,65.396,33.4,10.683,0.09,1.32,0.0
ATOM,26.0,HB2,HIS,23.0,66.462,35.352,10.041,0.09,1.32,10.17
ATOM,27.0,HB3,HIS,23.0,67.743,34.534,10.637,0.09,1.32,0.0
ATOM,28.0,ND1,HIS,23.0,66.072,32.407,8.993,-0.36,1.85,2.05
ATOM,29.0,CD2,HIS,23.0,67.485,33.682,7.903,0.22,1.8,14.81
ATOM,30.0,CE1,HIS,23.0,66.296,31.832,7.824,0.25,1.8,14.48
ATOM,31.0,NE2,HIS,23.0,67.146,32.586,7.144,-0.7,1.85,10.07
ATOM,32.0,HD1,HIS,23.0,65.464,32.06,9.705,0.32,0.2245,1.22
ATOM,33.0,HD2,HIS,23.0,68.104,34.414,7.641,0.1,1.468,8.75
ATOM,34.0,HE1,HIS,23.0,65.896,30.978,7.507,0.13,0.9,11.64
ATOM,35.0,N,PHE,24.0,66.365,31.65,11.788,-0.47,1.85,0.0
ATOM,36.0,CA,PHE,24.0,66.659,30.431,12.493,0.07,2.275,0.0
ATOM,37.0,C,PHE,24.0,68.128,30.072,12.32,0.51,2.0,0.0
ATOM,38.0,O,PHE,24.0,68.76,30.389,11.308,-0.51,1.7,0.0
ATOM,39.0,CB,PHE,24.0,65.854,29.293,11.889,-0.18,2.175,2.74
ATOM,40.0,CG,PHE,24.0,64.399,29.278,12.286,0.0,1.9924,0.6
ATOM,41.0,CD1,PHE,24.0,63.744,30.404,12.7,-0.115,1.9924,1.78
ATOM,42.0,CD2,PHE,24.0,63.709,28.094,12.249,-0.115,1.9924,1.52
ATOM,43.0,CE1,PHE,24.0,62.404,30.34,13.076,-0.115,1.9924,4.41
ATOM,44.0,CE2,PHE,24.0,62.42,28.041,12.591,-0.115,1.9924,0.35
ATOM,45.0,CZ,PHE,24.0,61.763,29.192,13.004,-0.115,1.9924,6.16
ATOM,46.0,H,PHE,24.0,65.957,31.663,10.817,0.31,0.2245,0.0
ATOM,47.0,HA,PHE,24.0,66.521,30.607,13.473,0.09,1.32,0.0
ATOM,48.0,HB2,PHE,24.0,65.896,29.375,10.902,0.09,1.32,1.45
ATOM,49.0,HB3,PHE,24.0,66.256,28.437,12.189,0.09,1.32,0.36
ATOM,50.0,HD1,PHE,24.0,64.212,31.282,12.738,0.115,1.3582,0.0
ATOM,51.0,HD2,PHE,24.0,64.198,27.257,11.955,0.115,1.3582,0.0
ATOM,52.0,HE1,PHE,24.0,61.962,31.196,13.399,0.115,1.3582,0.0
ATOM,53.0,HE2,PHE,24.0,61.901,27.161,12.556,0.115,1.3582,0.0
ATOM,54.0,HZ,PHE,24.0,60.779,29.119,13.246,0.115,1.3582,0.0
ATOM,55.0,N,VAL,25.0,68.637,29.322,13.28,-0.47,1.85,0.0
ATOM,56.0,CA,VAL,25.0,69.946,28.708,13.138,0.07,2.275,0.0
ATOM,57.0,C,VAL,25.0,69.777,27.632,12.074,0.51,2.0,0.0
ATOM,58.0,O,VAL,25.0,68.853,26.82,12.16,-0.51,1.7,0.57
ATOM,59.0,CB,VAL,25.0,70.401,28.057,14.437,-0.09,2.275,0.0
ATOM,60.0,CG1,VAL,25.0,71.751,27.362,14.262,-0.27,2.06,0.0
ATOM,61.0,CG2,VAL,25.0,70.484,29.087,15.589,-0.27,2.06,0.36
ATOM,62.0,H,VAL,25.0,68.039,29.212,14.12,0.31,0.2245,0.4
ATOM,63.0,HA,VAL,25.0,70.576,29.385,12.792,0.09,1.32,0.0
ATOM,64.0,HB,VAL,25.0,69.743,27.345,14.677,0.09,1.32,0.0
ATOM,65.0,HG11,VAL,25.0,71.627,26.374,14.339,0.09,1.32,0.0
ATOM,66.0,HG12,VAL,25.0,72.123,27.584,13.362,0.09,1.32,0.0
ATOM,67.0,HG13,VAL,25.0,72.38,27.677,14.971,0.09,1.32,0.0
ATOM,68.0,HG21,VAL,25.0,70.206,29.977,15.239,0.09,1.32,0.01
ATOM,69.0,HG22,VAL,25.0,69.873,28.796,16.319,0.09,1.32,0.0
ATOM,70.0,HG23,VAL,25.0,71.424,29.121,15.917,0.09,1.32,0.0
ATOM,71.0,N,ARG,26.0,70.679,27.644,11.097,-0.47,1.85,0.0
ATOM,72.0,CA,ARG,26.0,70.661,26.731,9.973,0.07,2.275,0.19
ATOM,73.0,C,ARG,26.0,71.973,25.963,9.925,0.51,2.0,0.0
ATOM,74.0,O,ARG,26.0,72.927,26.279,10.63,-0.51,1.7,0.0
ATOM,75.0,CB,ARG,26.0,70.476,27.525,8.67,-0.18,2.175,4.02
ATOM,76.0,CG,ARG,26.0,69.084,28.193,8.594,-0.18,2.175,1.97
ATOM,77.0,CD,ARG,26.0,68.974,29.281,7.535,0.2,2.175,1.07
ATOM,78.0,NE,ARG,26.0,68.672,28.749,6.211,-0.7,1.85,5.59
ATOM,79.0,CZ,ARG,26.0,68.608,29.474,5.095,0.64,2.0,2.53
ATOM,80.0,NH1,ARG,26.0,68.838,30.784,5.118,-0.8,1.85,15.75
ATOM,81.0,NH2,ARG,26.0,68.322,28.876,3.947,-0.8,1.85,29.21
ATOM,82.0,H,ARG,26.0,71.418,28.388,11.216,0.31,0.2245,0.0
ATOM,83.0,HA,ARG,26.0,69.911,26.076,10.092,0.09,1.32,0.59
ATOM,84.0,HB2,ARG,26.0,71.152,28.238,8.637,0.09,1.32,0.0
ATOM,85.0,HB3,ARG,26.0,70.552,26.905,7.91,0.09,1.32,1.97
ATOM,86.0,HG2,ARG,26.0,68.399,27.486,8.393,0.09,1.32,8.31
ATOM,87.0,HG3,ARG,26.0,68.874,28.601,9.488,0.09,1.32,0.0
ATOM,88.0,HD2,ARG,26.0,68.248,29.909,7.813,0.09,1.32,0.0
ATOM,89.0,HD3,ARG,26.0,69.846,29.769,7.504,0.09,1.32,2.42
ATOM,90.0,HE,ARG,26.0,68.498,27.756,6.132,0.44,0.2245,9.66
ATOM,91.0,HH11,ARG,26.0,69.082,31.24,5.971,0.46,0.2245,1.98
ATOM,92.0,HH12,ARG,26.0,68.767,31.317,4.271,0.46,0.2245,18.05
ATOM,93.0,HH21,ARG,26.0,68.175,27.886,3.918,0.46,0.2245,17.97
ATOM,94.0,HH22,ARG,26.0,68.253,29.413,3.105,0.46,0.2245,18.51
ATOM,95.0,N,VAL,27.0,72.037,24.963,9.059,-0.47,1.85,0.0
ATOM,96.0,CA,VAL,27.0,73.268,24.232,8.815,0.07,2.275,0.0
ATOM,97.0,C,VAL,27.0,73.717,24.452,7.375,0.51,2.0,0.01
ATOM,98.0,O,VAL,27.0,72.89,24.435,6.43,-0.51,1.7,24.49
ATOM,99.0,CB,VAL,27.0,73.097,22.718,9.101,-0.09,2.275,0.3
ATOM,100.0,CG1,VAL,27.0,74.326,21.942,8.595,-0.27,2.06,1.4
ATOM,101.0,CG2,VAL,27.0,72.868,22.454,10.601,-0.27,2.06,0.0
ATOM,102.0,H,VAL,27.0,71.138,24.749,8.574,0.31,0.2245,5.72
ATOM,103.0,HA,VAL,27.0,73.979,24.598,9.419,0.09,1.32,0.0
ATOM,104.0,HB,VAL,27.0,72.32,22.397,8.576,0.09,1.32,5.91
ATOM,105.0,HG11,VAL,27.0,75.016,22.592,8.285,0.09,1.32,0.0
ATOM,106.0,HG12,VAL,27.0,74.691,21.389,9.34,0.09,1.32,0.0
ATOM,107.0,HG13,VAL,27.0,74.05,21.353,7.839,0.09,1.32,10.51
ATOM,108.0,HG21,VAL,27.0,71.905,22.24,10.746,0.09,1.32,0.0
ATOM,109.0,HG22,VAL,27.0,73.437,21.685,10.882,0.09,1.32,0.0
ATOM,110.0,HG23,VAL,27.0,73.118,23.272,11.113,0.09,1.32,0.0
ATOM,111.0,N,ASN,28.0,75.026,24.651,7.212,-0.47,1.85,0.0
ATOM,112.0,CA,ASN,28.0,75.686,24.657,5.903,0.07,2.275,0.04
ATOM,113.0,C,ASN,28.0,76.934,23.834,5.953,0.51,2.0,0.12
ATOM,114.0,O,ASN,28.0,77.953,24.297,6.455,-0.51,1.7,1.25
ATOM,115.0,CB,ASN,28.0,76.096,26.08,5.56,-0.18,2.175,2.0
ATOM,116.0,CG,ASN,28.0,76.384,26.263,4.072,0.55,2.0,3.05
ATOM,117.0,H,ASN,28.0,75.549,24.804,8.109,0.31,0.2245,0.0
ATOM,118.0,HA,ASN,28.0,75.052,24.217,5.259,0.09,1.32,2.26
ATOM,119.0,HB2,ASN,28.0,75.357,26.697,5.812,0.09,1.32,1.43
ATOM,120.0,HB3,ASN,28.0,76.922,26.307,6.067,0.09,1.32,0.0
ATOM,121.0,OD1,ASN,28.0,76.067,25.386,3.23,-0.55,1.7,32.89
ATOM,122.0,ND2,ASN,28.0,76.965,27.403,3.737,-0.62,1.85,18.4
ATOM,123.0,HD22,ASN,28.0,77.197,28.083,4.433,0.3,0.2245,0.02
ATOM,124.0,HD21,ASN,28.0,77.179,27.593,2.773,0.32,0.2245,21.9
ATOM,125.0,N,GLY,29.0,76.862,22.608,5.472,-0.47,1.85,0.63
ATOM,126.0,CA,GLY,29.0,78.005,21.708,5.563,-0.02,2.175,9.29
ATOM,127.0,C,GLY,29.0,78.326,21.412,7.026,0.51,2.0,0.0
ATOM,128.0,O,GLY,29.0,77.43,21.058,7.775,-0.51,1.7,0.01
ATOM,129.0,H,GLY,29.0,75.961,22.349,5.041,0.31,0.2245,11.78
ATOM,130.0,HA2,GLY,29.0,77.796,20.849,5.09,0.09,1.32,0.0
ATOM,131.0,HA3,GLY,29.0,78.804,22.132,5.128,0.09,1.32,7.35
ATOM,132.0,N,GLY,30.0,79.583,21.645,7.437,-0.47,1.85,0.79
ATOM,133.0,CA,GLY,30.0,80.044,21.271,8.766,-0.02,2.175,5.54
ATOM,134.0,C,GLY,30.0,79.939,22.362,9.812,0.51,2.0,0.87
ATOM,135.0,O,GLY,30.0,80.51,22.242,10.879,-0.51,1.7,1.8
ATOM,136.0,H,GLY,30.0,80.184,22.11,6.727,0.31,0.2245,9.75
ATOM,137.0,HA2,GLY,30.0,79.515,20.451,9.083,0.09,1.32,0.0
ATOM,138.0,HA3,GLY,30.0,81.019,20.959,8.704,0.09,1.32,4.71
ATOM,139.0,N,HIS,31.0,79.24,23.452,9.488,-0.47,1.85,0.0
ATOM,140.0,CA,HIS,31.0,79.014,24.506,10.456,0.07,2.275,0.0
ATOM,141.0,C,HIS,31.0,77.564,24.973,10.454,0.51,2.0,0.0
ATOM,142.0,O,HIS,31.0,76.818,24.718,9.531,-0.51,1.7,0.0
ATOM,143.0,CB,HIS,31.0,79.925,25.709,10.206,-0.09,2.175,10.14
ATOM,144.0,CG,HIS,31.0,79.714,26.384,8.885,-0.05,1.8,0.69
ATOM,145.0,ND1,HIS,31.0,78.976,27.548,8.747,-0.36,1.85,0.15
ATOM,146.0,CD2,HIS,31.0,80.121,26.043,7.636,0.22,1.8,13.46
ATOM,147.0,CE1,HIS,31.0,78.957,27.898,7.469,0.25,1.8,5.47
ATOM,148.0,NE2,HIS,31.0,79.634,26.998,6.772,-0.7,1.85,16.91
ATOM,149.0,H,HIS,31.0,78.889,23.47,8.516,0.31,0.2245,0.0
ATOM,150.0,HA,HIS,31.0,79.227,24.149,11.378,0.09,1.32,0.0
ATOM,151.0,HB2,HIS,31.0,79.776,26.39,10.936,0.09,1.32,0.42
ATOM,152.0,HB3,HIS,31.0,80.887,25.406,10.255,0.09,1.32,7.82
ATOM,153.0,HD1,HIS,31.0,78.532,28.039,9.491,0.32,0.2245,0.0
ATOM,154.0,HD2,HIS,31.0,80.67,25.249,7.389,0.1,1.468,7.61
ATOM,155.0,HE1,HIS,31.0,78.508,28.704,7.094,0.13,0.9,0.35
ATOM,156.0,N,PHE,32.0,77.204,25.659,11.524,-0.47,1.85,0.0
ATOM,157.0,CA,PHE,32.0,75.935,26.345,11.654,0.07,2.275,0.0
ATOM,158.0,C,PHE,32.0,76.088,27.768,11.122,0.51,2.0,0.0
ATOM,159.0,O,PHE,32.0,77.177,28.34,11.101,-0.51,1.7,0.0
ATOM,160.0,CB,PHE,32.0,75.487,26.452,13.136,-0.18,2.175,0.0
ATOM,161.0,CG,PHE,32.0,75.311,25.135,13.841,0.0,1.9924,0.0
ATOM,162.0,CD1,PHE,32.0,74.313,24.287,13.48,-0.115,1.9924,0.0
ATOM,163.0,CD2,PHE,32.0,76.154,24.76,14.878,-0.115,1.9924,0.0
ATOM,164.0,CE1,PHE,32.0,74.15,23.044,14.101,-0.115,1.9924,0.0
ATOM,165.0,CE2,PHE,32.0,75.997,23.522,15.504,-0.115,1.9924,0.0
ATOM,166.0,CZ,PHE,32.0,74.985,22.682,15.134,-0.115,1.9924,0.0
ATOM,167.0,H,PHE,32.0,77.933,25.665,12.29,0.31,0.2245,0.11
ATOM,168.0,HA,PHE,32.0,75.283,25.884,11.053,0.09,1.32,0.0
ATOM,169.0,HB2,PHE,32.0,76.182,26.971,13.615,0.09,1.32,0.0
ATOM,170.0,HB3,PHE,32.0,74.618,26.928,13.146,0.09,1.32,0.0
ATOM,171.0,HD1,PHE,32.0,73.667,24.537,12.753,0.115,1.3582,0.0
ATOM,172.0,HD2,PHE,32.0,76.878,25.375,15.18,0.115,1.3582,0.0
ATOM,173.0,HE1,PHE,32.0,73.42,22.43,13.783,0.115,1.3582,0.0
ATOM,174.0,HE2,PHE,32.0,76.65,23.261,16.241,0.115,1.3582,0.0
ATOM,175.0,HZ,PHE,32.0,74.845,21.809,15.604,0.115,1.3582,0.0
ATOM,176.0,N,GLU,33.0,74.972,28.321,10.701,-0.47,1.85,0.0
ATOM,177.0,CA,GLU,33.0,74.898,29.685,10.227,0.07,2.275,0.0
ATOM,178.0,C,GLU,33.0,73.691,30.357,10.84,0.51,2.0,0.0
ATOM,179.0,O,GLU,33.0,72.661,29.727,11.05,-0.51,1.7,0.0
ATOM,180.0,CB,GLU,33.0,74.797,29.684,8.698,-0.18,2.175,0.54
ATOM,181.0,CG,GLU,33.0,76.137,29.377,8.026,-0.28,2.175,0.18
ATOM,182.0,CD,GLU,33.0,76.122,29.55,6.518,0.62,2.0,0.13
ATOM,183.0,OE1,GLU,33.0,75.033,29.859,5.966,-0.76,1.7,21.09
ATOM,184.0,OE2,GLU,33.0,77.199,29.348,5.881,-0.76,1.7,14.16
ATOM,185.0,H,GLU,33.0,74.134,27.685,10.738,0.31,0.2245,0.0
ATOM,186.0,HA,GLU,33.0,75.729,30.183,10.485,0.09,1.32,0.0
ATOM,187.0,HB2,GLU,33.0,74.17,28.982,8.439,0.09,1.32,0.1
ATOM,188.0,HB3,GLU,33.0,74.523,30.576,8.414,0.09,1.32,0.0
ATOM,189.0,HG2,GLU,33.0,76.81,29.998,8.392,0.09,1.32,0.0
ATOM,190.0,HG3,GLU,33.0,76.366,28.437,8.217,0.09,1.32,0.0
ATOM,191.0,N,LEU,34.0,73.815,31.649,11.124,-0.47,1.85,0.0
ATOM,192.0,CA,LEU,34.0,72.706,32.445,11.604,0.07,2.275,0.12
ATOM,193.0,C,LEU,34.0,72.794,33.754,10.854,0.51,2.0,0.0
ATOM,194.0,O,LEU,34.0,73.78,34.445,10.995,-0.51,1.7,2.24
ATOM,195.0,CB,LEU,34.0,72.837,32.715,13.102,-0.18,2.175,0.02
ATOM,196.0,CG,LEU,34.0,71.768,33.575,13.801,-0.09,2.275,0.86
ATOM,197.0,CD1,LEU,34.0,70.402,32.991,13.594,-0.27,2.06,2.18
ATOM,198.0,CD2,LEU,34.0,72.095,33.653,15.272,-0.27,2.06,16.67
ATOM,199.0,H,LEU,34.0,74.775,32.032,10.971,0.31,0.2245,0.0
ATOM,200.0,HA,LEU,34.0,71.858,31.997,11.364,0.09,1.32,0.0
ATOM,201.0,HB2,LEU,34.0,72.849,31.825,13.576,0.09,1.32,0.0
ATOM,202.0,HB3,LEU,34.0,73.723,33.168,13.257,0.09,1.32,2.36
ATOM,203.0,HG,LEU,34.0,71.809,34.5,13.419,0.09,1.32,0.59
ATOM,204.0,HD11,LEU,34.0,70.363,32.062,13.973,0.09,1.32,0.0
ATOM,205.0,HD12,LEU,34.0,69.711,33.557,14.053,0.09,1.32,4.84
ATOM,206.0,HD13,LEU,34.0,70.189,32.95,12.614,0.09,1.32,0.0
ATOM,207.0,HD21,LEU,34.0,72.999,34.069,15.399,0.09,1.32,6.56
ATOM,208.0,HD22,LEU,34.0,71.408,34.21,15.745,0.09,1.32,10.66
ATOM,209.0,HD23,LEU,34.0,72.1,32.732,15.67,0.09,1.32,0.0
ATOM,210.0,N,GLN,35.0,71.777,34.063,10.056,-0.47,1.85,0.0
ATOM,211.0,CA,GLN,35.0,71.761,35.28,9.231,0.07,2.275,4.09
ATOM,212.0,C,GLN,35.0,72.99,35.34,8.338,0.51,2.0,1.83
ATOM,213.0,O,GLN,35.0,73.645,36.383,8.226,-0.51,1.7,11.97
ATOM,214.0,CB,GLN,35.0,71.719,36.519,10.091,-0.18,2.175,3.83
ATOM,215.0,CG,GLN,35.0,70.474,36.715,10.908,-0.18,2.175,2.75
ATOM,216.0,CD,GLN,35.0,70.303,38.189,11.286,0.55,2.0,2.81
ATOM,217.0,H,GLN,35.0,70.994,33.375,10.062,0.31,0.2245,0.09
ATOM,218.0,HA,GLN,35.0,70.949,35.238,8.641,0.09,1.32,2.42
ATOM,219.0,HB2,GLN,35.0,72.511,36.501,10.726,0.09,1.32,2.43
ATOM,220.0,HB3,GLN,35.0,71.834,37.333,9.494,0.09,1.32,4.68
ATOM,221.0,HG2,GLN,35.0,69.682,36.44,10.379,0.09,1.32,0.81
ATOM,222.0,HG3,GLN,35.0,70.539,36.188,11.745,0.09,1.32,0.0
ATOM,223.0,OE1,GLN,35.0,70.101,39.044,10.411,-0.55,1.7,39.01
ATOM,224.0,NE2,GLN,35.0,70.428,38.487,12.571,-0.62,1.85,27.64
ATOM,225.0,HE21,GLN,35.0,70.341,39.445,12.893,0.32,0.2245,22.02
ATOM,226.0,HE22,GLN,35.0,70.613,37.736,13.235,0.3,0.2245,10.84
ATOM,227.0,N,GLY,36.0,73.327,34.214,7.74,-0.47,1.85,3.81
ATOM,228.0,CA,GLY,36.0,74.377,34.175,6.732,-0.02,2.175,16.72
ATOM,229.0,C,GLY,36.0,75.788,34.289,7.276,0.51,2.0,0.23
ATOM,230.0,O,GLY,36.0,76.745,34.337,6.479,-0.51,1.7,29.92
ATOM,231.0,H,GLY,36.0,72.793,33.376,8.041,0.31,0.2245,1.98
ATOM,232.0,HA2,GLY,36.0,74.294,33.304,6.198,0.09,1.32,4.4
ATOM,233.0,HA3,GLY,36.0,74.218,34.928,6.056,0.09,1.32,11.12
ATOM,234.0,N,LYS,37.0,75.931,34.308,8.604,-0.47,1.85,0.0
ATOM,235.0,CA,LYS,37.0,77.231,34.325,9.256,0.07,2.275,0.0
ATOM,236.0,C,LYS,37.0,77.418,32.995,10.024,0.51,2.0,0.0
ATOM,237.0,O,LYS,37.0,76.439,32.421,10.528,-0.51,1.7,0.0
ATOM,238.0,CB,LYS,37.0,77.31,35.493,10.227,-0.18,2.175,1.93
ATOM,239.0,CG,LYS,37.0,77.128,36.917,9.596,-0.18,2.175,5.93
ATOM,240.0,CD,LYS,37.0,77.223,37.996,10.626,-0.18,2.175,7.6
ATOM,241.0,CE,LYS,37.0,77.05,39.374,10.035,0.21,2.175,17.57
ATOM,242.0,NZ,LYS,37.0,77.15,40.423,11.09,-0.3,1.85,14.41
ATOM,243.0,H,LYS,37.0,75.026,34.31,9.13,0.31,0.2245,0.0
ATOM,244.0,HA,LYS,37.0,77.949,34.39,8.568,0.09,1.32,0.96
ATOM,245.0,HB2,LYS,37.0,76.596,35.39,10.922,0.09,1.32,2.11
ATOM,246.0,HB3,LYS,37.0,78.207,35.486,10.675,0.09,1.32,3.07
ATOM,247.0,HG2,LYS,37.0,77.843,37.032,8.907,0.09,1.32,9.15
ATOM,248.0,HG3,LYS,37.0,76.232,36.936,9.155,0.09,1.32,0.0
ATOM,249.0,HD2,LYS,37.0,76.51,37.857,11.317,0.09,1.32,7.71
ATOM,250.0,HD3,LYS,37.0,78.121,37.953,11.069,0.09,1.32,9.88
ATOM,251.0,HE2,LYS,37.0,77.762,39.532,9.35,0.05,1.32,10.62
ATOM,252.0,HE3,LYS,37.0,76.151,39.436,9.598,0.05,1.32,7.62
ATOM,253.0,HZ1,LYS,37.0,77.105,39.991,11.99,0.33,0.2245,14.89
ATOM,254.0,HZ2,LYS,37.0,78.018,40.907,10.992,0.33,0.2245,20.71
ATOM,255.0,HZ3,LYS,37.0,76.392,41.066,10.989,0.33,0.2245,20.73
ATOM,256.0,N,PRO,38.0,78.648,32.54,10.205,-0.29,1.85,0.0
ATOM,257.0,CA,PRO,38.0,78.851,31.326,11.009,0.02,2.275,0.0
ATOM,258.0,C,PRO,38.0,78.398,31.534,12.463,0.51,2.0,0.0
ATOM,259.0,O,PRO,38.0,78.431,32.641,13.002,-0.51,1.7,8.92
ATOM,260.0,CB,PRO,38.0,80.367,31.071,10.934,-0.18,2.175,7.59
ATOM,261.0,CG,PRO,38.0,80.878,32.016,9.892,-0.18,2.175,16.95
ATOM,262.0,CD,PRO,38.0,79.926,33.127,9.756,0.0,2.175,13.43
ATOM,263.0,HA,PRO,38.0,78.372,30.542,10.599,0.09,1.32,0.0
ATOM,264.0,HB2,PRO,38.0,80.797,31.251,11.825,0.09,1.32,0.0
ATOM,265.0,HB3,PRO,38.0,80.55,30.117,10.676,0.09,1.32,2.17
ATOM,266.0,HG2,PRO,38.0,81.808,32.349,10.158,0.09,1.32,6.13
ATOM,267.0,HG3,PRO,38.0,81.001,31.517,9.008,0.09,1.32,8.32
ATOM,268.0,HD2,PRO,38.0,80.165,33.91,10.337,0.09,1.32,2.92
ATOM,269.0,HD3,PRO,38.0,79.841,33.446,8.806,0.09,1.32,6.23
ATOM,270.0,N,TYR,39.0,77.929,30.444,13.067,-0.47,1.85,0.0
ATOM,271.0,CA,TYR,39.0,77.408,30.43,14.422,0.07,2.275,0.0
ATOM,272.0,C,TYR,39.0,78.052,29.223,15.096,0.51,2.0,0.0
ATOM,273.0,O,TYR,39.0,78.002,28.124,14.552,-0.51,1.7,0.25
ATOM,274.0,CB,TYR,39.0,75.91,30.235,14.363,-0.18,2.175,0.0
ATOM,275.0,CG,TYR,39.0,75.183,30.319,15.68,0.0,1.9924,0.0
ATOM,276.0,CD1,TYR,39.0,75.03,31.547,16.328,-0.115,1.9924,1.3
ATOM,277.0,CD2,TYR,39.0,74.608,29.21,16.256,-0.115,1.9924,0.0
ATOM,278.0,CE1,TYR,39.0,74.355,31.659,17.531,-0.115,1.9924,0.76
ATOM,279.0,CE2,TYR,39.0,73.903,29.312,17.483,-0.115,1.9924,0.0
ATOM,280.0,CZ,TYR,39.0,73.764,30.53,18.1,0.11,1.9924,0.0
ATOM,281.0,OH,TYR,39.0,73.074,30.688,19.291,-0.54,1.77,0.0
ATOM,282.0,H,TYR,39.0,77.97,29.579,12.465,0.31,0.2245,0.0
ATOM,283.0,HA,TYR,39.0,77.714,31.244,14.89,0.09,1.32,0.73
ATOM,284.0,HB2,TYR,39.0,75.521,30.934,13.75,0.09,1.32,0.0
ATOM,285.0,HB3,TYR,39.0,75.722,29.328,13.965,0.09,1.32,0.0
ATOM,286.0,HD1,TYR,39.0,75.423,32.373,15.907,0.115,1.3582,7.19
ATOM,287.0,HD2,TYR,39.0,74.675,28.318,15.823,0.115,1.3582,0.0
ATOM,288.0,HE1,TYR,39.0,74.286,32.543,17.995,0.115,1.3582,8.55
ATOM,289.0,HE2,TYR,39.0,73.513,28.482,17.885,0.115,1.3582,0.0
ATOM,290.0,HH,TYR,39.0,72.969,31.662,19.477,0.43,0.2245,1.1
ATOM,291.0,N,VAL,40.0,78.699,29.448,16.232,-0.47,1.85,0.0
ATOM,292.0,CA,VAL,40.0,79.378,28.396,16.983,0.07,2.275,0.0
ATOM,293.0,C,VAL,40.0,78.714,28.326,18.361,0.51,2.0,0.0
ATOM,294.0,O,VAL,40.0,78.46,29.351,18.98,-0.51,1.7,0.0
ATOM,295.0,CB,VAL,40.0,80.889,28.686,17.087,-0.09,2.275,0.0
ATOM,296.0,CG1,VAL,40.0,81.599,27.663,17.944,-0.27,2.06,0.0
ATOM,297.0,CG2,VAL,40.0,81.491,28.76,15.641,-0.27,2.06,5.9
ATOM,298.0,H,VAL,40.0,78.682,30.448,16.547,0.31,0.2245,0.0
ATOM,299.0,HA,VAL,40.0,79.222,27.531,16.524,0.09,1.32,0.0
ATOM,300.0,HB,VAL,40.0,80.994,29.574,17.537,0.09,1.32,0.0
ATOM,301.0,HG11,VAL,40.0,81.062,27.481,18.77,0.09,1.32,0.0
ATOM,302.0,HG12,VAL,40.0,81.712,26.81,17.431,0.09,1.32,0.0
ATOM,303.0,HG13,VAL,40.0,82.501,28.009,18.208,0.09,1.32,0.0
ATOM,304.0,HG21,VAL,40.0,81.995,27.921,15.475,0.09,1.32,0.0
ATOM,305.0,HG22,VAL,40.0,80.739,28.854,15.0,0.09,1.32,0.11
ATOM,306.0,HG23,VAL,40.0,82.092,29.548,15.599,0.09,1.32,0.05
ATOM,307.0,N,ILE,41.0,78.441,27.115,18.826,-0.47,1.85,0.0
ATOM,308.0,CA,ILE,41.0,77.763,26.899,20.087,0.07,2.275,0.0
ATOM,309.0,C,ILE,41.0,78.773,27.014,21.238,0.51,2.0,0.0
ATOM,310.0,O,ILE,41.0,79.715,26.246,21.339,-0.51,1.7,0.0
ATOM,311.0,CB,ILE,41.0,77.101,25.48,20.112,-0.09,2.275,0.0
ATOM,312.0,CG1,ILE,41.0,76.277,25.234,18.858,-0.18,2.175,0.0
ATOM,313.0,CG2,ILE,41.0,76.322,25.245,21.405,-0.27,2.06,0.41
ATOM,314.0,CD1,ILE,41.0,75.338,26.27,18.517,-0.27,2.06,0.0
ATOM,315.0,H,ILE,41.0,78.757,26.334,18.204,0.31,0.2245,0.0
ATOM,316.0,HA,ILE,41.0,77.121,27.656,20.204,0.09,1.32,0.0
ATOM,317.0,HB,ILE,41.0,77.839,24.813,20.144,0.09,1.32,0.0
ATOM,318.0,HG12,ILE,41.0,76.93,25.082,18.095,0.09,1.32,0.0
ATOM,319.0,HG13,ILE,41.0,75.792,24.35,18.991,0.09,1.32,0.17
ATOM,320.0,HG21,ILE,41.0,76.006,24.299,21.433,0.09,1.32,0.71
ATOM,321.0,HG22,ILE,41.0,76.917,25.423,22.186,0.09,1.32,0.0
ATOM,322.0,HG23,ILE,41.0,75.538,25.861,21.435,0.09,1.32,0.0
ATOM,323.0,HD11,ILE,41.0,75.806,27.153,18.359,0.09,1.32,0.0
ATOM,324.0,HD12,ILE,41.0,74.826,26.04,17.675,0.09,1.32,0.0
ATOM,325.0,HD13,ILE,41.0,74.661,26.411,19.256,0.09,1.32,0.0
ATOM,326.0,N,THR,42.0,78.564,27.994,22.109,-0.47,1.85,0.0
ATOM,327.0,CA,THR,42.0,79.418,28.151,23.292,0.07,2.275,0.0
ATOM,328.0,C,THR,42.0,78.452,28.135,24.452,0.51,2.0,0.0
ATOM,329.0,O,THR,42.0,77.972,29.159,24.909,-0.51,1.7,0.0
ATOM,330.0,CB,THR,42.0,80.299,29.394,23.22,0.14,2.275,0.0
ATOM,331.0,OG1,THR,42.0,79.511,30.589,23.062,-0.66,1.77,0.08
ATOM,332.0,CG2,THR,42.0,81.18,29.33,21.995,-0.27,2.06,0.0
ATOM,333.0,H,THR,42.0,77.772,28.62,21.891,0.31,0.2245,0.0
ATOM,334.0,HA,THR,42.0,80.01,27.369,23.355,0.09,1.32,0.0
ATOM,335.0,HB,THR,42.0,80.828,29.484,24.097,0.09,1.32,0.0
ATOM,336.0,HG21,THR,42.0,81.18,28.399,21.618,0.09,1.32,0.0
ATOM,337.0,HG22,THR,42.0,80.842,29.964,21.293,0.09,1.32,0.0
ATOM,338.0,HG23,THR,42.0,82.122,29.583,22.233,0.09,1.32,0.0
ATOM,339.0,HG1,THR,42.0,79.549,31.142,23.899,0.43,0.2245,0.0
ATOM,340.0,N,GLY,43.0,78.142,26.929,24.907,-0.47,1.85,0.13
ATOM,341.0,CA,GLY,43.0,76.968,26.722,25.727,-0.02,2.175,0.0
ATOM,342.0,C,GLY,43.0,77.149,26.05,27.077,0.51,2.0,0.0
ATOM,343.0,O,GLY,43.0,78.263,25.655,27.491,-0.51,1.7,0.79
ATOM,344.0,H,GLY,43.0,78.796,26.175,24.63,0.31,0.2245,0.0
ATOM,345.0,HA2,GLY,43.0,76.499,27.638,25.876,0.09,1.32,0.0
ATOM,346.0,HA3,GLY,43.0,76.27,26.179,25.18,0.09,1.32,0.0
ATOM,347.0,N,VAL,44.0,76.027,25.889,27.761,-0.47,1.85,0.0
ATOM,348.0,CA,VAL,44.0,75.964,25.054,28.959,0.07,2.275,0.0
ATOM,349.0,C,VAL,44.0,74.708,24.185,28.931,0.51,2.0,0.0
ATOM,350.0,O,VAL,44.0,73.766,24.426,28.162,-0.51,1.7,0.0
ATOM,351.0,CB,VAL,44.0,75.916,25.867,30.3,-0.09,2.275,0.0
ATOM,352.0,CG1,VAL,44.0,77.121,26.771,30.439,-0.27,2.06,0.0
ATOM,353.0,CG2,VAL,44.0,74.612,26.674,30.441,-0.27,2.06,0.0
ATOM,354.0,H,VAL,44.0,75.204,26.4,27.38,0.31,0.2245,0.0
ATOM,355.0,HA,VAL,44.0,76.761,24.445,28.959,0.09,1.32,0.0
ATOM,356.0,HB,VAL,44.0,75.949,25.202,31.041,0.09,1.32,0.0
ATOM,357.0,HG11,VAL,44.0,76.826,27.728,30.461,0.09,1.32,0.0
ATOM,358.0,HG12,VAL,44.0,77.608,26.557,31.287,0.09,1.32,0.12
ATOM,359.0,HG13,VAL,44.0,77.738,26.635,29.662,0.09,1.32,0.0
ATOM,360.0,HG21,VAL,44.0,74.156,26.403,31.285,0.09,1.32,0.0
ATOM,361.0,HG22,VAL,44.0,74.837,27.645,30.469,0.09,1.32,0.0
ATOM,362.0,HG23,VAL,44.0,74.028,26.479,29.657,0.09,1.32,0.0
ATOM,363.0,N,ASN,45.0,74.726,23.168,29.766,-0.47,1.85,0.0
ATOM,364.0,CA,ASN,45.0,73.566,22.385,30.091,0.07,2.275,0.0
ATOM,365.0,C,ASN,45.0,73.001,22.971,31.352,0.51,2.0,0.0
ATOM,366.0,O,ASN,45.0,73.74,23.222,32.326,-0.51,1.7,0.0
ATOM,367.0,CB,ASN,45.0,73.915,20.912,30.356,-0.18,2.175,0.1
ATOM,368.0,CG,ASN,45.0,74.149,20.131,29.091,0.55,2.0,0.0
ATOM,369.0,H,ASN,45.0,75.68,22.976,30.181,0.31,0.2245,0.0
ATOM,370.0,HA,ASN,45.0,72.895,22.527,29.371,0.09,1.32,0.0
ATOM,371.0,HB2,ASN,45.0,74.743,20.886,30.912,0.09,1.32,0.0
ATOM,372.0,HB3,ASN,45.0,73.156,20.501,30.857,0.09,1.32,0.11
ATOM,373.0,OD1,ASN,45.0,73.21,19.53,28.53,-0.55,1.7,0.04
ATOM,374.0,ND2,ASN,45.0,75.41,20.125,28.612,-0.62,1.85,0.0
ATOM,375.0,HD22,ASN,45.0,76.119,20.622,29.108,0.3,0.2245,0.0
ATOM,376.0,HD21,ASN,45.0,75.619,19.63,27.778,0.32,0.2245,0.0
ATOM,377.0,N,MET,46.0,71.699,23.181,31.323,-0.47,1.85,0.0
ATOM,378.0,CA,MET,46.0,70.928,23.738,32.436,0.07,2.275,0.0
ATOM,379.0,C,MET,46.0,69.575,23.088,32.287,0.51,2.0,0.0
ATOM,380.0,O,MET,46.0,68.612,23.693,31.789,-0.51,1.7,0.0
ATOM,381.0,CB,MET,46.0,70.9,25.262,32.328,-0.18,2.175,0.0
ATOM,382.0,CG,MET,46.0,70.421,25.963,33.543,-0.14,2.175,0.0
ATOM,383.0,SD,MET,46.0,70.497,27.756,33.178,-0.09,2.0,0.0
ATOM,384.0,CE,MET,46.0,69.763,28.364,34.63,-0.22,2.06,0.0
ATOM,385.0,H,MET,46.0,71.242,22.909,30.409,0.31,0.2245,0.0
ATOM,386.0,HA,MET,46.0,71.334,23.431,33.274,0.09,1.32,0.0
ATOM,387.0,HB2,MET,46.0,71.839,25.582,32.105,0.09,1.32,0.0
ATOM,388.0,HB3,MET,46.0,70.308,25.513,31.541,0.09,1.32,0.0
ATOM,389.0,HG2,MET,46.0,69.479,25.704,33.753,0.09,1.32,0.0
ATOM,390.0,HG3,MET,46.0,71.006,25.756,34.326,0.09,1.32,0.0
ATOM,391.0,HE1,MET,46.0,70.234,29.198,34.953,0.09,1.32,0.0
ATOM,392.0,HE2,MET,46.0,68.792,28.597,34.476,0.09,1.32,0.0
ATOM,393.0,HE3,MET,46.0,69.803,27.679,35.372,0.09,1.32,0.0
ATOM,394.0,N,TRP,47.0,69.528,21.801,32.654,-0.47,1.85,0.0
ATOM,395.0,CA,TRP,47.0,68.382,20.964,32.364,0.07,2.275,0.0
ATOM,396.0,C,TRP,47.0,67.069,21.589,32.889,0.51,2.0,0.0
ATOM,397.0,O,TRP,47.0,66.019,21.434,32.246,-0.51,1.7,0.01
ATOM,398.0,CB,TRP,47.0,68.535,19.516,32.896,-0.18,2.175,0.0
ATOM,399.0,CG,TRP,47.0,68.494,19.45,34.367,-0.03,1.9924,0.0
ATOM,400.0,CD1,TRP,47.0,69.554,19.487,35.191,0.035,1.9924,0.0
ATOM,401.0,CD2,TRP,47.0,67.329,19.322,35.215,-0.02,1.8,0.0
ATOM,402.0,NE1,TRP,47.0,69.138,19.417,36.499,-0.61,1.85,0.0
ATOM,403.0,CE2,TRP,47.0,67.785,19.345,36.545,0.13,1.8,0.0
ATOM,404.0,CE3,TRP,47.0,65.955,19.259,34.993,-0.115,1.9924,0.0
ATOM,405.0,CZ2,TRP,47.0,66.93,19.307,37.623,-0.115,1.9924,0.0
ATOM,406.0,CZ3,TRP,47.0,65.113,19.187,36.067,-0.115,1.9924,0.0
ATOM,407.0,CH2,TRP,47.0,65.602,19.211,37.372,-0.115,1.9924,0.0
ATOM,408.0,H,TRP,47.0,70.376,21.469,33.157,0.31,0.2245,0.01
ATOM,409.0,HA,TRP,47.0,68.289,20.889,31.363,0.09,1.32,0.0
ATOM,410.0,HB2,TRP,47.0,67.787,18.978,32.538,0.09,1.32,0.0
ATOM,411.0,HB3,TRP,47.0,69.409,19.168,32.591,0.09,1.32,0.0
ATOM,412.0,HD1,TRP,47.0,70.514,19.555,34.908,0.115,1.3582,0.06
ATOM,413.0,HE1,TRP,47.0,69.75,19.419,37.298,0.38,0.2245,0.0
ATOM,414.0,HE3,TRP,47.0,65.59,19.267,34.059,0.115,1.3582,0.0
ATOM,415.0,HZ2,TRP,47.0,67.295,19.349,38.565,0.115,1.3582,0.55
ATOM,416.0,HZ3,TRP,47.0,64.126,19.115,35.914,0.115,1.3582,0.0
ATOM,417.0,HH2,TRP,47.0,64.948,19.156,38.131,0.115,1.3582,0.0
ATOM,418.0,N,TYR,48.0,67.195,22.349,33.991,-0.47,1.85,0.0
ATOM,419.0,CA,TYR,48.0,66.118,22.843,34.839,0.07,2.275,0.0
ATOM,420.0,C,TYR,48.0,65.665,24.267,34.466,0.51,2.0,0.0
ATOM,421.0,O,TYR,48.0,64.839,24.837,35.153,-0.51,1.7,0.0
ATOM,422.0,CB,TYR,48.0,66.61,22.866,36.309,-0.18,2.175,0.0
ATOM,423.0,CG,TYR,48.0,67.841,23.716,36.551,0.0,1.9924,0.0
ATOM,424.0,CD1,TYR,48.0,67.733,25.047,36.886,-0.115,1.9924,0.0
ATOM,425.0,CD2,TYR,48.0,69.134,23.196,36.374,-0.115,1.9924,0.0
ATOM,426.0,CE1,TYR,48.0,68.871,25.845,37.072,-0.115,1.9924,0.0
ATOM,427.0,CE2,TYR,48.0,70.285,23.985,36.561,-0.115,1.9924,0.0
ATOM,428.0,CZ,TYR,48.0,70.144,25.31,36.912,0.11,1.9924,0.0
ATOM,429.0,OH,TYR,48.0,71.257,26.074,37.106,-0.54,1.77,0.0
ATOM,430.0,H,TYR,48.0,68.223,22.574,34.205,0.31,0.2245,0.0
ATOM,431.0,HA,TYR,48.0,65.318,22.23,34.732,0.09,1.32,0.0
ATOM,432.0,HB2,TYR,48.0,65.866,23.219,36.873,0.09,1.32,0.0
ATOM,433.0,HB3,TYR,48.0,66.819,21.927,36.574,0.09,1.32,0.0
ATOM,434.0,HD1,TYR,48.0,66.83,25.468,37.002,0.115,1.3582,0.0
ATOM,435.0,HD2,TYR,48.0,69.243,22.239,36.109,0.115,1.3582,0.0
ATOM,436.0,HE1,TYR,48.0,68.761,26.811,37.324,0.115,1.3582,0.0
ATOM,437.0,HE2,TYR,48.0,71.185,23.579,36.438,0.115,1.3582,0.0
ATOM,438.0,HH,TYR,48.0,72.073,25.535,36.895,0.43,0.2245,0.0
ATOM,439.0,N,ALA,49.0,66.197,24.826,33.394,-0.47,1.85,0.0
ATOM,440.0,CA,ALA,49.0,65.924,26.24,33.087,0.07,2.275,0.0
ATOM,441.0,C,ALA,49.0,64.45,26.535,32.851,0.51,2.0,0.0
ATOM,442.0,O,ALA,49.0,63.999,27.624,33.189,-0.51,1.7,0.0
ATOM,443.0,CB,ALA,49.0,66.774,26.742,31.921,-0.27,2.06,0.0
ATOM,444.0,H,ALA,49.0,66.791,24.223,32.815,0.31,0.2245,0.0
ATOM,445.0,HA,ALA,49.0,66.247,26.802,33.87,0.09,1.32,0.0
ATOM,446.0,HB1,ALA,49.0,66.176,27.077,31.195,0.09,1.32,0.0
ATOM,447.0,HB2,ALA,49.0,67.364,27.483,32.236,0.09,1.32,0.0
ATOM,448.0,HB3,ALA,49.0,67.335,25.993,31.573,0.09,1.32,0.0
ATOM,449.0,N,ALA,50.0,63.711,25.611,32.248,-0.47,1.85,0.0
ATOM,450.0,CA,ALA,50.0,62.277,25.833,32.076,0.07,2.275,0.0
ATOM,451.0,C,ALA,50.0,61.485,25.682,33.385,0.51,2.0,0.2
ATOM,452.0,O,ALA,50.0,60.552,26.428,33.631,-0.51,1.7,0.0
ATOM,453.0,CB,ALA,50.0,61.712,24.971,30.957,-0.27,2.06,6.19
ATOM,454.0,H,ALA,50.0,64.208,24.774,31.931,0.31,0.2245,0.0
ATOM,455.0,HA,ALA,50.0,62.132,26.774,31.726,0.09,1.32,0.0
ATOM,456.0,HB1,ALA,50.0,62.045,24.034,31.056,0.09,1.32,0.63
ATOM,457.0,HB2,ALA,50.0,60.713,24.975,31.003,0.09,1.32,0.92
ATOM,458.0,HB3,ALA,50.0,62.005,25.336,30.073,0.09,1.32,0.0
ATOM,459.0,N,TYR,51.0,61.826,24.693,34.22,-0.47,1.85,0.96
ATOM,460.0,CA,TYR,51.0,61.27,24.597,35.578,0.07,2.275,1.14
ATOM,461.0,C,TYR,51.0,61.453,25.924,36.317,0.51,2.0,0.0
ATOM,462.0,O,TYR,51.0,60.554,26.394,36.985,-0.51,1.7,0.0
ATOM,463.0,CB,TYR,51.0,61.979,23.504,36.365,-0.18,2.175,0.0
ATOM,464.0,CG,TYR,51.0,61.333,22.146,36.255,0.0,1.9924,0.0
ATOM,465.0,CD1,TYR,51.0,61.706,21.209,35.284,-0.115,1.9924,3.37
ATOM,466.0,CD2,TYR,51.0,60.349,21.773,37.158,-0.115,1.9924,0.42
ATOM,467.0,CE1,TYR,51.0,61.063,19.987,35.203,-0.115,1.9924,3.09
ATOM,468.0,CE2,TYR,51.0,59.757,20.554,37.095,-0.115,1.9924,0.0
ATOM,469.0,CZ,TYR,51.0,60.106,19.652,36.119,0.11,1.9924,0.0
ATOM,470.0,OH,TYR,51.0,59.444,18.412,36.117,-0.54,1.77,0.0
ATOM,471.0,H,TYR,51.0,62.505,24.012,33.833,0.31,0.2245,0.0
ATOM,472.0,HA,TYR,51.0,60.288,24.414,35.502,0.09,1.32,0.76
ATOM,473.0,HB2,TYR,51.0,62.917,23.432,36.028,0.09,1.32,0.0
ATOM,474.0,HB3,TYR,51.0,61.989,23.766,37.329,0.09,1.32,0.0
ATOM,475.0,HD1,TYR,51.0,62.441,21.428,34.647,0.115,1.3582,0.14
ATOM,476.0,HD2,TYR,51.0,60.077,22.429,37.872,0.115,1.3582,0.0
ATOM,477.0,HE1,TYR,51.0,61.307,19.345,34.464,0.115,1.3582,0.73
ATOM,478.0,HE2,TYR,51.0,59.047,20.297,37.772,0.115,1.3582,0.0
ATOM,479.0,HH,TYR,51.0,58.965,18.312,36.982,0.43,0.2245,0.0
ATOM,480.0,N,LEU,52.0,62.622,26.523,36.188,-0.47,1.85,0.0
ATOM,481.0,CA,LEU,52.0,62.921,27.767,36.904,0.07,2.275,0.0
ATOM,482.0,C,LEU,52.0,62.038,28.92,36.438,0.51,2.0,0.0
ATOM,483.0,O,LEU,52.0,61.792,29.888,37.189,-0.51,1.7,0.0
ATOM,484.0,CB,LEU,52.0,64.414,28.116,36.71,-0.18,2.175,0.0
ATOM,485.0,CG,LEU,52.0,65.192,28.682,37.871,-0.09,2.275,0.0
ATOM,486.0,CD1,LEU,52.0,65.201,27.785,39.082,-0.27,2.06,2.08
ATOM,487.0,CD2,LEU,52.0,66.587,28.981,37.404,-0.27,2.06,0.0
ATOM,488.0,H,LEU,52.0,63.295,26.056,35.556,0.31,0.2245,0.0
ATOM,489.0,HA,LEU,52.0,62.754,27.615,37.888,0.09,1.32,0.0
ATOM,490.0,HB2,LEU,52.0,64.875,27.268,36.412,0.09,1.32,0.0
ATOM,491.0,HB3,LEU,52.0,64.463,28.779,35.951,0.09,1.32,0.0
ATOM,492.0,HG,LEU,52.0,64.796,29.582,38.126,0.09,1.32,0.0
ATOM,493.0,HD11,LEU,52.0,65.616,26.902,38.85,0.09,1.32,0.0
ATOM,494.0,HD12,LEU,52.0,65.731,28.211,39.819,0.09,1.32,0.0
ATOM,495.0,HD13,LEU,52.0,64.263,27.632,39.401,0.09,1.32,0.2
ATOM,496.0,HD21,LEU,52.0,66.564,29.648,36.654,0.09,1.32,0.0
ATOM,497.0,HD22,LEU,52.0,67.13,29.36,38.159,0.09,1.32,0.0
ATOM,498.0,HD23,LEU,52.0,67.029,28.141,37.077,0.09,1.32,0.0
ATOM,499.0,N,GLY,53.0,61.516,28.834,35.207,-0.47,1.85,0.0
ATOM,500.0,CA,GLY,53.0,60.611,29.853,34.693,-0.02,2.175,0.0
ATOM,501.0,C,GLY,53.0,59.149,29.688,35.099,0.51,2.0,0.0
ATOM,502.0,O,GLY,53.0,58.322,30.514,34.741,-0.51,1.7,0.0
ATOM,503.0,H,GLY,53.0,61.809,27.998,34.671,0.31,0.2245,0.0
ATOM,504.0,HA2,GLY,53.0,60.936,30.775,35.0,0.09,1.32,0.0
ATOM,505.0,HA3,GLY,53.0,60.67,29.868,33.67,0.09,1.32,0.0
ATOM,506.0,N,ALA,54.0,58.811,28.611,35.817,-0.47,1.85,0.0
ATOM,507.0,CA,ALA,54.0,57.421,28.348,36.159,0.07,2.275,0.0
ATOM,508.0,C,ALA,54.0,56.862,29.479,37.016,0.51,2.0,0.0
ATOM,509.0,O,ALA,54.0,57.599,30.042,37.821,-0.51,1.7,1.66
ATOM,510.0,CB,ALA,54.0,57.278,27.017,36.867,-0.27,2.06,0.0
ATOM,511.0,H,ALA,54.0,59.601,28.007,36.095,0.31,0.2245,0.0
ATOM,512.0,HA,ALA,54.0,56.881,28.292,35.313,0.09,1.32,0.0
ATOM,513.0,HB1,ALA,54.0,56.412,26.992,37.368,0.09,1.32,0.0
ATOM,514.0,HB2,ALA,54.0,57.292,26.274,36.196,0.09,1.32,0.0
ATOM,515.0,HB3,ALA,54.0,58.035,26.893,37.511,0.09,1.32,0.0
ATOM,516.0,N,PRO,55.0,55.6,29.841,36.829,-0.29,1.85,0.0
ATOM,517.0,CA,PRO,55.0,54.996,30.965,37.568,0.02,2.275,1.47
ATOM,518.0,C,PRO,55.0,54.503,30.642,38.964,0.51,2.0,0.57
ATOM,519.0,O,PRO,55.0,54.043,31.559,39.672,-0.51,1.7,30.91
ATOM,520.0,CB,PRO,55.0,53.812,31.346,36.696,-0.18,2.175,11.4
ATOM,521.0,CG,PRO,55.0,53.393,30.05,36.052,-0.18,2.175,3.41
ATOM,522.0,CD,PRO,55.0,54.655,29.282,35.853,0.0,2.175,0.0
ATOM,523.0,HA,PRO,55.0,55.652,31.757,37.59,0.09,1.32,0.42
ATOM,524.0,HB2,PRO,55.0,53.064,31.722,37.246,0.09,1.32,8.07
ATOM,525.0,HB3,PRO,55.0,54.076,32.015,35.999,0.09,1.32,0.09
ATOM,526.0,HG2,PRO,55.0,52.755,29.558,36.653,0.09,1.32,0.67
ATOM,527.0,HG3,PRO,55.0,52.933,30.234,35.177,0.09,1.32,0.0
ATOM,528.0,HD2,PRO,55.0,54.521,28.296,36.021,0.09,1.32,0.0
ATOM,529.0,HD3,PRO,55.0,55.014,29.392,34.915,0.09,1.32,0.0
ATOM,530.0,N,ASN,56.0,54.593,29.381,39.362,-0.47,1.85,0.0
ATOM,531.0,CA,ASN,56.0,54.125,28.962,40.667,0.07,2.275,2.89
ATOM,532.0,C,ASN,56.0,55.317,28.719,41.59,0.51,2.0,1.68
ATOM,533.0,O,ASN,56.0,56.416,29.168,41.306,-0.51,1.7,7.46
ATOM,534.0,CB,ASN,56.0,53.188,27.766,40.523,-0.18,2.175,11.48
ATOM,535.0,CG,ASN,56.0,53.885,26.543,40.03,0.55,2.0,0.0
ATOM,536.0,H,ASN,56.0,55.02,28.735,38.668,0.31,0.2245,0.0
ATOM,537.0,HA,ASN,56.0,53.604,29.723,41.061,0.09,1.32,6.61
ATOM,538.0,HB2,ASN,56.0,52.787,27.577,41.419,0.09,1.32,0.14
ATOM,539.0,HB3,ASN,56.0,52.465,28.015,39.878,0.09,1.32,2.85
ATOM,540.0,OD1,ASN,56.0,55.058,26.589,39.786,-0.55,1.7,0.0
ATOM,541.0,ND2,ASN,56.0,53.162,25.433,39.9,-0.62,1.85,4.82
ATOM,542.0,HD22,ASN,56.0,52.184,25.46,40.13,0.3,0.2245,11.98
ATOM,543.0,HD21,ASN,56.0,53.582,24.592,39.58,0.32,0.2245,2.2
ATOM,544.0,N,GLU,57.0,55.088,28.026,42.705,-0.47,1.85,2.14
ATOM,545.0,CA,GLU,57.0,56.09,27.839,43.755,0.07,2.275,3.65
ATOM,546.0,C,GLU,57.0,57.281,26.947,43.293,0.51,2.0,0.0
ATOM,547.0,O,GLU,57.0,58.334,26.887,43.955,-0.51,1.7,23.96
ATOM,548.0,CB,GLU,57.0,55.411,27.209,44.97,-0.18,2.175,18.05
ATOM,549.0,CG,GLU,57.0,54.836,25.802,44.718,-0.28,2.175,13.69
ATOM,550.0,CD,GLU,57.0,53.353,25.773,44.266,0.62,2.0,3.6
ATOM,551.0,OE1,GLU,57.0,52.739,26.835,43.975,-0.76,1.7,22.78
ATOM,552.0,OE2,GLU,57.0,52.795,24.653,44.215,-0.76,1.7,38.4
ATOM,553.0,H,GLU,57.0,54.122,27.623,42.767,0.31,0.2245,0.0
ATOM,554.0,HA,GLU,57.0,56.454,28.735,44.047,0.09,1.32,10.75
ATOM,555.0,HB2,GLU,57.0,56.082,27.123,45.684,0.09,1.32,8.84
ATOM,556.0,HB3,GLU,57.0,54.659,27.785,45.234,0.09,1.32,6.89
ATOM,557.0,HG2,GLU,57.0,55.363,25.378,44.0,0.09,1.32,0.0
ATOM,558.0,HG3,GLU,57.0,54.889,25.291,45.56,0.09,1.32,10.74
ATOM,559.0,N,VAL,58.0,57.103,26.268,42.166,-0.47,1.85,0.0
ATOM,560.0,CA,VAL,58.0,58.158,25.44,41.59,0.07,2.275,0.07
ATOM,561.0,C,VAL,58.0,59.224,26.289,40.906,0.51,2.0,0.0
ATOM,562.0,O,VAL,58.0,60.414,25.935,40.869,-0.51,1.7,8.42
ATOM,563.0,CB,VAL,58.0,57.569,24.422,40.597,-0.09,2.275,0.0
ATOM,564.0,CG1,VAL,58.0,58.678,23.585,39.959,-0.27,2.06,1.47
ATOM,565.0,CG2,VAL,58.0,56.545,23.555,41.295,-0.27,2.06,10.69
ATOM,566.0,H,VAL,58.0,56.162,26.375,41.736,0.31,0.2245,0.0
ATOM,567.0,HA,VAL,58.0,58.601,24.93,42.339,0.09,1.32,7.34
ATOM,568.0,HB,VAL,58.0,57.133,24.931,39.861,0.09,1.32,0.0
ATOM,569.0,HG11,VAL,58.0,58.692,22.679,40.38,0.09,1.32,0.0
ATOM,570.0,HG12,VAL,58.0,58.504,23.497,38.979,0.09,1.32,0.0
ATOM,571.0,HG13,VAL,58.0,59.557,24.036,40.104,0.09,1.32,0.0
ATOM,572.0,HG21,VAL,58.0,55.736,23.458,40.713,0.09,1.32,0.19
ATOM,573.0,HG22,VAL,58.0,56.937,22.651,41.473,0.09,1.32,0.0
ATOM,574.0,HG23,VAL,58.0,56.282,23.98,42.163,0.09,1.32,0.0
ATOM,575.0,N,GLY,59.0,58.816,27.447,40.42,-0.47,1.85,0.0
ATOM,576.0,CA,GLY,59.0,59.743,28.335,39.77,-0.02,2.175,0.0
ATOM,577.0,C,GLY,59.0,60.529,29.248,40.659,0.51,2.0,0.56
ATOM,578.0,O,GLY,59.0,60.244,29.392,41.875,-0.51,1.7,16.15
ATOM,579.0,H,GLY,59.0,57.808,27.647,40.546,0.31,0.2245,0.0
ATOM,580.0,HA2,GLY,59.0,60.399,27.773,39.199,0.09,1.32,0.0
ATOM,581.0,HA3,GLY,59.0,59.229,28.903,39.073,0.09,1.32,0.0
ATOM,582.0,N,ASP,60.0,61.52,29.888,40.035,-0.47,1.85,0.0
ATOM,583.0,CA,ASP,60.0,62.281,30.969,40.656,0.07,2.275,0.69
ATOM,584.0,C,ASP,60.0,62.681,31.944,39.54,0.51,2.0,0.0
ATOM,585.0,O,ASP,60.0,63.812,31.936,39.029,-0.51,1.7,0.0
ATOM,586.0,CB,ASP,60.0,63.482,30.386,41.39,-0.28,2.175,4.5
ATOM,587.0,CG,ASP,60.0,64.198,31.368,42.264,0.62,2.0,2.85
ATOM,588.0,OD1,ASP,60.0,63.962,32.616,42.185,-0.76,1.7,13.03
ATOM,589.0,OD2,ASP,60.0,65.096,30.954,43.053,-0.76,1.7,25.18
ATOM,590.0,H,ASP,60.0,61.704,29.548,39.063,0.31,0.2245,0.0
ATOM,591.0,HA,ASP,60.0,61.665,31.46,41.26,0.09,1.32,5.44
ATOM,592.0,HB2,ASP,60.0,63.155,29.625,41.953,0.09,1.32,7.0
ATOM,593.0,HB3,ASP,60.0,64.119,30.035,40.702,0.09,1.32,0.0
ATOM,594.0,N,ARG,61.0,61.714,32.747,39.12,-0.47,1.85,0.0
ATOM,595.0,CA,ARG,61.0,61.916,33.617,37.952,0.07,2.275,0.0
ATOM,596.0,C,ARG,61.0,62.964,34.676,38.187,0.51,2.0,0.25
ATOM,597.0,O,ARG,61.0,63.68,35.066,37.248,-0.51,1.7,0.88
ATOM,598.0,CB,ARG,61.0,60.604,34.246,37.5,-0.18,2.175,5.43
ATOM,599.0,CG,ARG,61.0,59.654,33.278,36.885,-0.18,2.175,0.5
ATOM,600.0,CD,ARG,61.0,58.333,33.887,36.521,0.2,2.175,5.29
ATOM,601.0,NE,ARG,61.0,57.66,33.013,35.597,-0.7,1.85,0.0
ATOM,602.0,CZ,ARG,61.0,56.581,33.325,34.905,0.64,2.0,0.0
ATOM,603.0,NH1,ARG,61.0,56.005,34.536,35.009,-0.8,1.85,12.04
ATOM,604.0,NH2,ARG,61.0,56.06,32.43,34.096,-0.8,1.85,0.0
ATOM,605.0,H,ARG,61.0,60.838,32.714,39.66,0.31,0.2245,7.2
ATOM,606.0,HA,ARG,61.0,62.202,33.035,37.171,0.09,1.32,0.0
ATOM,607.0,HB2,ARG,61.0,60.171,34.659,38.299,0.09,1.32,7.02
ATOM,608.0,HB3,ARG,61.0,60.818,34.955,36.831,0.09,1.32,0.13
ATOM,609.0,HG2,ARG,61.0,60.06,32.888,36.046,0.09,1.32,0.0
ATOM,610.0,HG3,ARG,61.0,59.48,32.517,37.526,0.09,1.32,0.11
ATOM,611.0,HD2,ARG,61.0,57.795,33.983,37.344,0.09,1.32,8.05
ATOM,612.0,HD3,ARG,61.0,58.5,34.762,36.093,0.09,1.32,1.0
ATOM,613.0,HE,ARG,61.0,58.043,32.079,35.464,0.44,0.2245,0.0
ATOM,614.0,HH11,ARG,61.0,56.412,35.222,35.607,0.46,0.2245,10.82
ATOM,615.0,HH12,ARG,61.0,55.181,34.737,34.489,0.46,0.2245,15.68
ATOM,616.0,HH21,ARG,61.0,56.482,31.527,33.985,0.46,0.2245,0.0
ATOM,617.0,HH22,ARG,61.0,55.226,32.645,33.574,0.46,0.2245,2.24
ATOM,618.0,N,ASP,62.0,63.068,35.152,39.424,-0.47,1.85,0.0
ATOM,619.0,CA,ASP,62.0,64.095,36.147,39.766,0.07,2.275,1.42
ATOM,620.0,C,ASP,62.0,65.493,35.536,39.549,0.51,2.0,0.0
ATOM,621.0,O,ASP,62.0,66.388,36.163,38.946,-0.51,1.7,0.67
ATOM,622.0,CB,ASP,62.0,63.945,36.608,41.212,-0.28,2.175,9.0
ATOM,623.0,CG,ASP,62.0,62.765,37.524,41.437,0.62,2.0,4.65
ATOM,624.0,OD1,ASP,62.0,62.125,37.976,40.475,-0.76,1.7,33.52
ATOM,625.0,OD2,ASP,62.0,62.428,37.854,42.591,-0.76,1.7,47.64
ATOM,626.0,H,ASP,62.0,62.389,34.777,40.103,0.31,0.2245,3.22
ATOM,627.0,HA,ASP,62.0,64.005,36.901,39.118,0.09,1.32,4.24
ATOM,628.0,HB2,ASP,62.0,63.835,35.797,41.784,0.09,1.32,2.27
ATOM,629.0,HB3,ASP,62.0,64.78,37.09,41.47,0.09,1.32,0.0
ATOM,630.0,N,ARG,63.0,65.663,34.294,40.003,-0.47,1.85,0.47
ATOM,631.0,CA,ARG,63.0,66.913,33.589,39.802,0.07,2.275,1.74
ATOM,632.0,C,ARG,63.0,67.183,33.33,38.316,0.51,2.0,0.0
ATOM,633.0,O,ARG,63.0,68.308,33.487,37.891,-0.51,1.7,0.0
ATOM,634.0,CB,ARG,63.0,66.962,32.257,40.545,-0.18,2.175,1.77
ATOM,635.0,CG,ARG,63.0,68.224,31.466,40.255,-0.18,2.175,0.93
ATOM,636.0,CD,ARG,63.0,68.317,30.158,41.024,0.2,2.175,0.49
ATOM,637.0,NE,ARG,63.0,69.36,29.314,40.472,-0.7,1.85,0.0
ATOM,638.0,CZ,ARG,63.0,69.387,28.004,40.575,0.64,2.0,0.0
ATOM,639.0,NH1,ARG,63.0,68.455,27.362,41.244,-0.8,1.85,0.0
ATOM,640.0,NH2,ARG,63.0,70.367,27.323,39.996,-0.8,1.85,0.0
ATOM,641.0,H,ARG,63.0,64.844,33.895,40.496,0.31,0.2245,0.0
ATOM,642.0,HA,ARG,63.0,67.671,34.148,40.168,0.09,1.32,0.81
ATOM,643.0,HB2,ARG,63.0,66.929,32.441,41.519,0.09,1.32,5.09
ATOM,644.0,HB3,ARG,63.0,66.184,31.712,40.262,0.09,1.32,0.0
ATOM,645.0,HG2,ARG,63.0,68.265,31.251,39.273,0.09,1.32,0.0
ATOM,646.0,HG3,ARG,63.0,69.028,32.022,40.493,0.09,1.32,0.39
ATOM,647.0,HD2,ARG,63.0,68.526,30.372,41.97,0.09,1.32,6.05
ATOM,648.0,HD3,ARG,63.0,67.441,29.697,40.952,0.09,1.32,0.0
ATOM,649.0,HE,ARG,63.0,70.116,29.766,39.975,0.44,0.2245,0.0
ATOM,650.0,HH11,ARG,63.0,67.694,27.849,41.673,0.46,0.2245,1.08
ATOM,651.0,HH12,ARG,63.0,68.499,26.357,41.331,0.46,0.2245,0.0
ATOM,652.0,HH21,ARG,63.0,71.069,27.803,39.468,0.46,0.2245,0.0
ATOM,653.0,HH22,ARG,63.0,70.406,26.327,40.084,0.46,0.2245,0.0
ATOM,654.0,N,LEU,64.0,66.165,32.939,37.557,-0.47,1.85,0.0
ATOM,655.0,CA,LEU,64.0,66.35,32.646,36.154,0.07,2.275,0.0
ATOM,656.0,C,LEU,64.0,66.94,33.845,35.414,0.51,2.0,0.0
ATOM,657.0,O,LEU,64.0,67.898,33.706,34.659,-0.51,1.7,0.0
ATOM,658.0,CB,LEU,64.0,65.043,32.189,35.503,-0.18,2.175,0.0
ATOM,659.0,CG,LEU,64.0,65.142,31.866,34.006,-0.09,2.275,0.0
ATOM,660.0,CD1,LEU,64.0,66.235,30.81,33.711,-0.27,2.06,0.0
ATOM,661.0,CD2,LEU,64.0,63.767,31.389,33.504,-0.27,2.06,0.0
ATOM,662.0,H,LEU,64.0,65.256,32.867,38.051,0.31,0.2245,0.0
ATOM,663.0,HA,LEU,64.0,66.993,31.874,36.062,0.09,1.32,0.0
ATOM,664.0,HB2,LEU,64.0,64.743,31.364,35.963,0.09,1.32,0.0
ATOM,665.0,HB3,LEU,64.0,64.378,32.916,35.605,0.09,1.32,0.0
ATOM,666.0,HG,LEU,64.0,65.361,32.705,33.502,0.09,1.32,0.0
ATOM,667.0,HD11,LEU,64.0,66.013,29.972,34.202,0.09,1.32,0.0
ATOM,668.0,HD12,LEU,64.0,66.258,30.637,32.73,0.09,1.32,0.0
ATOM,669.0,HD13,LEU,64.0,67.114,31.164,34.017,0.09,1.32,0.0
ATOM,670.0,HD21,LEU,64.0,63.097,32.113,33.652,0.09,1.32,0.0
ATOM,671.0,HD22,LEU,64.0,63.831,31.179,32.531,0.09,1.32,0.0
ATOM,672.0,HD23,LEU,64.0,63.501,30.572,34.011,0.09,1.32,0.0
ATOM,673.0,N,ALA,65.0,66.369,35.036,35.62,-0.47,1.85,0.0
ATOM,674.0,CA,ALA,65.0,66.866,36.219,34.944,0.07,2.275,0.0
ATOM,675.0,C,ALA,65.0,68.319,36.511,35.319,0.51,2.0,0.0
ATOM,676.0,O,ALA,65.0,69.128,36.794,34.467,-0.51,1.7,0.0
ATOM,677.0,CB,ALA,65.0,65.965,37.422,35.218,-0.27,2.06,18.19
ATOM,678.0,H,ALA,65.0,65.575,35.031,36.278,0.31,0.2245,0.0
ATOM,679.0,HA,ALA,65.0,66.82,36.072,33.946,0.09,1.32,0.0
ATOM,680.0,HB1,ALA,65.0,66.419,38.036,35.862,0.09,1.32,4.6
ATOM,681.0,HB2,ALA,65.0,65.789,37.906,34.362,0.09,1.32,0.5
ATOM,682.0,HB3,ALA,65.0,65.101,37.107,35.608,0.09,1.32,0.71
ATOM,683.0,N,LYS,66.0,68.645,36.397,36.598,-0.47,1.85,0.0
ATOM,684.0,CA,LYS,66.0,69.988,36.602,37.098,0.07,2.275,0.47
ATOM,685.0,C,LYS,66.0,70.975,35.57,36.516,0.51,2.0,0.0
ATOM,686.0,O,LYS,66.0,72.076,35.941,36.125,-0.51,1.7,0.55
ATOM,687.0,CB,LYS,66.0,69.995,36.595,38.607,-0.18,2.175,1.16
ATOM,688.0,CG,LYS,66.0,69.328,37.821,39.215,-0.18,2.175,6.95
ATOM,689.0,CD,LYS,66.0,69.336,37.724,40.761,-0.18,2.175,9.23
ATOM,690.0,CE,LYS,66.0,68.597,38.896,41.412,0.21,2.175,18.28
ATOM,691.0,NZ,LYS,66.0,67.865,38.469,42.634,-0.3,1.85,11.16
ATOM,692.0,H,LYS,66.0,67.836,36.143,37.222,0.31,0.2245,0.0
ATOM,693.0,HA,LYS,66.0,70.307,37.523,36.834,0.09,1.32,0.76
ATOM,694.0,HB2,LYS,66.0,69.506,35.788,38.927,0.09,1.32,0.0
ATOM,695.0,HB3,LYS,66.0,70.94,36.569,38.924,0.09,1.32,0.48
ATOM,696.0,HG2,LYS,66.0,69.828,38.636,38.952,0.09,1.32,9.34
ATOM,697.0,HG3,LYS,66.0,68.386,37.873,38.911,0.09,1.32,0.82
ATOM,698.0,HD2,LYS,66.0,68.887,36.878,41.022,0.09,1.32,1.27
ATOM,699.0,HD3,LYS,66.0,70.279,37.73,41.07,0.09,1.32,9.21
ATOM,700.0,HE2,LYS,66.0,69.266,39.601,41.654,0.05,1.32,11.79
ATOM,701.0,HE3,LYS,66.0,67.947,39.272,40.75,0.05,1.32,8.03
ATOM,702.0,HZ1,LYS,66.0,68.516,38.331,43.38,0.33,0.2245,19.31
ATOM,703.0,HZ2,LYS,66.0,67.207,39.176,42.891,0.33,0.2245,18.5
ATOM,704.0,HZ3,LYS,66.0,67.382,37.614,42.45,0.33,0.2245,4.92
ATOM,705.0,N,GLU,67.0,70.557,34.311,36.416,-0.47,1.85,0.0
ATOM,706.0,CA,GLU,67.0,71.416,33.282,35.823,0.07,2.275,0.0
ATOM,707.0,C,GLU,67.0,71.699,33.58,34.376,0.51,2.0,0.0
ATOM,708.0,O,GLU,67.0,72.833,33.478,33.948,-0.51,1.7,0.0
ATOM,709.0,CB,GLU,67.0,70.783,31.878,35.866,-0.18,2.175,0.0
ATOM,710.0,CG,GLU,67.0,70.559,31.33,37.275,-0.28,2.175,0.0
ATOM,711.0,CD,GLU,67.0,71.804,30.794,37.942,0.62,2.0,0.0
ATOM,712.0,OE1,GLU,67.0,72.935,30.981,37.419,-0.76,1.7,0.0
ATOM,713.0,OE2,GLU,67.0,71.649,30.21,39.038,-0.76,1.7,0.0
ATOM,714.0,H,GLU,67.0,69.61,34.128,36.779,0.31,0.2245,0.0
ATOM,715.0,HA,GLU,67.0,72.281,33.234,36.342,0.09,1.32,0.0
ATOM,716.0,HB2,GLU,67.0,69.905,31.935,35.426,0.09,1.32,0.0
ATOM,717.0,HB3,GLU,67.0,71.393,31.263,35.401,0.09,1.32,0.0
ATOM,718.0,HG2,GLU,67.0,70.21,32.067,37.835,0.09,1.32,0.0
ATOM,719.0,HG3,GLU,67.0,69.907,30.588,37.213,0.09,1.32,0.0
ATOM,720.0,N,LEU,68.0,70.67,33.941,33.62,-0.47,1.85,0.0
ATOM,721.0,CA,LEU,68.0,70.865,34.209,32.197,0.07,2.275,0.0
ATOM,722.0,C,LEU,68.0,71.697,35.472,31.998,0.51,2.0,0.0
ATOM,723.0,O,LEU,68.0,72.467,35.55,31.056,-0.51,1.7,0.0
ATOM,724.0,CB,LEU,68.0,69.541,34.345,31.476,-0.18,2.175,0.0
ATOM,725.0,CG,LEU,68.0,68.622,33.121,31.473,-0.09,2.275,0.0
ATOM,726.0,CD1,LEU,68.0,67.281,33.437,30.815,-0.27,2.06,0.0
ATOM,727.0,CD2,LEU,68.0,69.315,31.953,30.821,-0.27,2.06,0.0
ATOM,728.0,H,LEU,68.0,69.765,34.012,34.101,0.31,0.2245,0.0
ATOM,729.0,HA,LEU,68.0,71.36,33.435,31.79,0.09,1.32,0.0
ATOM,730.0,HB2,LEU,68.0,69.029,35.094,31.901,0.09,1.32,0.0
ATOM,731.0,HB3,LEU,68.0,69.727,34.573,30.52,0.09,1.32,0.0
ATOM,732.0,HG,LEU,68.0,68.465,32.829,32.419,0.09,1.32,0.0
ATOM,733.0,HD11,LEU,68.0,67.434,33.723,29.87,0.09,1.32,0.0
ATOM,734.0,HD12,LEU,68.0,66.704,32.621,30.828,0.09,1.32,0.0
ATOM,735.0,HD13,LEU,68.0,66.83,34.173,31.318,0.09,1.32,0.0
ATOM,736.0,HD21,LEU,68.0,70.154,31.728,31.324,0.09,1.32,0.0
ATOM,737.0,HD22,LEU,68.0,68.71,31.153,30.821,0.09,1.32,0.0
ATOM,738.0,HD23,LEU,68.0,69.554,32.182,29.874,0.09,1.32,0.0
ATOM,739.0,N,ASP,69.0,71.561,36.457,32.897,-0.47,1.85,0.0
ATOM,740.0,CA,ASP,69.0,72.411,37.633,32.826,0.07,2.275,1.01
ATOM,741.0,C,ASP,69.0,73.876,37.265,33.052,0.51,2.0,0.26
ATOM,742.0,O,ASP,69.0,74.749,37.722,32.335,-0.51,1.7,5.25
ATOM,743.0,CB,ASP,69.0,71.997,38.682,33.867,-0.28,2.175,13.57
ATOM,744.0,CG,ASP,69.0,70.707,39.385,33.545,0.62,2.0,3.19
ATOM,745.0,OD1,ASP,69.0,70.241,39.396,32.373,-0.76,1.7,12.69
ATOM,746.0,OD2,ASP,69.0,70.092,39.945,34.475,-0.76,1.7,28.82
ATOM,747.0,H,ASP,69.0,70.833,36.305,33.605,0.31,0.2245,0.0
ATOM,748.0,HA,ASP,69.0,72.343,37.999,31.89,0.09,1.32,1.55
ATOM,749.0,HB2,ASP,69.0,71.904,38.214,34.745,0.09,1.32,0.13
ATOM,750.0,HB3,ASP,69.0,72.731,39.357,33.924,0.09,1.32,9.68
ATOM,751.0,N,ASN,70.0,74.146,36.408,34.055,-0.47,1.85,0.39
ATOM,752.0,CA,ASN,70.0,75.506,35.963,34.319,0.07,2.275,2.37
ATOM,753.0,C,ASN,70.0,76.072,35.142,33.157,0.51,2.0,0.0
ATOM,754.0,O,ASN,70.0,77.197,35.344,32.742,-0.51,1.7,0.0
ATOM,755.0,CB,ASN,70.0,75.571,35.182,35.642,-0.18,2.175,0.52
ATOM,756.0,CG,ASN,70.0,76.959,35.129,36.23,0.55,2.0,0.0
ATOM,757.0,H,ASN,70.0,73.32,36.109,34.599,0.31,0.2245,0.0
ATOM,758.0,HA,ASN,70.0,76.082,36.787,34.4,0.09,1.32,2.06
ATOM,759.0,HB2,ASN,70.0,74.96,35.627,36.294,0.09,1.32,0.0
ATOM,760.0,HB3,ASN,70.0,75.258,34.251,35.466,0.09,1.32,0.0
ATOM,761.0,OD1,ASN,70.0,77.739,36.064,36.086,-0.55,1.7,23.32
ATOM,762.0,ND2,ASN,70.0,77.259,34.042,36.962,-0.62,1.85,1.09
ATOM,763.0,HD22,ASN,70.0,76.571,33.328,37.079,0.3,0.2245,0.0
ATOM,764.0,HD21,ASN,70.0,78.157,33.957,37.378,0.32,0.2245,4.2
ATOM,765.0,N,LEU,71.0,75.269,34.213,32.65,-0.47,1.85,0.0
ATOM,766.0,CA,LEU,71.0,75.708,33.368,31.548,0.07,2.275,0.0
ATOM,767.0,C,LEU,71.0,76.012,34.233,30.326,0.51,2.0,0.0
ATOM,768.0,O,LEU,71.0,77.011,34.023,29.686,-0.51,1.7,0.0
ATOM,769.0,CB,LEU,71.0,74.671,32.31,31.233,-0.18,2.175,0.0
ATOM,770.0,CG,LEU,71.0,74.526,31.206,32.27,-0.09,2.275,0.0
ATOM,771.0,CD1,LEU,71.0,73.208,30.437,32.098,-0.27,2.06,0.0
ATOM,772.0,CD2,LEU,71.0,75.755,30.268,32.233,-0.27,2.06,0.0
ATOM,773.0,H,LEU,71.0,74.338,34.146,33.092,0.31,0.2245,0.0
ATOM,774.0,HA,LEU,71.0,76.549,32.897,31.817,0.09,1.32,0.0
ATOM,775.0,HB2,LEU,71.0,73.785,32.758,31.151,0.09,1.32,0.0
ATOM,776.0,HB3,LEU,71.0,74.919,31.878,30.372,0.09,1.32,0.0
ATOM,777.0,HG,LEU,71.0,74.548,31.609,33.189,0.09,1.32,0.0
ATOM,778.0,HD11,LEU,71.0,73.186,30.024,31.19,0.09,1.32,0.0
ATOM,779.0,HD12,LEU,71.0,73.151,29.724,32.794,0.09,1.32,0.0
ATOM,780.0,HD13,LEU,71.0,72.444,31.071,32.2,0.09,1.32,0.0
ATOM,781.0,HD21,LEU,71.0,76.573,30.801,32.431,0.09,1.32,0.0
ATOM,782.0,HD22,LEU,71.0,75.637,29.555,32.919,0.09,1.32,0.0
ATOM,783.0,HD23,LEU,71.0,75.823,29.861,31.326,0.09,1.32,0.0
ATOM,784.0,N,LYS,72.0,75.173,35.215,30.039,-0.47,1.85,0.0
ATOM,785.0,CA,LYS,72.0,75.391,36.073,28.87,0.07,2.275,0.0
ATOM,786.0,C,LYS,72.0,76.73,36.82,29.044,0.51,2.0,0.0
ATOM,787.0,O,LYS,72.0,77.523,36.953,28.091,-0.51,1.7,7.92
ATOM,788.0,CB,LYS,72.0,74.214,37.03,28.651,-0.18,2.175,0.87
ATOM,789.0,CG,LYS,72.0,74.385,37.953,27.442,-0.18,2.175,8.32
ATOM,790.0,CD,LYS,72.0,74.214,37.217,26.138,-0.18,2.175,1.04
ATOM,791.0,CE,LYS,72.0,74.2,38.176,24.892,0.21,2.175,19.53
ATOM,792.0,NZ,LYS,72.0,73.368,39.373,25.182,-0.3,1.85,9.18
ATOM,793.0,H,LYS,72.0,74.376,35.325,30.686,0.31,0.2245,0.0
ATOM,794.0,HA,LYS,72.0,75.45,35.505,28.054,0.09,1.32,0.0
ATOM,795.0,HB2,LYS,72.0,73.391,36.487,28.513,0.09,1.32,0.0
ATOM,796.0,HB3,LYS,72.0,74.117,37.598,29.464,0.09,1.32,1.22
ATOM,797.0,HG2,LYS,72.0,73.702,38.686,27.501,0.09,1.32,3.59
ATOM,798.0,HG3,LYS,72.0,75.302,38.358,27.477,0.09,1.32,3.85
ATOM,799.0,HD2,LYS,72.0,74.969,36.579,26.005,0.09,1.32,1.87
ATOM,800.0,HD3,LYS,72.0,73.347,36.724,26.135,0.09,1.32,0.0
ATOM,801.0,HE2,LYS,72.0,75.136,38.445,24.709,0.05,1.32,10.86
ATOM,802.0,HE3,LYS,72.0,73.82,37.672,24.128,0.05,1.32,1.11
ATOM,803.0,HZ1,LYS,72.0,73.942,40.088,25.582,0.33,0.2245,16.3
ATOM,804.0,HZ2,LYS,72.0,72.96,39.708,24.333,0.33,0.2245,9.23
ATOM,805.0,HZ3,LYS,72.0,72.644,39.126,25.826,0.33,0.2245,1.12
ATOM,806.0,N,ALA,73.0,77.018,37.235,30.262,-0.47,1.85,0.27
ATOM,807.0,CA,ALA,73.0,78.235,37.984,30.553,0.07,2.275,2.64
ATOM,808.0,C,ALA,73.0,79.504,37.129,30.411,0.51,2.0,0.0
ATOM,809.0,O,ALA,73.0,80.58,37.66,30.162,-0.51,1.7,12.17
ATOM,810.0,CB,ALA,73.0,78.166,38.578,31.955,-0.27,2.06,27.87
ATOM,811.0,H,ALA,73.0,76.315,36.988,30.989,0.31,0.2245,0.0
ATOM,812.0,HA,ALA,73.0,78.304,38.761,29.906,0.09,1.32,9.93
ATOM,813.0,HB1,ALA,73.0,78.946,38.257,32.491,0.09,1.32,5.75
ATOM,814.0,HB2,ALA,73.0,78.19,39.575,31.896,0.09,1.32,11.57
ATOM,815.0,HB3,ALA,73.0,77.317,38.291,32.397,0.09,1.32,0.0
ATOM,816.0,N,ILE,74.0,79.363,35.812,30.588,-0.47,1.85,0.0
ATOM,817.0,CA,ILE,74.0,80.426,34.813,30.449,0.07,2.275,0.0
ATOM,818.0,C,ILE,74.0,80.557,34.336,28.987,0.51,2.0,0.01
ATOM,819.0,O,ILE,74.0,81.42,33.512,28.677,-0.51,1.7,0.0
ATOM,820.0,CB,ILE,74.0,80.081,33.628,31.476,-0.09,2.275,0.0
ATOM,821.0,CG1,ILE,74.0,80.284,34.157,32.9,-0.18,2.175,5.62
ATOM,822.0,CG2,ILE,74.0,80.865,32.324,31.259,-0.27,2.06,0.0
ATOM,823.0,CD1,ILE,74.0,79.472,33.387,33.918,-0.27,2.06,0.0
ATOM,824.0,H,ILE,74.0,78.369,35.535,30.85,0.31,0.2245,0.0
ATOM,825.0,HA,ILE,74.0,81.286,35.281,30.669,0.09,1.32,0.0
ATOM,826.0,HB,ILE,74.0,79.135,33.415,31.344,0.09,1.32,0.0
ATOM,827.0,HG12,ILE,74.0,81.246,34.085,33.128,0.09,1.32,0.0
ATOM,828.0,HG13,ILE,74.0,80.006,35.11,32.92,0.09,1.32,0.36
ATOM,829.0,HG21,ILE,74.0,80.544,31.639,31.907,0.09,1.32,0.0
ATOM,830.0,HG22,ILE,74.0,80.715,32.004,30.328,0.09,1.32,0.0
ATOM,831.0,HG23,ILE,74.0,81.835,32.499,31.404,0.09,1.32,0.0
ATOM,832.0,HD11,ILE,74.0,79.745,32.426,33.902,0.09,1.32,0.0
ATOM,833.0,HD12,ILE,74.0,79.636,33.766,34.828,0.09,1.32,1.06
ATOM,834.0,HD13,ILE,74.0,78.501,33.463,33.694,0.09,1.32,0.0
ATOM,835.0,N,GLY,75.0,79.698,34.831,28.095,-0.47,1.85,0.33
ATOM,836.0,CA,GLY,75.0,79.77,34.536,26.668,-0.02,2.175,16.41
ATOM,837.0,C,GLY,75.0,78.979,33.308,26.22,0.51,2.0,0.49
ATOM,838.0,O,GLY,75.0,79.187,32.797,25.122,-0.51,1.7,4.23
ATOM,839.0,H,GLY,75.0,78.964,35.453,28.511,0.31,0.2245,0.0
ATOM,840.0,HA2,GLY,75.0,79.441,35.35,26.141,0.09,1.32,9.6
ATOM,841.0,HA3,GLY,75.0,80.751,34.412,26.401,0.09,1.32,1.73
ATOM,842.0,N,VAL,76.0,78.085,32.84,27.07,-0.47,1.85,0.0
ATOM,843.0,CA,VAL,76.0,77.25,31.689,26.754,0.07,2.275,0.0
ATOM,844.0,C,VAL,76.0,76.132,32.126,25.806,0.51,2.0,0.0
ATOM,845.0,O,VAL,76.0,75.464,33.145,26.038,-0.51,1.7,1.18
ATOM,846.0,CB,VAL,76.0,76.642,31.082,28.057,-0.09,2.275,0.0
ATOM,847.0,CG1,VAL,76.0,75.557,30.047,27.727,-0.27,2.06,0.0
ATOM,848.0,CG2,VAL,76.0,77.757,30.485,28.934,-0.27,2.06,0.0
ATOM,849.0,H,VAL,76.0,78.027,33.355,27.974,0.31,0.2245,0.0
ATOM,850.0,HA,VAL,76.0,77.811,31.014,26.276,0.09,1.32,0.0
ATOM,851.0,HB,VAL,76.0,76.198,31.821,28.55,0.09,1.32,0.0
ATOM,852.0,HG11,VAL,76.0,75.986,29.238,27.331,0.09,1.32,0.0
ATOM,853.0,HG12,VAL,76.0,75.076,29.799,28.565,0.09,1.32,0.0
ATOM,854.0,HG13,VAL,76.0,74.915,30.443,27.074,0.09,1.32,0.0
ATOM,855.0,HG21,VAL,76.0,78.271,31.23,29.352,0.09,1.32,0.0
ATOM,856.0,HG22,VAL,76.0,77.341,29.916,29.64,0.09,1.32,0.0
ATOM,857.0,HG23,VAL,76.0,78.358,29.934,28.36,0.09,1.32,0.09
ATOM,858.0,N,ASN,77.0,75.961,31.403,24.684,-0.47,1.85,0.0
ATOM,859.0,CA,ASN,77.0,74.943,31.743,23.697,0.07,2.275,0.1
ATOM,860.0,C,ASN,77.0,73.869,30.682,23.534,0.51,2.0,0.0
ATOM,861.0,O,ASN,77.0,72.941,30.88,22.757,-0.51,1.7,0.0
ATOM,862.0,CB,ASN,77.0,75.586,32.097,22.334,-0.18,2.175,9.27
ATOM,863.0,CG,ASN,77.0,76.204,30.903,21.613,0.55,2.0,0.0
ATOM,864.0,H,ASN,77.0,76.609,30.598,24.591,0.31,0.2245,0.0
ATOM,865.0,HA,ASN,77.0,74.48,32.587,24.027,0.09,1.32,0.34
ATOM,866.0,HB2,ASN,77.0,74.876,32.489,21.751,0.09,1.32,0.58
ATOM,867.0,HB3,ASN,77.0,76.301,32.776,22.497,0.09,1.32,6.68
ATOM,868.0,OD1,ASN,77.0,76.253,29.787,22.135,-0.55,1.7,0.0
ATOM,869.0,ND2,ASN,77.0,76.736,31.159,20.395,-0.62,1.85,0.0
ATOM,870.0,HD22,ASN,77.0,76.707,32.087,20.037,0.3,0.2245,4.98
ATOM,871.0,HD21,ASN,77.0,77.148,30.42,19.875,0.32,0.2245,0.0
ATOM,872.0,N,ASN,78.0,73.982,29.568,24.261,-0.47,1.85,0.0
ATOM,873.0,CA,ASN,78.0,73.099,28.404,24.025,0.07,2.275,0.0
ATOM,874.0,C,ASN,78.0,72.93,27.596,25.292,0.51,2.0,0.0
ATOM,875.0,O,ASN,78.0,73.919,27.345,26.025,-0.51,1.7,0.0
ATOM,876.0,CB,ASN,78.0,73.689,27.532,22.941,-0.18,2.175,0.0
ATOM,877.0,CG,ASN,78.0,72.852,26.332,22.595,0.55,2.0,0.0
ATOM,878.0,H,ASN,78.0,74.717,29.584,24.983,0.31,0.2245,0.0
ATOM,879.0,HA,ASN,78.0,72.199,28.774,23.778,0.09,1.32,0.0
ATOM,880.0,HB2,ASN,78.0,73.807,28.089,22.112,0.09,1.32,0.0
ATOM,881.0,HB3,ASN,78.0,74.594,27.214,23.245,0.09,1.32,0.0
ATOM,882.0,OD1,ASN,78.0,73.171,25.215,23.018,-0.55,1.7,0.18
ATOM,883.0,ND2,ASN,78.0,71.782,26.541,21.786,-0.62,1.85,0.0
ATOM,884.0,HD22,ASN,78.0,71.61,27.469,21.46,0.3,0.2245,0.0
ATOM,885.0,HD21,ASN,78.0,71.2,25.785,21.536,0.32,0.2245,0.0
ATOM,886.0,N,LEU,79.0,71.687,27.221,25.575,-0.47,1.85,0.0
ATOM,887.0,CA,LEU,79.0,71.409,26.296,26.674,0.07,2.275,0.0
ATOM,888.0,C,LEU,79.0,70.849,25.014,26.109,0.51,2.0,0.0
ATOM,889.0,O,LEU,79.0,70.065,25.032,25.155,-0.51,1.7,0.0
ATOM,890.0,CB,LEU,79.0,70.379,26.848,27.65,-0.18,2.175,0.0
ATOM,891.0,CG,LEU,79.0,70.545,28.193,28.317,-0.09,2.275,0.0
ATOM,892.0,CD1,LEU,79.0,69.428,28.368,29.324,-0.27,2.06,0.0
ATOM,893.0,CD2,LEU,79.0,71.884,28.36,28.922,-0.27,2.06,0.0
ATOM,894.0,H,LEU,79.0,70.955,27.627,24.97,0.31,0.2245,0.0
ATOM,895.0,HA,LEU,79.0,72.269,26.096,27.144,0.09,1.32,0.0
ATOM,896.0,HB2,LEU,79.0,69.479,26.867,27.158,0.09,1.32,0.0
ATOM,897.0,HB3,LEU,79.0,70.27,26.154,28.396,0.09,1.32,0.0
ATOM,898.0,HG,LEU,79.0,70.489,28.911,27.633,0.09,1.32,0.0
ATOM,899.0,HD11,LEU,79.0,69.474,27.64,30.01,0.09,1.32,0.0
ATOM,900.0,HD12,LEU,79.0,69.519,29.256,29.779,0.09,1.32,0.0
ATOM,901.0,HD13,LEU,79.0,68.543,28.326,28.858,0.09,1.32,0.0
ATOM,902.0,HD21,LEU,79.0,72.604,28.282,28.221,0.09,1.32,0.0
ATOM,903.0,HD22,LEU,79.0,71.967,29.265,29.359,0.09,1.32,0.0
ATOM,904.0,HD23,LEU,79.0,72.048,27.655,29.623,0.09,1.32,0.0
ATOM,905.0,N,ARG,80.0,71.169,23.908,26.769,-0.47,1.85,0.0
ATOM,906.0,CA,ARG,80.0,70.545,22.631,26.459,0.07,2.275,0.0
ATOM,907.0,C,ARG,80.0,69.639,22.274,27.682,0.51,2.0,0.0
ATOM,908.0,O,ARG,80.0,70.107,22.211,28.834,-0.51,1.7,0.02
ATOM,909.0,CB,ARG,80.0,71.616,21.596,26.214,-0.18,2.175,0.0
ATOM,910.0,CG,ARG,80.0,71.119,20.19,25.907,-0.18,2.175,0.0
ATOM,911.0,CD,ARG,80.0,72.114,19.27,25.289,0.2,2.175,0.0
ATOM,912.0,NE,ARG,80.0,71.572,17.932,25.08,-0.7,1.85,0.0
ATOM,913.0,CZ,ARG,80.0,71.608,16.962,25.978,0.64,2.0,0.0
ATOM,914.0,NH1,ARG,80.0,72.199,17.155,27.143,-0.8,1.85,0.0
ATOM,915.0,NH2,ARG,80.0,71.132,15.771,25.694,-0.8,1.85,0.0
ATOM,916.0,H,ARG,80.0,71.887,24.032,27.508,0.31,0.2245,0.0
ATOM,917.0,HA,ARG,80.0,69.962,22.725,25.67,0.09,1.32,0.0
ATOM,918.0,HB2,ARG,80.0,72.179,21.894,25.437,0.09,1.32,0.37
ATOM,919.0,HB3,ARG,80.0,72.2,21.539,27.03,0.09,1.32,0.0
ATOM,920.0,HG2,ARG,80.0,70.783,19.77,26.772,0.09,1.32,0.0
ATOM,921.0,HG3,ARG,80.0,70.315,20.26,25.286,0.09,1.32,0.0
ATOM,922.0,HD2,ARG,80.0,72.396,19.645,24.405,0.09,1.32,0.55
ATOM,923.0,HD3,ARG,80.0,72.911,19.205,25.892,0.09,1.32,0.0
ATOM,924.0,HE,ARG,80.0,71.141,17.735,24.189,0.44,0.2245,0.0
ATOM,925.0,HH11,ARG,80.0,72.61,18.033,27.379,0.46,0.2245,0.0
ATOM,926.0,HH12,ARG,80.0,72.238,16.401,27.814,0.46,0.2245,0.0
ATOM,927.0,HH21,ARG,80.0,70.718,15.6,24.792,0.46,0.2245,0.0
ATOM,928.0,HH22,ARG,80.0,71.174,15.031,26.364,0.46,0.2245,0.0
ATOM,929.0,N,VAL,81.0,68.358,22.096,27.406,-0.47,1.85,0.0
ATOM,930.0,CA,VAL,81.0,67.298,22.103,28.432,0.07,2.275,0.0
ATOM,931.0,C,VAL,81.0,66.328,20.948,28.198,0.51,2.0,0.0
ATOM,932.0,O,VAL,81.0,65.967,20.622,27.059,-0.51,1.7,0.0
ATOM,933.0,CB,VAL,81.0,66.536,23.438,28.372,-0.09,2.275,0.0
ATOM,934.0,CG1,VAL,81.0,65.399,23.494,29.374,-0.27,2.06,0.0
ATOM,935.0,CG2,VAL,81.0,67.535,24.592,28.618,-0.27,2.06,0.0
ATOM,936.0,H,VAL,81.0,68.148,21.947,26.39,0.31,0.2245,0.0
ATOM,937.0,HA,VAL,81.0,67.734,21.969,29.325,0.09,1.32,0.0
ATOM,938.0,HB,VAL,81.0,66.128,23.513,27.46,0.09,1.32,0.0
ATOM,939.0,HG11,VAL,81.0,65.763,23.401,30.302,0.09,1.32,0.0
ATOM,940.0,HG12,VAL,81.0,64.921,24.37,29.293,0.09,1.32,0.0
ATOM,941.0,HG13,VAL,81.0,64.755,22.749,29.195,0.09,1.32,0.0
ATOM,942.0,HG21,VAL,81.0,67.414,24.924,29.549,0.09,1.32,0.0
ATOM,943.0,HG22,VAL,81.0,68.46,24.244,28.492,0.09,1.32,0.0
ATOM,944.0,HG23,VAL,81.0,67.348,25.32,27.964,0.09,1.32,0.0
ATOM,945.0,N,LEU,82.0,65.882,20.358,29.299,-0.47,1.85,0.0
ATOM,946.0,CA,LEU,82.0,64.816,19.348,29.255,0.07,2.275,0.0
ATOM,947.0,C,LEU,82.0,63.463,19.993,28.957,0.51,2.0,0.0
ATOM,948.0,O,LEU,82.0,63.08,20.92,29.634,-0.51,1.7,3.27
ATOM,949.0,CB,LEU,82.0,64.744,18.648,30.614,-0.18,2.175,0.0
ATOM,950.0,CG,LEU,82.0,63.653,17.612,30.857,-0.09,2.275,0.32
ATOM,951.0,CD1,LEU,82.0,63.991,16.353,30.124,-0.27,2.06,0.0
ATOM,952.0,CD2,LEU,82.0,63.542,17.362,32.348,-0.27,2.06,0.42
ATOM,953.0,H,LEU,82.0,66.339,20.662,30.179,0.31,0.2245,0.0
ATOM,954.0,HA,LEU,82.0,65.027,18.696,28.52,0.09,1.32,0.0
ATOM,955.0,HB2,LEU,82.0,65.631,18.188,30.765,0.09,1.32,0.0
ATOM,956.0,HB3,LEU,82.0,64.639,19.363,31.318,0.09,1.32,0.0
ATOM,957.0,HG,LEU,82.0,62.784,17.977,30.528,0.09,1.32,0.05
ATOM,958.0,HD11,LEU,82.0,64.87,15.988,30.447,0.09,1.32,0.0
ATOM,959.0,HD12,LEU,82.0,63.279,15.661,30.276,0.09,1.32,0.0
ATOM,960.0,HD13,LEU,82.0,64.06,16.533,29.138,0.09,1.32,0.0
ATOM,961.0,HD21,LEU,82.0,63.308,18.216,32.817,0.09,1.32,0.02
ATOM,962.0,HD22,LEU,82.0,62.828,16.682,32.524,0.09,1.32,0.0
ATOM,963.0,HD23,LEU,82.0,64.416,17.021,32.699,0.09,1.32,0.0
ATOM,964.0,N,ALA,83.0,62.747,19.477,27.966,-0.47,1.85,0.0
ATOM,965.0,CA,ALA,83.0,61.436,20.009,27.584,0.07,2.275,0.0
ATOM,966.0,C,ALA,83.0,60.284,19.407,28.39,0.51,2.0,0.65
ATOM,967.0,O,ALA,83.0,59.288,20.073,28.636,-0.51,1.7,4.89
ATOM,968.0,CB,ALA,83.0,61.185,19.772,26.151,-0.27,2.06,0.0
ATOM,969.0,H,ALA,83.0,63.191,18.666,27.484,0.31,0.2245,0.0
ATOM,970.0,HA,ALA,83.0,61.44,21.013,27.732,0.09,1.32,0.0
ATOM,971.0,HB1,ALA,83.0,61.933,20.147,25.589,0.09,1.32,0.0
ATOM,972.0,HB2,ALA,83.0,61.114,18.785,25.958,0.09,1.32,0.0
ATOM,973.0,HB3,ALA,83.0,60.325,20.211,25.861,0.09,1.32,0.0
ATOM,974.0,N,VAL,84.0,60.405,18.139,28.748,-0.47,1.85,0.12
ATOM,975.0,CA,VAL,84.0,59.297,17.421,29.372,0.07,2.275,0.99
ATOM,976.0,C,VAL,84.0,59.808,16.35,30.342,0.51,2.0,0.0
ATOM,977.0,O,VAL,84.0,60.828,15.72,30.086,-0.51,1.7,0.02
ATOM,978.0,CB,VAL,84.0,58.405,16.777,28.29,-0.09,2.275,0.0
ATOM,979.0,CG1,VAL,84.0,59.124,15.666,27.599,-0.27,2.06,0.0
ATOM,980.0,CG2,VAL,84.0,57.077,16.303,28.908,-0.27,2.06,0.0
ATOM,981.0,H,VAL,84.0,61.327,17.71,28.554,0.31,0.2245,0.0
ATOM,982.0,HA,VAL,84.0,58.753,18.081,29.903,0.09,1.32,0.0
ATOM,983.0,HB,VAL,84.0,58.209,17.483,27.611,0.09,1.32,0.0
ATOM,984.0,HG11,VAL,84.0,59.932,15.391,28.129,0.09,1.32,0.0
ATOM,985.0,HG12,VAL,84.0,58.52,14.869,27.498,0.09,1.32,0.0
ATOM,986.0,HG13,VAL,84.0,59.423,15.959,26.686,0.09,1.32,0.0
ATOM,987.0,HG21,VAL,84.0,56.359,16.376,28.221,0.09,1.32,0.02
ATOM,988.0,HG22,VAL,84.0,57.179,15.355,29.199,0.09,1.32,0.0
ATOM,989.0,HG23,VAL,84.0,56.863,16.881,29.691,0.09,1.32,0.0
ATOM,990.0,N,SER,85.0,59.072,16.149,31.425,-0.47,1.85,0.13
ATOM,991.0,CA,SER,85.0,59.348,15.098,32.404,0.07,2.275,0.0
ATOM,992.0,C,SER,85.0,58.073,14.294,32.663,0.51,2.0,0.0
ATOM,993.0,O,SER,85.0,56.964,14.776,32.459,-0.51,1.7,0.0
ATOM,994.0,CB,SER,85.0,59.868,15.696,33.694,0.05,2.175,0.0
ATOM,995.0,OG,SER,85.0,58.905,16.615,34.229,-0.66,1.77,0.0
ATOM,996.0,H,SER,85.0,58.264,16.814,31.525,0.31,0.2245,0.0
ATOM,997.0,HA,SER,85.0,60.028,14.478,32.013,0.09,1.32,0.0
ATOM,998.0,HB2,SER,85.0,60.016,14.976,34.358,0.09,1.32,0.0
ATOM,999.0,HB3,SER,85.0,60.707,16.192,33.515,0.09,1.32,0.0
ATOM,1000.0,HG,SER,85.0,58.951,16.591,35.224,0.43,0.2245,0.0
ATOM,1001.0,N,GLU,86.0,58.254,13.047,33.068,-0.47,1.85,0.0
ATOM,1002.0,CA,GLU,86.0,57.163,12.112,33.377,0.07,2.275,0.0
ATOM,1003.0,C,GLU,86.0,57.132,11.802,34.88,0.51,2.0,0.0
ATOM,1004.0,O,GLU,86.0,58.172,11.563,35.504,-0.51,1.7,0.55
ATOM,1005.0,CB,GLU,86.0,57.402,10.835,32.599,-0.18,2.175,0.0
ATOM,1006.0,CG,GLU,86.0,57.255,10.985,31.088,-0.28,2.175,0.91
ATOM,1007.0,CD,GLU,86.0,58.423,11.722,30.412,0.62,2.0,0.0
ATOM,1008.0,OE1,GLU,86.0,59.619,11.484,30.747,-0.76,1.7,0.02
ATOM,1009.0,OE2,GLU,86.0,58.141,12.563,29.51,-0.76,1.7,0.1
ATOM,1010.0,H,GLU,86.0,59.268,12.768,33.154,0.31,0.2245,0.0
ATOM,1011.0,HA,GLU,86.0,56.287,12.515,33.102,0.09,1.32,0.0
ATOM,1012.0,HB2,GLU,86.0,58.325,10.536,32.774,0.09,1.32,0.0
ATOM,1013.0,HB3,GLU,86.0,56.739,10.167,32.892,0.09,1.32,0.0
ATOM,1014.0,HG2,GLU,86.0,57.211,10.085,30.689,0.09,1.32,0.0
ATOM,1015.0,HG3,GLU,86.0,56.439,11.507,30.903,0.09,1.32,0.0
ATOM,1016.0,N,LYS,87.0,55.95,11.793,35.47,-0.47,1.85,0.0
ATOM,1017.0,CA,LYS,87.0,55.816,11.645,36.909,0.07,2.275,0.0
ATOM,1018.0,C,LYS,87.0,56.391,10.321,37.377,0.51,2.0,0.0
ATOM,1019.0,O,LYS,87.0,56.098,9.265,36.848,-0.51,1.7,1.63
ATOM,1020.0,CB,LYS,87.0,54.338,11.716,37.332,-0.18,2.175,0.0
ATOM,1021.0,CG,LYS,87.0,54.102,11.66,38.839,-0.18,2.175,1.55
ATOM,1022.0,CD,LYS,87.0,52.634,11.815,39.165,-0.18,2.175,1.85
ATOM,1023.0,CE,LYS,87.0,52.397,11.945,40.671,0.21,2.175,14.71
ATOM,1024.0,NZ,LYS,87.0,50.943,11.742,40.985,-0.3,1.85,13.98
ATOM,1025.0,H,LYS,87.0,55.138,11.899,34.827,0.31,0.2245,0.0
ATOM,1026.0,HA,LYS,87.0,56.317,12.395,37.363,0.09,1.32,0.0
ATOM,1027.0,HB2,LYS,87.0,53.959,12.574,36.987,0.09,1.32,0.0
ATOM,1028.0,HB3,LYS,87.0,53.859,10.946,36.91,0.09,1.32,0.13
ATOM,1029.0,HG2,LYS,87.0,54.424,10.779,39.182,0.09,1.32,1.22
ATOM,1030.0,HG3,LYS,87.0,54.615,12.398,39.273,0.09,1.32,4.47
ATOM,1031.0,HD2,LYS,87.0,52.285,12.637,38.723,0.09,1.32,0.0
ATOM,1032.0,HD3,LYS,87.0,52.138,11.014,38.841,0.09,1.32,8.42
ATOM,1033.0,HE2,LYS,87.0,52.932,11.254,41.144,0.05,1.32,0.05
ATOM,1034.0,HE3,LYS,87.0,52.67,12.855,40.965,0.05,1.32,10.72
ATOM,1035.0,HZ1,LYS,87.0,50.603,12.538,41.481,0.33,0.2245,20.3
ATOM,1036.0,HZ2,LYS,87.0,50.438,11.632,40.132,0.33,0.2245,11.1
ATOM,1037.0,HZ3,LYS,87.0,50.843,10.924,41.547,0.33,0.2245,14.38
ATOM,1038.0,N,SER,88.0,57.207,10.397,38.406,-0.47,1.85,0.0
ATOM,1039.0,CA,SER,88.0,57.876,9.231,38.955,0.07,2.275,0.23
ATOM,1040.0,C,SER,88.0,57.83,9.288,40.475,0.51,2.0,0.0
ATOM,1041.0,O,SER,88.0,57.854,10.359,41.052,-0.51,1.7,2.59
ATOM,1042.0,CB,SER,88.0,59.341,9.237,38.531,0.05,2.175,0.0
ATOM,1043.0,OG,SER,88.0,60.001,8.104,39.094,-0.66,1.77,0.3
ATOM,1044.0,H,SER,88.0,57.333,11.361,38.794,0.31,0.2245,0.38
ATOM,1045.0,HA,SER,88.0,57.376,8.414,38.662,0.09,1.32,1.04
ATOM,1046.0,HB2,SER,88.0,59.394,9.181,37.546,0.09,1.32,0.0
ATOM,1047.0,HB3,SER,88.0,59.773,10.059,38.87,0.09,1.32,0.0
ATOM,1048.0,HG,SER,88.0,60.982,8.181,38.931,0.43,0.2245,0.62
ATOM,1049.0,N,GLU,89.0,57.788,8.129,41.119,-0.47,1.85,0.0
ATOM,1050.0,CA,GLU,89.0,57.807,8.065,42.575,0.07,2.275,0.0
ATOM,1051.0,C,GLU,89.0,59.194,7.772,43.142,0.51,2.0,0.24
ATOM,1052.0,O,GLU,89.0,59.378,7.798,44.363,-0.51,1.7,12.49
ATOM,1053.0,CB,GLU,89.0,56.853,6.969,43.057,-0.18,2.175,13.25
ATOM,1054.0,CG,GLU,89.0,55.443,7.098,42.505,-0.28,2.175,17.68
ATOM,1055.0,CD,GLU,89.0,54.658,8.224,43.137,0.62,2.0,3.01
ATOM,1056.0,OE1,GLU,89.0,55.215,8.949,43.996,-0.76,1.7,28.36
ATOM,1057.0,OE2,GLU,89.0,53.463,8.385,42.771,-0.76,1.7,28.25
ATOM,1058.0,H,GLU,89.0,57.741,7.29,40.509,0.31,0.2245,4.67
ATOM,1059.0,HA,GLU,89.0,57.469,8.944,42.957,0.09,1.32,0.0
ATOM,1060.0,HB2,GLU,89.0,57.214,6.106,42.756,0.09,1.32,6.73
ATOM,1061.0,HB3,GLU,89.0,56.798,7.03,44.036,0.09,1.32,6.15
ATOM,1062.0,HG2,GLU,89.0,55.507,7.282,41.54,0.09,1.32,3.67
ATOM,1063.0,HG3,GLU,89.0,54.962,6.258,42.688,0.09,1.32,10.96
ATOM,1064.0,N,ILE,90.0,60.17,7.477,42.297,-0.47,1.85,0.0
ATOM,1065.0,CA,ILE,90.0,61.503,7.205,42.819,0.07,2.275,0.31
ATOM,1066.0,C,ILE,90.0,62.166,8.467,43.378,0.51,2.0,0.0
ATOM,1067.0,O,ILE,90.0,61.741,9.594,43.101,-0.51,1.7,0.0
ATOM,1068.0,CB,ILE,90.0,62.39,6.534,41.771,-0.09,2.275,0.29
ATOM,1069.0,CG1,ILE,90.0,62.668,7.507,40.607,-0.18,2.175,0.0
ATOM,1070.0,CG2,ILE,90.0,61.726,5.24,41.269,-0.27,2.06,3.74
ATOM,1071.0,CD1,ILE,90.0,63.687,6.969,39.618,-0.27,2.06,0.42
ATOM,1072.0,H,ILE,90.0,59.92,7.458,41.306,0.31,0.2245,0.0
ATOM,1073.0,HA,ILE,90.0,61.381,6.579,43.599,0.09,1.32,5.94
ATOM,1074.0,HB,ILE,90.0,63.262,6.313,42.192,0.09,1.32,0.0
ATOM,1075.0,HG12,ILE,90.0,61.813,7.678,40.133,0.09,1.32,0.0
ATOM,1076.0,HG13,ILE,90.0,63.011,8.357,40.991,0.09,1.32,0.0
ATOM,1077.0,HG21,ILE,90.0,62.333,4.795,40.617,0.09,1.32,0.0
ATOM,1078.0,HG22,ILE,90.0,61.561,4.637,42.044,0.09,1.32,8.23
ATOM,1079.0,HG23,ILE,90.0,60.863,5.467,40.828,0.09,1.32,0.71
ATOM,1080.0,HD11,ILE,90.0,63.348,6.115,39.229,0.09,1.32,0.0
ATOM,1081.0,HD12,ILE,90.0,63.825,7.639,38.891,0.09,1.32,0.0
ATOM,1082.0,HD13,ILE,90.0,64.55,6.804,40.092,0.09,1.32,0.0
ATOM,1083.0,N,ASN,91.0,63.208,8.275,44.179,-0.47,1.85,0.0
ATOM,1084.0,CA,ASN,91.0,63.896,9.375,44.81,0.07,2.275,2.17
ATOM,1085.0,C,ASN,91.0,65.149,9.825,44.078,0.51,2.0,0.65
ATOM,1086.0,O,ASN,91.0,66.054,10.401,44.706,-0.51,1.7,3.77
ATOM,1087.0,CB,ASN,91.0,64.179,9.006,46.277,-0.18,2.175,14.39
ATOM,1088.0,CG,ASN,91.0,62.893,8.845,47.06,0.55,2.0,2.3
ATOM,1089.0,H,ASN,91.0,63.476,7.275,44.306,0.31,0.2245,3.63
ATOM,1090.0,HA,ASN,91.0,63.257,10.17,44.814,0.09,1.32,1.83
ATOM,1091.0,HB2,ASN,91.0,64.673,8.149,46.291,0.09,1.32,5.12
ATOM,1092.0,HB3,ASN,91.0,64.713,9.734,46.682,0.09,1.32,4.72
ATOM,1093.0,OD1,ASN,91.0,61.991,9.664,46.935,-0.55,1.7,17.67
ATOM,1094.0,ND2,ASN,91.0,62.781,7.773,47.811,-0.62,1.85,22.92
ATOM,1095.0,HD22,ASN,91.0,63.534,7.107,47.851,0.3,0.2245,16.82
ATOM,1096.0,HD21,ASN,91.0,61.952,7.609,48.347,0.32,0.2245,21.21
ATOM,1097.0,N,SER,92.0,65.203,9.568,42.765,-0.47,1.85,0.0
ATOM,1098.0,CA,SER,92.0,66.275,10.037,41.878,0.07,2.275,0.0
ATOM,1099.0,C,SER,92.0,65.687,10.801,40.687,0.51,2.0,0.0
ATOM,1100.0,O,SER,92.0,66.284,10.857,39.633,-0.51,1.7,0.0
ATOM,1101.0,CB,SER,92.0,67.093,8.851,41.367,0.05,2.175,0.0
ATOM,1102.0,OG,SER,92.0,67.743,8.181,42.441,-0.66,1.77,2.34
ATOM,1103.0,H,SER,92.0,64.396,8.99,42.416,0.31,0.2245,0.0
ATOM,1104.0,HA,SER,92.0,66.851,10.673,42.397,0.09,1.32,0.0
ATOM,1105.0,HB2,SER,92.0,66.484,8.211,40.911,0.09,1.32,0.0
ATOM,1106.0,HB3,SER,92.0,67.782,9.185,40.732,0.09,1.32,0.0
ATOM,1107.0,HG,SER,92.0,67.326,7.284,42.571,0.43,0.2245,0.08
ATOM,1108.0,N,ALA,93.0,64.482,11.323,40.846,-0.47,1.85,0.0
ATOM,1109.0,CA,ALA,93.0,63.744,11.976,39.734,0.07,2.275,0.0
ATOM,1110.0,C,ALA,93.0,63.204,13.333,40.128,0.51,2.0,0.0
ATOM,1111.0,O,ALA,93.0,62.874,13.593,41.305,-0.51,1.7,1.48
ATOM,1112.0,CB,ALA,93.0,62.61,11.109,39.254,-0.27,2.06,0.25
ATOM,1113.0,H,ALA,93.0,64.087,11.244,41.804,0.31,0.2245,0.42
ATOM,1114.0,HA,ALA,93.0,64.384,12.085,38.96,0.09,1.32,0.0
ATOM,1115.0,HB1,ALA,93.0,62.524,10.302,39.842,0.09,1.32,0.0
ATOM,1116.0,HB2,ALA,93.0,61.751,11.624,39.279,0.09,1.32,0.0
ATOM,1117.0,HB3,ALA,93.0,62.783,10.809,38.313,0.09,1.32,0.0
ATOM,1118.0,N,VAL,94.0,63.131,14.227,39.143,-0.47,1.85,0.0
ATOM,1119.0,CA,VAL,94.0,62.525,15.529,39.383,0.07,2.275,0.0
ATOM,1120.0,C,VAL,94.0,61.038,15.403,39.732,0.51,2.0,0.0
ATOM,1121.0,O,VAL,94.0,60.296,14.564,39.16,-0.51,1.7,0.45
ATOM,1122.0,CB,VAL,94.0,62.771,16.511,38.222,-0.09,2.275,0.0
ATOM,1123.0,CG1,VAL,94.0,62.06,16.093,36.962,-0.27,2.06,0.0
ATOM,1124.0,CG2,VAL,94.0,62.339,17.902,38.613,-0.27,2.06,0.0
ATOM,1125.0,H,VAL,94.0,63.523,13.927,38.242,0.31,0.2245,0.0
ATOM,1126.0,HA,VAL,94.0,62.989,15.954,40.171,0.09,1.32,0.0
ATOM,1127.0,HB,VAL,94.0,63.755,16.503,38.027,0.09,1.32,0.0
ATOM,1128.0,HG11,VAL,94.0,62.729,15.879,36.247,0.09,1.32,0.0
ATOM,1129.0,HG12,VAL,94.0,61.5,15.28,37.139,0.09,1.32,0.17
ATOM,1130.0,HG13,VAL,94.0,61.466,16.835,36.642,0.09,1.32,0.0
ATOM,1131.0,HG21,VAL,94.0,61.827,17.866,39.474,0.09,1.32,0.0
ATOM,1132.0,HG22,VAL,94.0,63.146,18.485,38.731,0.09,1.32,0.0
ATOM,1133.0,HG23,VAL,94.0,61.754,18.287,37.896,0.09,1.32,0.0
ATOM,1134.0,N,LYS,95.0,60.647,16.202,40.731,-0.47,1.85,0.0
ATOM,1135.0,CA,LYS,95.0,59.266,16.35,41.194,0.07,2.275,0.0
ATOM,1136.0,C,LYS,95.0,58.981,17.837,41.398,0.51,2.0,0.0
ATOM,1137.0,O,LYS,95.0,59.837,18.542,41.902,-0.51,1.7,0.97
ATOM,1138.0,CB,LYS,95.0,59.054,15.604,42.512,-0.18,2.175,0.36
ATOM,1139.0,CG,LYS,95.0,59.352,14.128,42.37,-0.18,2.175,1.72
ATOM,1140.0,CD,LYS,95.0,59.524,13.444,43.699,-0.18,2.175,2.8
ATOM,1141.0,CE,LYS,95.0,59.82,11.963,43.501,0.21,2.175,1.92
ATOM,1142.0,NZ,LYS,95.0,59.955,11.277,44.818,-0.3,1.85,4.18
ATOM,1143.0,H,LYS,95.0,61.448,16.736,41.173,0.31,0.2245,0.0
ATOM,1144.0,HA,LYS,95.0,58.649,15.997,40.495,0.09,1.32,0.28
ATOM,1145.0,HB2,LYS,95.0,59.665,15.988,43.187,0.09,1.32,0.0
ATOM,1146.0,HB3,LYS,95.0,58.108,15.713,42.781,0.09,1.32,2.83
ATOM,1147.0,HG2,LYS,95.0,58.595,13.689,41.87,0.09,1.32,3.64
ATOM,1148.0,HG3,LYS,95.0,60.195,14.015,41.831,0.09,1.32,0.0
ATOM,1149.0,HD2,LYS,95.0,60.287,13.853,44.184,0.09,1.32,2.69
ATOM,1150.0,HD3,LYS,95.0,58.687,13.527,44.225,0.09,1.32,6.47
ATOM,1151.0,HE2,LYS,95.0,59.071,11.548,42.989,0.05,1.32,0.0
ATOM,1152.0,HE3,LYS,95.0,60.672,11.867,42.991,0.05,1.32,0.0
ATOM,1153.0,HZ1,LYS,95.0,59.997,11.962,45.544,0.33,0.2245,12.1
ATOM,1154.0,HZ2,LYS,95.0,59.165,10.682,44.963,0.33,0.2245,7.16
ATOM,1155.0,HZ3,LYS,95.0,60.792,10.731,44.822,0.33,0.2245,0.0
ATOM,1156.0,N,PRO,96.0,57.817,18.344,40.994,-0.29,1.85,0.0
ATOM,1157.0,CA,PRO,96.0,56.762,17.644,40.262,0.02,2.275,0.91
ATOM,1158.0,C,PRO,96.0,57.145,17.475,38.811,0.51,2.0,0.0
ATOM,1159.0,O,PRO,96.0,58.189,17.936,38.388,-0.51,1.7,0.0
ATOM,1160.0,CB,PRO,96.0,55.584,18.629,40.358,-0.18,2.175,15.07
ATOM,1161.0,CG,PRO,96.0,56.238,19.958,40.376,-0.18,2.175,3.04
ATOM,1162.0,CD,PRO,96.0,57.483,19.758,41.197,0.0,2.175,2.44
ATOM,1163.0,HA,PRO,96.0,56.562,16.755,40.691,0.09,1.32,5.43
ATOM,1164.0,HB2,PRO,96.0,54.982,18.528,39.565,0.09,1.32,1.23
ATOM,1165.0,HB3,PRO,96.0,55.062,18.466,41.195,0.09,1.32,8.54
ATOM,1166.0,HG2,PRO,96.0,56.47,20.256,39.446,0.09,1.32,0.0
ATOM,1167.0,HG3,PRO,96.0,55.641,20.645,40.798,0.09,1.32,3.98
ATOM,1168.0,HD2,PRO,96.0,58.229,20.347,40.878,0.09,1.32,0.0
ATOM,1169.0,HD3,PRO,96.0,57.314,19.946,42.169,0.09,1.32,2.61
ATOM,1170.0,N,ALA,97.0,56.313,16.753,38.058,-0.47,1.85,0.26
ATOM,1171.0,CA,ALA,97.0,56.574,16.446,36.66,0.07,2.275,0.0
ATOM,1172.0,C,ALA,97.0,55.609,17.166,35.748,0.51,2.0,0.0
ATOM,1173.0,O,ALA,97.0,54.538,17.608,36.165,-0.51,1.7,0.11
ATOM,1174.0,CB,ALA,97.0,56.471,14.944,36.441,-0.27,2.06,0.71
ATOM,1175.0,H,ALA,97.0,55.455,16.427,38.564,0.31,0.2245,1.11
ATOM,1176.0,HA,ALA,97.0,57.515,16.739,36.435,0.09,1.32,0.0
ATOM,1177.0,HB1,ALA,97.0,56.134,14.763,35.517,0.09,1.32,0.0
ATOM,1178.0,HB2,ALA,97.0,57.373,14.527,36.553,0.09,1.32,0.0
ATOM,1179.0,HB3,ALA,97.0,55.839,14.551,37.108,0.09,1.32,0.0
ATOM,1180.0,N,VAL,98.0,56.003,17.312,34.497,-0.47,1.85,0.0
ATOM,1181.0,CA,VAL,98.0,55.112,17.892,33.468,0.07,2.275,0.0
ATOM,1182.0,C,VAL,98.0,53.978,16.936,33.066,0.51,2.0,0.0
ATOM,1183.0,O,VAL,98.0,52.845,17.376,32.845,-0.51,1.7,0.0
ATOM,1184.0,CB,VAL,98.0,55.906,18.306,32.215,-0.09,2.275,0.0
ATOM,1185.0,CG1,VAL,98.0,54.981,18.768,31.089,-0.27,2.06,0.0
ATOM,1186.0,CG2,VAL,98.0,56.893,19.399,32.563,-0.27,2.06,7.74
ATOM,1187.0,H,VAL,98.0,56.967,16.996,34.29,0.31,0.2245,0.0
ATOM,1188.0,HA,VAL,98.0,54.693,18.723,33.858,0.09,1.32,0.0
ATOM,1189.0,HB,VAL,98.0,56.388,17.499,31.879,0.09,1.32,0.0
ATOM,1190.0,HG11,VAL,98.0,55.523,19.211,30.377,0.09,1.32,0.0
ATOM,1191.0,HG12,VAL,98.0,54.506,17.977,30.706,0.09,1.32,0.0
ATOM,1192.0,HG13,VAL,98.0,54.313,19.415,31.454,0.09,1.32,0.0
ATOM,1193.0,HG21,VAL,98.0,57.435,19.63,31.754,0.09,1.32,0.21
ATOM,1194.0,HG22,VAL,98.0,56.397,20.211,32.874,0.09,1.32,0.0
ATOM,1195.0,HG23,VAL,98.0,57.501,19.081,33.292,0.09,1.32,0.0
ATOM,1196.0,N,THR,99.0,54.264,15.64,32.974,-0.47,1.85,0.0
ATOM,1197.0,CA,THR,99.0,53.303,14.682,32.459,0.07,2.275,0.0
ATOM,1198.0,C,THR,99.0,52.869,13.767,33.583,0.51,2.0,0.0
ATOM,1199.0,O,THR,99.0,53.632,12.876,33.969,-0.51,1.7,0.0
ATOM,1200.0,CB,THR,99.0,53.923,13.832,31.357,0.14,2.275,0.0
ATOM,1201.0,OG1,THR,99.0,54.515,14.688,30.371,-0.66,1.77,0.0
ATOM,1202.0,CG2,THR,99.0,52.846,13.05,30.57,-0.27,2.06,0.0
ATOM,1203.0,H,THR,99.0,55.218,15.382,33.298,0.31,0.2245,0.0
ATOM,1204.0,HA,THR,99.0,52.501,15.18,32.125,0.09,1.32,0.0
ATOM,1205.0,HB,THR,99.0,54.664,13.253,31.756,0.09,1.32,0.0
ATOM,1206.0,HG21,THR,99.0,53.29,12.499,29.866,0.09,1.32,2.6
ATOM,1207.0,HG22,THR,99.0,52.347,12.456,31.199,0.09,1.32,0.0
ATOM,1208.0,HG23,THR,99.0,52.216,13.697,30.145,0.09,1.32,0.0
ATOM,1209.0,HG1,THR,99.0,54.947,14.14,29.647,0.43,0.2245,0.48
ATOM,1210.0,N,ASN,100.0,51.666,13.996,34.097,-0.47,1.85,0.0
ATOM,1211.0,CA,ASN,100.0,51.109,13.228,35.215,0.07,2.275,0.0
ATOM,1212.0,C,ASN,100.0,50.203,12.09,34.712,0.51,2.0,1.15
ATOM,1213.0,O,ASN,100.0,48.98,12.096,34.921,-0.51,1.7,12.44
ATOM,1214.0,CB,ASN,100.0,50.391,14.158,36.19,-0.18,2.175,11.75
ATOM,1215.0,CG,ASN,100.0,51.334,15.178,36.816,0.55,2.0,2.5
ATOM,1216.0,H,ASN,100.0,51.142,14.778,33.634,0.31,0.2245,0.0
ATOM,1217.0,HA,ASN,100.0,51.88,12.795,35.692,0.09,1.32,0.0
ATOM,1218.0,HB2,ASN,100.0,49.681,14.648,35.697,0.09,1.32,1.98
ATOM,1219.0,HB3,ASN,100.0,49.993,13.609,36.918,0.09,1.32,4.23
ATOM,1220.0,OD1,ASN,100.0,51.064,16.412,36.831,-0.55,1.7,19.66
ATOM,1221.0,ND2,ASN,100.0,52.428,14.691,37.348,-0.62,1.85,3.08
ATOM,1222.0,HD22,ASN,100.0,52.621,13.708,37.33,0.3,0.2245,0.0
ATOM,1223.0,HD21,ASN,100.0,53.097,15.307,37.786,0.32,0.2245,2.41
ATOM,1224.0,N,GLY,101.0,50.839,11.107,34.084,-0.47,1.85,1.33
ATOM,1225.0,CA,GLY,101.0,50.163,10.068,33.324,-0.02,2.175,12.1
ATOM,1226.0,C,GLY,101.0,49.971,10.54,31.891,0.51,2.0,0.0
ATOM,1227.0,O,GLY,101.0,49.955,11.765,31.579,-0.51,1.7,0.0
ATOM,1228.0,H,GLY,101.0,51.886,11.146,34.186,0.31,0.2245,0.0
ATOM,1229.0,HA2,GLY,101.0,50.715,9.233,33.328,0.09,1.32,0.0
ATOM,1230.0,HA3,GLY,101.0,49.27,9.876,33.733,0.09,1.32,5.73
ATOM,1231.0,N,PHE,102.0,49.863,9.586,30.986,-0.47,1.85,1.78
ATOM,1232.0,CA,PHE,102.0,49.8,9.926,29.555,0.07,2.275,0.0
ATOM,1233.0,C,PHE,102.0,48.77,11.007,29.254,0.51,2.0,0.12
ATOM,1234.0,O,PHE,102.0,47.622,10.903,29.678,-0.51,1.7,14.49
ATOM,1235.0,CB,PHE,102.0,49.493,8.691,28.704,-0.18,2.175,5.24
ATOM,1236.0,CG,PHE,102.0,50.618,7.703,28.62,0.0,1.9924,0.0
ATOM,1237.0,CD1,PHE,102.0,51.909,8.103,28.272,-0.115,1.9924,0.11
ATOM,1238.0,CD2,PHE,102.0,50.381,6.359,28.889,-0.115,1.9924,1.81
ATOM,1239.0,CE1,PHE,102.0,52.939,7.199,28.179,-0.115,1.9924,0.08
ATOM,1240.0,CE2,PHE,102.0,51.408,5.442,28.793,-0.115,1.9924,0.23
ATOM,1241.0,CZ,PHE,102.0,52.696,5.868,28.426,-0.115,1.9924,0.0
ATOM,1242.0,H,PHE,102.0,49.828,8.624,31.343,0.31,0.2245,4.96
ATOM,1243.0,HA,PHE,102.0,50.705,10.304,29.309,0.09,1.32,0.0
ATOM,1244.0,HB2,PHE,102.0,48.711,8.234,29.107,0.09,1.32,6.49
ATOM,1245.0,HB3,PHE,102.0,49.287,9.002,27.786,0.09,1.32,0.35
ATOM,1246.0,HD1,PHE,102.0,52.084,9.073,28.088,0.115,1.3582,2.92
ATOM,1247.0,HD2,PHE,102.0,49.466,6.062,29.152,0.115,1.3582,10.65
ATOM,1248.0,HE1,PHE,102.0,53.864,7.515,27.93,0.115,1.3582,0.08
ATOM,1249.0,HE2,PHE,102.0,51.239,4.464,28.984,0.115,1.3582,1.62
ATOM,1250.0,HZ,PHE,102.0,53.431,5.194,28.347,0.115,1.3582,0.0
ATOM,1251.0,N,GLY,103.0,49.197,12.035,28.533,-0.47,1.85,0.0
ATOM,1252.0,CA,GLY,103.0,48.29,13.067,28.032,-0.02,2.175,12.55
ATOM,1253.0,C,GLY,103.0,47.909,14.143,29.041,0.51,2.0,0.27
ATOM,1254.0,O,GLY,103.0,47.301,15.152,28.644,-0.51,1.7,19.72
ATOM,1255.0,H,GLY,103.0,50.224,12.046,28.355,0.31,0.2245,0.9
ATOM,1256.0,HA2,GLY,103.0,48.716,13.514,27.214,0.09,1.32,0.45
ATOM,1257.0,HA3,GLY,103.0,47.436,12.618,27.686,0.09,1.32,10.55
ATOM,1258.0,N,ASN,104.0,48.274,13.96,30.316,-0.47,1.85,0.0
ATOM,1259.0,CA,ASN,104.0,47.882,14.863,31.41,0.07,2.275,2.39
ATOM,1260.0,C,ASN,104.0,49.014,15.87,31.744,0.51,2.0,0.83
ATOM,1261.0,O,ASN,104.0,49.715,15.737,32.747,-0.51,1.7,1.82
ATOM,1262.0,CB,ASN,104.0,47.493,14.07,32.663,-0.18,2.175,5.03
ATOM,1263.0,CG,ASN,104.0,46.272,13.202,32.467,0.55,2.0,2.14
ATOM,1264.0,H,ASN,104.0,48.868,13.111,30.471,0.31,0.2245,0.0
ATOM,1265.0,HA,ASN,104.0,47.104,15.407,31.084,0.09,1.32,4.53
ATOM,1266.0,HB2,ASN,104.0,48.265,13.487,32.915,0.09,1.32,0.0
ATOM,1267.0,HB3,ASN,104.0,47.31,14.721,33.399,0.09,1.32,8.56
ATOM,1268.0,OD1,ASN,104.0,45.291,13.612,31.846,-0.55,1.7,33.86
ATOM,1269.0,ND2,ASN,104.0,46.323,11.985,33.011,-0.62,1.85,15.48
ATOM,1270.0,HD22,ASN,104.0,47.135,11.699,33.518,0.3,0.2245,0.57
ATOM,1271.0,HD21,ASN,104.0,45.548,11.362,32.911,0.32,0.2245,20.99
ATOM,1272.0,N,TYR,105.0,49.156,16.891,30.906,-0.47,1.85,0.28
ATOM,1273.0,CA,TYR,105.0,50.282,17.841,30.983,0.07,2.275,0.0
ATOM,1274.0,C,TYR,105.0,49.958,18.987,31.909,0.51,2.0,0.33
ATOM,1275.0,O,TYR,105.0,48.816,19.492,31.918,-0.51,1.7,16.89
ATOM,1276.0,CB,TYR,105.0,50.612,18.38,29.598,-0.18,2.175,0.0
ATOM,1277.0,CG,TYR,105.0,50.86,17.315,28.565,0.0,1.9924,0.0
ATOM,1278.0,CD1,TYR,105.0,52.02,16.541,28.593,-0.115,1.9924,0.0
ATOM,1279.0,CD2,TYR,105.0,49.927,17.054,27.566,-0.115,1.9924,0.03
ATOM,1280.0,CE1,TYR,105.0,52.234,15.55,27.641,-0.115,1.9924,0.04
ATOM,1281.0,CE2,TYR,105.0,50.132,16.067,26.612,-0.115,1.9924,0.12
ATOM,1282.0,CZ,TYR,105.0,51.279,15.317,26.651,0.11,1.9924,0.0
ATOM,1283.0,OH,TYR,105.0,51.458,14.359,25.675,-0.54,1.77,0.69
ATOM,1284.0,H,TYR,105.0,48.405,16.97,30.185,0.31,0.2245,3.85
ATOM,1285.0,HA,TYR,105.0,51.077,17.343,31.349,0.09,1.32,0.0
ATOM,1286.0,HB2,TYR,105.0,49.846,18.944,29.29,0.09,1.32,1.34
ATOM,1287.0,HB3,TYR,105.0,51.434,18.944,29.669,0.09,1.32,0.0
ATOM,1288.0,HD1,TYR,105.0,52.704,16.699,29.302,0.115,1.3582,0.0
ATOM,1289.0,HD2,TYR,105.0,49.081,17.594,27.535,0.115,1.3582,5.41
ATOM,1290.0,HE1,TYR,105.0,53.072,15.001,27.664,0.115,1.3582,0.0
ATOM,1291.0,HE2,TYR,105.0,49.444,15.909,25.902,0.115,1.3582,10.23
ATOM,1292.0,HH,TYR,105.0,51.538,14.808,24.788,0.43,0.2245,0.12
ATOM,1293.0,N,ASP,106.0,50.935,19.362,32.734,-0.47,1.85,0.03
ATOM,1294.0,CA,ASP,106.0,50.797,20.478,33.663,0.07,2.275,2.56
ATOM,1295.0,C,ASP,106.0,51.041,21.778,32.893,0.51,2.0,0.0
ATOM,1296.0,O,ASP,106.0,52.178,22.189,32.66,-0.51,1.7,0.0
ATOM,1297.0,CB,ASP,106.0,51.801,20.323,34.8,-0.28,2.175,1.22
ATOM,1298.0,CG,ASP,106.0,51.572,21.275,35.923,0.62,2.0,2.9
ATOM,1299.0,OD1,ASP,106.0,51.074,22.385,35.674,-0.76,1.7,6.08
ATOM,1300.0,OD2,ASP,106.0,51.926,21.014,37.09,-0.76,1.7,21.93
ATOM,1301.0,H,ASP,106.0,51.805,18.788,32.657,0.31,0.2245,0.0
ATOM,1302.0,HA,ASP,106.0,49.849,20.496,33.97,0.09,1.32,5.9
ATOM,1303.0,HB2,ASP,106.0,51.729,19.386,35.141,0.09,1.32,0.0
ATOM,1304.0,HB3,ASP,106.0,52.713,20.472,34.421,0.09,1.32,0.0
ATOM,1305.0,N,GLU,107.0,49.955,22.428,32.501,-0.47,1.85,0.0
ATOM,1306.0,CA,GLU,107.0,50.047,23.691,31.743,0.07,2.275,0.0
ATOM,1307.0,C,GLU,107.0,50.767,24.789,32.481,0.51,2.0,0.2
ATOM,1308.0,O,GLU,107.0,51.423,25.64,31.848,-0.51,1.7,0.02
ATOM,1309.0,CB,GLU,107.0,48.646,24.176,31.296,-0.18,2.175,13.39
ATOM,1310.0,CG,GLU,107.0,48.068,23.343,30.177,-0.28,2.175,16.58
ATOM,1311.0,CD,GLU,107.0,48.644,23.654,28.806,0.62,2.0,3.06
ATOM,1312.0,OE1,GLU,107.0,49.349,24.669,28.64,-0.76,1.7,8.54
ATOM,1313.0,OE2,GLU,107.0,48.354,22.858,27.889,-0.76,1.7,12.52
ATOM,1314.0,H,GLU,107.0,49.055,21.991,32.762,0.31,0.2245,5.28
ATOM,1315.0,HA,GLU,107.0,50.514,23.505,30.857,0.09,1.32,0.0
ATOM,1316.0,HB2,GLU,107.0,48.055,24.102,32.072,0.09,1.32,8.39
ATOM,1317.0,HB3,GLU,107.0,48.747,25.094,30.976,0.09,1.32,4.13
ATOM,1318.0,HG2,GLU,107.0,48.257,22.39,30.366,0.09,1.32,0.03
ATOM,1319.0,HG3,GLU,107.0,47.094,23.511,30.13,0.09,1.32,11.22
ATOM,1320.0,N,THR,108.0,50.667,24.808,33.808,-0.47,1.85,0.0
ATOM,1321.0,CA,THR,108.0,51.359,25.812,34.604,0.07,2.275,0.18
ATOM,1322.0,C,THR,108.0,52.863,25.648,34.504,0.51,2.0,0.0
ATOM,1323.0,O,THR,108.0,53.575,26.616,34.292,-0.51,1.7,0.0
ATOM,1324.0,CB,THR,108.0,50.881,25.745,36.055,0.14,2.275,3.27
ATOM,1325.0,OG1,THR,108.0,49.476,26.089,36.094,-0.66,1.77,24.69
ATOM,1326.0,CG2,THR,108.0,51.589,26.764,36.907,-0.27,2.06,3.98
ATOM,1327.0,H,THR,108.0,50.069,24.065,34.212,0.31,0.2245,1.89
ATOM,1328.0,HA,THR,108.0,51.113,26.725,34.251,0.09,1.32,0.01
ATOM,1329.0,HB,THR,108.0,50.976,24.793,36.397,0.09,1.32,0.75
ATOM,1330.0,HG21,THR,108.0,50.967,27.52,37.135,0.09,1.32,7.78
ATOM,1331.0,HG22,THR,108.0,51.908,26.342,37.762,0.09,1.32,0.0
ATOM,1332.0,HG23,THR,108.0,52.383,27.137,36.416,0.09,1.32,0.0
ATOM,1333.0,HG1,THR,108.0,49.258,26.723,35.348,0.43,0.2245,14.66
ATOM,1334.0,N,LEU,109.0,53.356,24.409,34.562,-0.47,1.85,0.0
ATOM,1335.0,CA,LEU,109.0,54.761,24.167,34.327,0.07,2.275,0.0
ATOM,1336.0,C,LEU,109.0,55.215,24.474,32.908,0.51,2.0,0.0
ATOM,1337.0,O,LEU,109.0,56.317,24.961,32.7,-0.51,1.7,4.42
ATOM,1338.0,CB,LEU,109.0,55.122,22.721,34.67,-0.18,2.175,0.0
ATOM,1339.0,CG,LEU,109.0,55.033,22.374,36.137,-0.09,2.275,0.0
ATOM,1340.0,CD1,LEU,109.0,55.556,20.945,36.316,-0.27,2.06,0.0
ATOM,1341.0,CD2,LEU,109.0,55.853,23.305,37.035,-0.27,2.06,0.15
ATOM,1342.0,H,LEU,109.0,52.665,23.675,34.781,0.31,0.2245,0.0
ATOM,1343.0,HA,LEU,109.0,55.303,24.751,34.965,0.09,1.32,0.0
ATOM,1344.0,HB2,LEU,109.0,54.495,22.129,34.177,0.09,1.32,0.0
ATOM,1345.0,HB3,LEU,109.0,56.056,22.566,34.374,0.09,1.32,2.1
ATOM,1346.0,HG,LEU,109.0,54.09,22.412,36.434,0.09,1.32,0.0
ATOM,1347.0,HD11,LEU,109.0,56.504,20.9,36.005,0.09,1.32,0.0
ATOM,1348.0,HD12,LEU,109.0,55.506,20.695,37.281,0.09,1.32,0.0
ATOM,1349.0,HD13,LEU,109.0,54.995,20.319,35.777,0.09,1.32,0.0
ATOM,1350.0,HD21,LEU,109.0,55.524,24.242,36.927,0.09,1.32,0.0
ATOM,1351.0,HD22,LEU,109.0,55.75,23.02,37.987,0.09,1.32,0.03
ATOM,1352.0,HD23,LEU,109.0,56.815,23.254,36.771,0.09,1.32,0.0
ATOM,1353.0,N,LEU,110.0,54.388,24.192,31.919,-0.47,1.85,0.0
ATOM,1354.0,CA,LEU,110.0,54.756,24.521,30.533,0.07,2.275,0.0
ATOM,1355.0,C,LEU,110.0,54.873,26.033,30.304,0.51,2.0,0.0
ATOM,1356.0,O,LEU,110.0,55.627,26.466,29.432,-0.51,1.7,0.0
ATOM,1357.0,CB,LEU,110.0,53.772,23.889,29.583,-0.18,2.175,0.0
ATOM,1358.0,CG,LEU,110.0,53.971,22.383,29.47,-0.09,2.275,0.0
ATOM,1359.0,CD1,LEU,110.0,52.788,21.769,28.717,-0.27,2.06,0.0
ATOM,1360.0,CD2,LEU,110.0,55.292,22.061,28.751,-0.27,2.06,0.0
ATOM,1361.0,H,LEU,110.0,53.503,23.743,32.181,0.31,0.2245,0.0
ATOM,1362.0,HA,LEU,110.0,55.652,24.101,30.334,0.09,1.32,0.34
ATOM,1363.0,HB2,LEU,110.0,52.863,24.041,29.925,0.09,1.32,0.0
ATOM,1364.0,HB3,LEU,110.0,53.907,24.272,28.69,0.09,1.32,0.0
ATOM,1365.0,HG,LEU,110.0,54.019,21.987,30.381,0.09,1.32,0.0
ATOM,1366.0,HD11,LEU,110.0,52.735,22.169,27.804,0.09,1.32,0.0
ATOM,1367.0,HD12,LEU,110.0,52.92,20.782,28.644,0.09,1.32,0.0
ATOM,1368.0,HD13,LEU,110.0,51.944,21.959,29.217,0.09,1.32,0.0
ATOM,1369.0,HD21,LEU,110.0,56.05,22.451,29.27,0.09,1.32,1.61
ATOM,1370.0,HD22,LEU,110.0,55.398,21.07,28.69,0.09,1.32,0.0
ATOM,1371.0,HD23,LEU,110.0,55.27,22.456,27.835,0.09,1.32,0.0
ATOM,1372.0,N,GLN,111.0,54.162,26.843,31.086,-0.47,1.85,0.0
ATOM,1373.0,CA,GLN,111.0,54.373,28.3,31.092,0.07,2.275,0.0
ATOM,1374.0,C,GLN,111.0,55.792,28.685,31.508,0.51,2.0,0.0
ATOM,1375.0,O,GLN,111.0,56.274,29.779,31.19,-0.51,1.7,0.0
ATOM,1376.0,CB,GLN,111.0,53.356,29.032,31.992,-0.18,2.175,0.0
ATOM,1377.0,CG,GLN,111.0,51.996,29.09,31.367,-0.18,2.175,0.46
ATOM,1378.0,CD,GLN,111.0,50.996,29.99,32.101,0.55,2.0,0.44
ATOM,1379.0,H,GLN,111.0,53.457,26.37,31.682,0.31,0.2245,0.0
ATOM,1380.0,HA,GLN,111.0,54.226,28.634,30.149,0.09,1.32,0.0
ATOM,1381.0,HB2,GLN,111.0,53.297,28.542,32.855,0.09,1.32,0.0
ATOM,1382.0,HB3,GLN,111.0,53.685,29.959,32.141,0.09,1.32,0.08
ATOM,1383.0,HG2,GLN,111.0,52.077,29.432,30.421,0.09,1.32,0.0
ATOM,1384.0,HG3,GLN,111.0,51.604,28.161,31.332,0.09,1.32,0.0
ATOM,1385.0,OE1,GLN,111.0,49.878,30.087,31.659,-0.55,1.7,33.8
ATOM,1386.0,NE2,GLN,111.0,51.398,30.628,33.198,-0.62,1.85,10.93
ATOM,1387.0,HE21,GLN,111.0,50.794,31.235,33.705,0.32,0.2245,19.27
ATOM,1388.0,HE22,GLN,111.0,52.365,30.474,33.514,0.3,0.2245,0.0
ATOM,1389.0,N,GLY,112.0,56.468,27.792,32.237,-0.47,1.85,0.0
ATOM,1390.0,CA,GLY,112.0,57.877,27.962,32.516,-0.02,2.175,0.0
ATOM,1391.0,C,GLY,112.0,58.72,27.883,31.25,0.51,2.0,0.0
ATOM,1392.0,O,GLY,112.0,59.664,28.633,31.117,-0.51,1.7,0.0
ATOM,1393.0,H,GLY,112.0,55.901,26.991,32.572,0.31,0.2245,0.0
ATOM,1394.0,HA2,GLY,112.0,58.031,28.859,32.959,0.09,1.32,0.0
ATOM,1395.0,HA3,GLY,112.0,58.185,27.247,33.162,0.09,1.32,0.0
ATOM,1396.0,N,LEU,113.0,58.391,26.985,30.334,-0.47,1.85,0.0
ATOM,1397.0,CA,LEU,113.0,59.11,26.941,29.057,0.07,2.275,0.0
ATOM,1398.0,C,LEU,113.0,58.809,28.209,28.251,0.51,2.0,0.0
ATOM,1399.0,O,LEU,113.0,59.714,28.818,27.67,-0.51,1.7,0.0
ATOM,1400.0,CB,LEU,113.0,58.755,25.675,28.285,-0.18,2.175,0.0
ATOM,1401.0,CG,LEU,113.0,59.442,25.472,26.937,-0.09,2.275,0.0
ATOM,1402.0,CD1,LEU,113.0,60.967,25.527,27.059,-0.27,2.06,0.0
ATOM,1403.0,CD2,LEU,113.0,58.966,24.109,26.454,-0.27,2.06,0.0
ATOM,1404.0,H,LEU,113.0,57.624,26.35,30.582,0.31,0.2245,0.0
ATOM,1405.0,HA,LEU,113.0,60.092,26.912,29.244,0.09,1.32,0.0
ATOM,1406.0,HB2,LEU,113.0,58.99,24.89,28.859,0.09,1.32,1.58
ATOM,1407.0,HB3,LEU,113.0,57.77,25.683,28.118,0.09,1.32,0.0
ATOM,1408.0,HG,LEU,113.0,59.138,26.189,26.302,0.09,1.32,0.0
ATOM,1409.0,HD11,LEU,113.0,61.274,24.808,27.68,0.09,1.32,0.0
ATOM,1410.0,HD12,LEU,113.0,61.375,25.39,26.158,0.09,1.32,0.0
ATOM,1411.0,HD13,LEU,113.0,61.237,26.419,27.418,0.09,1.32,0.0
ATOM,1412.0,HD21,LEU,113.0,57.97,24.116,26.363,0.09,1.32,0.0
ATOM,1413.0,HD22,LEU,113.0,59.38,23.906,25.566,0.09,1.32,0.0
ATOM,1414.0,HD23,LEU,113.0,59.235,23.407,27.115,0.09,1.32,0.0
ATOM,1415.0,N,ASP,114.0,57.543,28.646,28.263,-0.47,1.85,0.0
ATOM,1416.0,CA,ASP,114.0,57.174,29.91,27.585,0.07,2.275,0.0
ATOM,1417.0,C,ASP,114.0,58.046,31.062,28.092,0.51,2.0,0.0
ATOM,1418.0,O,ASP,114.0,58.557,31.883,27.309,-0.51,1.7,0.0
ATOM,1419.0,CB,ASP,114.0,55.703,30.282,27.858,-0.28,2.175,0.0
ATOM,1420.0,CG,ASP,114.0,54.699,29.372,27.217,0.62,2.0,0.0
ATOM,1421.0,OD1,ASP,114.0,54.99,28.543,26.32,-0.76,1.7,0.0
ATOM,1422.0,OD2,ASP,114.0,53.506,29.454,27.631,-0.76,1.7,0.0
ATOM,1423.0,H,ASP,114.0,56.873,28.053,28.764,0.31,0.2245,0.0
ATOM,1424.0,HA,ASP,114.0,57.38,29.788,26.612,0.09,1.32,0.0
ATOM,1425.0,HB2,ASP,114.0,55.573,30.269,28.852,0.09,1.32,0.0
ATOM,1426.0,HB3,ASP,114.0,55.565,31.216,27.522,0.09,1.32,0.0
ATOM,1427.0,N,TYR,115.0,58.153,31.163,29.425,-0.47,1.85,0.0
ATOM,1428.0,CA,TYR,115.0,58.897,32.218,30.079,0.07,2.275,0.0
ATOM,1429.0,C,TYR,115.0,60.391,32.171,29.742,0.51,2.0,0.0
ATOM,1430.0,O,TYR,115.0,61.007,33.178,29.41,-0.51,1.7,0.0
ATOM,1431.0,CB,TYR,115.0,58.659,32.165,31.589,-0.18,2.175,0.0
ATOM,1432.0,CG,TYR,115.0,59.206,33.369,32.297,0.0,1.9924,0.0
ATOM,1433.0,CD1,TYR,115.0,58.506,34.565,32.3,-0.115,1.9924,0.32
ATOM,1434.0,CD2,TYR,115.0,60.421,33.328,32.981,-0.115,1.9924,0.0
ATOM,1435.0,CE1,TYR,115.0,59.015,35.684,32.937,-0.115,1.9924,3.13
ATOM,1436.0,CE2,TYR,115.0,60.929,34.481,33.635,-0.115,1.9924,0.0
ATOM,1437.0,CZ,TYR,115.0,60.226,35.641,33.572,0.11,1.9924,0.0
ATOM,1438.0,OH,TYR,115.0,60.685,36.773,34.232,-0.54,1.77,20.64
ATOM,1439.0,H,TYR,115.0,57.647,30.406,29.945,0.31,0.2245,0.0
ATOM,1440.0,HA,TYR,115.0,58.539,33.111,29.762,0.09,1.32,0.0
ATOM,1441.0,HB2,TYR,115.0,57.681,32.12,31.747,0.09,1.32,0.0
ATOM,1442.0,HB3,TYR,115.0,59.11,31.356,31.945,0.09,1.32,0.0
ATOM,1443.0,HD1,TYR,115.0,57.621,34.624,31.836,0.115,1.3582,0.55
ATOM,1444.0,HD2,TYR,115.0,60.946,32.488,33.019,0.115,1.3582,0.0
ATOM,1445.0,HE1,TYR,115.0,58.478,36.544,32.93,0.115,1.3582,15.49
ATOM,1446.0,HE2,TYR,115.0,61.793,34.413,34.127,0.115,1.3582,0.0
ATOM,1447.0,HH,TYR,115.0,61.585,37.01,33.877,0.43,0.2245,4.14
ATOM,1448.0,N,LEU,116.0,60.967,30.966,29.773,-0.47,1.85,0.0
ATOM,1449.0,CA,LEU,116.0,62.338,30.788,29.363,0.07,2.275,0.0
ATOM,1450.0,C,LEU,116.0,62.57,31.292,27.956,0.51,2.0,0.0
ATOM,1451.0,O,LEU,116.0,63.549,31.982,27.72,-0.51,1.7,0.0
ATOM,1452.0,CB,LEU,116.0,62.726,29.309,29.445,-0.18,2.175,0.0
ATOM,1453.0,CG,LEU,116.0,64.154,29.034,28.986,-0.09,2.275,0.0
ATOM,1454.0,CD1,LEU,116.0,65.167,29.692,29.891,-0.27,2.06,0.0
ATOM,1455.0,CD2,LEU,116.0,64.34,27.495,28.913,-0.27,2.06,0.0
ATOM,1456.0,H,LEU,116.0,60.353,30.202,30.108,0.31,0.2245,0.0
ATOM,1457.0,HA,LEU,116.0,62.936,31.31,29.991,0.09,1.32,0.0
ATOM,1458.0,HB2,LEU,116.0,62.654,29.028,30.386,0.09,1.32,0.0
ATOM,1459.0,HB3,LEU,116.0,62.119,28.803,28.859,0.09,1.32,0.0
ATOM,1460.0,HG,LEU,116.0,64.265,29.381,28.048,0.09,1.32,0.0
ATOM,1461.0,HD11,LEU,116.0,65.067,29.343,30.825,0.09,1.32,0.0
ATOM,1462.0,HD12,LEU,116.0,66.094,29.494,29.565,0.09,1.32,0.0
ATOM,1463.0,HD13,LEU,116.0,65.026,30.684,29.895,0.09,1.32,0.0
ATOM,1464.0,HD21,LEU,116.0,63.684,27.124,28.262,0.09,1.32,0.0
ATOM,1465.0,HD22,LEU,116.0,65.269,27.299,28.614,0.09,1.32,0.0
ATOM,1466.0,HD23,LEU,116.0,64.181,27.111,29.818,0.09,1.32,0.0
ATOM,1467.0,N,LEU,117.0,61.68,30.971,27.026,-0.47,1.85,0.0
ATOM,1468.0,CA,LEU,117.0,61.869,31.351,25.639,0.07,2.275,0.0
ATOM,1469.0,C,LEU,117.0,61.815,32.876,25.483,0.51,2.0,0.0
ATOM,1470.0,O,LEU,117.0,62.594,33.45,24.727,-0.51,1.7,0.0
ATOM,1471.0,CB,LEU,117.0,60.844,30.685,24.743,-0.18,2.175,0.0
ATOM,1472.0,CG,LEU,117.0,61.032,29.174,24.639,-0.09,2.275,0.0
ATOM,1473.0,CD1,LEU,117.0,59.867,28.52,23.924,-0.27,2.06,0.0
ATOM,1474.0,CD2,LEU,117.0,62.345,28.847,23.962,-0.27,2.06,0.0
ATOM,1475.0,H,LEU,117.0,60.859,30.438,27.372,0.31,0.2245,0.0
ATOM,1476.0,HA,LEU,117.0,62.775,31.039,25.335,0.09,1.32,0.0
ATOM,1477.0,HB2,LEU,117.0,59.949,30.846,25.122,0.09,1.32,0.0
ATOM,1478.0,HB3,LEU,117.0,60.934,31.057,23.836,0.09,1.32,0.0
ATOM,1479.0,HG,LEU,117.0,61.113,28.792,25.564,0.09,1.32,0.0
ATOM,1480.0,HD11,LEU,117.0,59.787,28.893,22.998,0.09,1.32,0.0
ATOM,1481.0,HD12,LEU,117.0,60.016,27.531,23.87,0.09,1.32,0.0
ATOM,1482.0,HD13,LEU,117.0,59.019,28.699,24.426,0.09,1.32,0.0
ATOM,1483.0,HD21,LEU,117.0,63.104,29.231,24.492,0.09,1.32,0.0
ATOM,1484.0,HD22,LEU,117.0,62.456,27.853,23.9,0.09,1.32,0.0
ATOM,1485.0,HD23,LEU,117.0,62.357,29.238,23.039,0.09,1.32,0.0
ATOM,1486.0,N,VAL,118.0,60.931,33.521,26.229,-0.47,1.85,0.0
ATOM,1487.0,CA,VAL,118.0,60.903,34.998,26.293,0.07,2.275,0.0
ATOM,1488.0,C,VAL,118.0,62.244,35.596,26.816,0.51,2.0,0.0
ATOM,1489.0,O,VAL,118.0,62.829,36.514,26.226,-0.51,1.7,0.63
ATOM,1490.0,CB,VAL,118.0,59.701,35.483,27.17,-0.09,2.275,0.0
ATOM,1491.0,CG1,VAL,118.0,59.784,36.967,27.446,-0.27,2.06,8.0
ATOM,1492.0,CG2,VAL,118.0,58.359,35.176,26.504,-0.27,2.06,0.0
ATOM,1493.0,H,VAL,118.0,60.271,32.923,26.756,0.31,0.2245,0.0
ATOM,1494.0,HA,VAL,118.0,60.762,35.349,25.36,0.09,1.32,0.39
ATOM,1495.0,HB,VAL,118.0,59.77,35.009,28.044,0.09,1.32,0.0
ATOM,1496.0,HG11,VAL,118.0,60.69,37.195,27.808,0.09,1.32,0.0
ATOM,1497.0,HG12,VAL,118.0,59.63,37.479,26.599,0.09,1.32,8.45
ATOM,1498.0,HG13,VAL,118.0,59.087,37.227,28.117,0.09,1.32,4.84
ATOM,1499.0,HG21,VAL,118.0,57.744,34.774,27.18,0.09,1.32,0.0
ATOM,1500.0,HG22,VAL,118.0,57.968,36.025,26.152,0.09,1.32,0.05
ATOM,1501.0,HG23,VAL,118.0,58.506,34.533,25.754,0.09,1.32,0.0
ATOM,1502.0,N,GLU,119.0,62.756,35.034,27.899,-0.47,1.85,0.0
ATOM,1503.0,CA,GLU,119.0,63.952,35.53,28.548,0.07,2.275,0.0
ATOM,1504.0,C,GLU,119.0,65.189,35.317,27.666,0.51,2.0,0.0
ATOM,1505.0,O,GLU,119.0,66.071,36.164,27.606,-0.51,1.7,0.0
ATOM,1506.0,CB,GLU,119.0,64.159,34.845,29.895,-0.18,2.175,0.0
ATOM,1507.0,CG,GLU,119.0,63.05,35.06,30.909,-0.28,2.175,0.0
ATOM,1508.0,CD,GLU,119.0,62.962,36.479,31.386,0.62,2.0,0.0
ATOM,1509.0,OE1,GLU,119.0,63.569,36.782,32.44,-0.76,1.7,2.17
ATOM,1510.0,OE2,GLU,119.0,62.265,37.251,30.715,-0.76,1.7,0.75
ATOM,1511.0,H,GLU,119.0,62.221,34.201,28.245,0.31,0.2245,0.0
ATOM,1512.0,HA,GLU,119.0,63.856,36.514,28.746,0.09,1.32,0.0
ATOM,1513.0,HB2,GLU,119.0,64.227,33.871,29.73,0.09,1.32,0.0
ATOM,1514.0,HB3,GLU,119.0,64.995,35.199,30.288,0.09,1.32,0.0
ATOM,1515.0,HG2,GLU,119.0,62.194,34.83,30.478,0.09,1.32,0.0
ATOM,1516.0,HG3,GLU,119.0,63.233,34.488,31.69,0.09,1.32,0.0
ATOM,1517.0,N,LEU,120.0,65.283,34.151,27.009,-0.47,1.85,0.0
ATOM,1518.0,CA,LEU,120.0,66.389,33.887,26.104,0.07,2.275,0.0
ATOM,1519.0,C,LEU,120.0,66.386,34.853,24.903,0.51,2.0,0.0
ATOM,1520.0,O,LEU,120.0,67.419,35.36,24.531,-0.51,1.7,0.0
ATOM,1521.0,CB,LEU,120.0,66.368,32.436,25.615,-0.18,2.175,0.0
ATOM,1522.0,CG,LEU,120.0,66.68,31.384,26.67,-0.09,2.275,0.0
ATOM,1523.0,CD1,LEU,120.0,66.368,30.005,26.078,-0.27,2.06,0.0
ATOM,1524.0,CD2,LEU,120.0,68.108,31.433,27.164,-0.27,2.06,0.0
ATOM,1525.0,H,LEU,120.0,64.519,33.483,27.203,0.31,0.2245,0.0
ATOM,1526.0,HA,LEU,120.0,67.257,34.015,26.601,0.09,1.32,0.0
ATOM,1527.0,HB2,LEU,120.0,65.457,32.248,25.263,0.09,1.32,0.0
ATOM,1528.0,HB3,LEU,120.0,67.045,32.349,24.893,0.09,1.32,0.0
ATOM,1529.0,HG,LEU,120.0,66.109,31.533,27.464,0.09,1.32,0.0
ATOM,1530.0,HD11,LEU,120.0,66.933,29.859,25.268,0.09,1.32,0.0
ATOM,1531.0,HD12,LEU,120.0,66.568,29.302,26.759,0.09,1.32,0.0
ATOM,1532.0,HD13,LEU,120.0,65.402,29.966,25.827,0.09,1.32,0.0
ATOM,1533.0,HD21,LEU,120.0,68.295,32.329,27.573,0.09,1.32,0.0
ATOM,1534.0,HD22,LEU,120.0,68.253,30.72,27.854,0.09,1.32,0.0
ATOM,1535.0,HD23,LEU,120.0,68.738,31.283,26.399,0.09,1.32,0.0
ATOM,1536.0,N,ALA,121.0,65.216,35.098,24.34,-0.47,1.85,0.0
ATOM,1537.0,CA,ALA,121.0,65.056,35.98,23.203,0.07,2.275,0.98
ATOM,1538.0,C,ALA,121.0,65.514,37.399,23.528,0.51,2.0,0.52
ATOM,1539.0,O,ALA,121.0,66.144,38.01,22.7,-0.51,1.7,12.71
ATOM,1540.0,CB,ALA,121.0,63.604,35.954,22.707,-0.27,2.06,6.76
ATOM,1541.0,H,ALA,121.0,64.41,34.596,24.79,0.31,0.2245,0.0
ATOM,1542.0,HA,ALA,121.0,65.615,35.634,22.436,0.09,1.32,3.55
ATOM,1543.0,HB1,ALA,121.0,63.214,35.052,22.88,0.09,1.32,0.0
ATOM,1544.0,HB2,ALA,121.0,63.078,36.648,23.195,0.09,1.32,4.75
ATOM,1545.0,HB3,ALA,121.0,63.588,36.145,21.728,0.09,1.32,6.03
ATOM,1546.0,N,LYS,122.0,65.261,37.9,24.743,-0.47,1.85,0.39
ATOM,1547.0,CA,LYS,122.0,65.772,39.225,25.164,0.07,2.275,1.86
ATOM,1548.0,C,LYS,122.0,67.276,39.333,25.143,0.51,2.0,0.0
ATOM,1549.0,O,LYS,122.0,67.824,40.438,25.036,-0.51,1.7,29.24
ATOM,1550.0,CB,LYS,122.0,65.358,39.557,26.607,-0.18,2.175,2.38
ATOM,1551.0,CG,LYS,122.0,63.92,39.71,26.807,-0.18,2.175,6.22
ATOM,1552.0,CD,LYS,122.0,63.655,40.156,28.233,-0.18,2.175,6.85
ATOM,1553.0,CE,LYS,122.0,62.19,40.124,28.482,0.21,2.175,6.23
ATOM,1554.0,NZ,LYS,122.0,61.84,40.617,29.836,-0.3,1.85,11.63
ATOM,1555.0,H,LYS,122.0,64.688,37.295,25.356,0.31,0.2245,0.0
ATOM,1556.0,HA,LYS,122.0,65.377,39.924,24.537,0.09,1.32,10.12
ATOM,1557.0,HB2,LYS,122.0,65.709,38.815,27.19,0.09,1.32,0.0
ATOM,1558.0,HB3,LYS,122.0,65.833,40.409,26.858,0.09,1.32,6.87
ATOM,1559.0,HG2,LYS,122.0,63.549,40.404,26.191,0.09,1.32,9.67
ATOM,1560.0,HG3,LYS,122.0,63.447,38.843,26.66,0.09,1.32,0.0
ATOM,1561.0,HD2,LYS,122.0,64.11,39.531,28.848,0.09,1.32,0.0
ATOM,1562.0,HD3,LYS,122.0,63.99,41.079,28.343,0.09,1.32,9.84
ATOM,1563.0,HE2,LYS,122.0,61.717,40.696,27.797,0.05,1.32,10.81
ATOM,1564.0,HE3,LYS,122.0,61.85,39.178,28.384,0.05,1.32,0.0
ATOM,1565.0,HZ1,LYS,122.0,61.828,41.617,29.835,0.33,0.2245,19.48
ATOM,1566.0,HZ2,LYS,122.0,60.936,40.274,30.094,0.33,0.2245,15.67
ATOM,1567.0,HZ3,LYS,122.0,62.519,40.293,30.495,0.33,0.2245,8.79
ATOM,1568.0,N,ARG,123.0,67.957,38.191,25.299,-0.47,1.85,0.0
ATOM,1569.0,CA,ARG,123.0,69.382,38.12,25.415,0.07,2.275,0.33
ATOM,1570.0,C,ARG,123.0,70.116,37.522,24.2,0.51,2.0,0.0
ATOM,1571.0,O,ARG,123.0,71.318,37.286,24.267,-0.51,1.7,0.0
ATOM,1572.0,CB,ARG,123.0,69.698,37.302,26.655,-0.18,2.175,0.0
ATOM,1573.0,CG,ARG,123.0,69.209,37.958,27.963,-0.18,2.175,3.86
ATOM,1574.0,CD,ARG,123.0,69.243,37.039,29.164,0.2,2.175,0.0
ATOM,1575.0,NE,ARG,123.0,68.908,37.751,30.388,-0.7,1.85,0.32
ATOM,1576.0,CZ,ARG,123.0,67.671,38.028,30.795,0.64,2.0,0.78
ATOM,1577.0,NH1,ARG,123.0,66.616,37.688,30.065,-0.8,1.85,0.17
ATOM,1578.0,NH2,ARG,123.0,67.509,38.722,31.91,-0.8,1.85,11.48
ATOM,1579.0,H,ARG,123.0,67.329,37.34,25.328,0.31,0.2245,0.0
ATOM,1580.0,HA,ARG,123.0,69.758,39.064,25.566,0.09,1.32,2.43
ATOM,1581.0,HB2,ARG,123.0,69.252,36.419,26.581,0.09,1.32,0.0
ATOM,1582.0,HB3,ARG,123.0,70.681,37.194,26.728,0.09,1.32,0.0
ATOM,1583.0,HG2,ARG,123.0,69.787,38.758,28.156,0.09,1.32,8.08
ATOM,1584.0,HG3,ARG,123.0,68.263,38.273,27.829,0.09,1.32,0.0
ATOM,1585.0,HD2,ARG,123.0,68.583,36.308,29.016,0.09,1.32,0.0
ATOM,1586.0,HD3,ARG,123.0,70.162,36.663,29.242,0.09,1.32,0.0
ATOM,1587.0,HE,ARG,123.0,69.671,38.061,30.977,0.44,0.2245,0.0
ATOM,1588.0,HH11,ARG,123.0,66.735,37.198,29.203,0.46,0.2245,0.0
ATOM,1589.0,HH12,ARG,123.0,65.694,37.923,30.38,0.46,0.2245,0.0
ATOM,1590.0,HH21,ARG,123.0,68.298,39.017,32.449,0.46,0.2245,0.0
ATOM,1591.0,HH22,ARG,123.0,66.583,38.957,32.223,0.46,0.2245,6.82
ATOM,1592.0,N,ASP,124.0,69.403,37.31,23.098,-0.47,1.85,0.0
ATOM,1593.0,CA,ASP,124.0,69.959,36.691,21.889,0.07,2.275,3.25
ATOM,1594.0,C,ASP,124.0,70.665,35.373,22.185,0.51,2.0,0.99
ATOM,1595.0,O,ASP,124.0,71.765,35.107,21.682,-0.51,1.7,11.23
ATOM,1596.0,CB,ASP,124.0,70.913,37.62,21.16,-0.28,2.175,12.86
ATOM,1597.0,CG,ASP,124.0,70.233,38.875,20.656,0.62,2.0,3.33
ATOM,1598.0,OD1,ASP,124.0,69.061,38.815,20.259,-0.76,1.7,29.9
ATOM,1599.0,OD2,ASP,124.0,70.825,39.973,20.634,-0.76,1.7,42.77
ATOM,1600.0,H,ASP,124.0,68.406,37.623,23.163,0.31,0.2245,0.0
ATOM,1601.0,HA,ASP,124.0,69.179,36.481,21.28,0.09,1.32,5.93
ATOM,1602.0,HB2,ASP,124.0,71.636,37.882,21.791,0.09,1.32,0.2
ATOM,1603.0,HB3,ASP,124.0,71.293,37.13,20.383,0.09,1.32,8.34
ATOM,1604.0,N,MET,125.0,70.017,34.554,23.008,-0.47,1.85,0.0
ATOM,1605.0,CA,MET,125.0,70.509,33.221,23.339,0.07,2.275,0.0
ATOM,1606.0,C,MET,125.0,69.55,32.223,22.741,0.51,2.0,0.0
ATOM,1607.0,O,MET,125.0,68.378,32.529,22.541,-0.51,1.7,1.82
ATOM,1608.0,CB,MET,125.0,70.568,33.053,24.861,-0.18,2.175,0.0
ATOM,1609.0,CG,MET,125.0,71.59,33.96,25.496,-0.14,2.175,0.0
ATOM,1610.0,SD,MET,125.0,71.448,34.07,27.33,-0.09,2.0,0.0
ATOM,1611.0,CE,MET,125.0,72.245,32.534,27.828,-0.22,2.06,0.0
ATOM,1612.0,H,MET,125.0,69.129,34.946,23.395,0.31,0.2245,0.0
ATOM,1613.0,HA,MET,125.0,71.398,33.103,22.909,0.09,1.32,0.0
ATOM,1614.0,HB2,MET,125.0,69.665,33.261,25.244,0.09,1.32,0.0
ATOM,1615.0,HB3,MET,125.0,70.802,32.101,25.071,0.09,1.32,0.0
ATOM,1616.0,HG2,MET,125.0,72.533,33.638,25.243,0.09,1.32,0.0
ATOM,1617.0,HG3,MET,125.0,71.51,34.901,25.088,0.09,1.32,0.0
ATOM,1618.0,HE1,MET,125.0,72.471,32.579,28.801,0.09,1.32,0.0
ATOM,1619.0,HE2,MET,125.0,71.623,31.77,27.663,0.09,1.32,0.0
ATOM,1620.0,HE3,MET,125.0,73.081,32.407,27.295,0.09,1.32,0.0
ATOM,1621.0,N,THR,126.0,70.041,31.025,22.424,-0.47,1.85,0.0
ATOM,1622.0,CA,THR,126.0,69.199,29.982,21.898,0.07,2.275,0.0
ATOM,1623.0,C,THR,126.0,69.152,28.759,22.807,0.51,2.0,0.0
ATOM,1624.0,O,THR,126.0,69.859,28.684,23.804,-0.51,1.7,0.0
ATOM,1625.0,CB,THR,126.0,69.675,29.528,20.494,0.14,2.275,0.0
ATOM,1626.0,OG1,THR,126.0,71.053,29.102,20.55,-0.66,1.77,0.0
ATOM,1627.0,CG2,THR,126.0,69.589,30.662,19.496,-0.27,2.06,8.39
ATOM,1628.0,H,THR,126.0,71.063,30.922,22.59,0.31,0.2245,0.0
ATOM,1629.0,HA,THR,126.0,68.253,30.339,21.806,0.09,1.32,0.0
ATOM,1630.0,HB,THR,126.0,69.11,28.731,20.199,0.09,1.32,0.0
ATOM,1631.0,HG21,THR,126.0,69.191,30.333,18.635,0.09,1.32,0.0
ATOM,1632.0,HG22,THR,126.0,69.012,31.399,19.861,0.09,1.32,1.63
ATOM,1633.0,HG23,THR,126.0,70.505,31.028,19.311,0.09,1.32,0.0
ATOM,1634.0,HG1,THR,126.0,71.557,29.653,21.221,0.43,0.2245,0.0
ATOM,1635.0,N,VAL,127.0,68.261,27.842,22.482,-0.47,1.85,0.0
ATOM,1636.0,CA,VAL,127.0,68.073,26.638,23.267,0.07,2.275,0.0
ATOM,1637.0,C,VAL,127.0,67.885,25.378,22.412,0.51,2.0,0.0
ATOM,1638.0,O,VAL,127.0,67.238,25.393,21.354,-0.51,1.7,0.0
ATOM,1639.0,CB,VAL,127.0,66.905,26.833,24.273,-0.09,2.275,0.0
ATOM,1640.0,CG1,VAL,127.0,65.551,27.026,23.567,-0.27,2.06,0.0
ATOM,1641.0,CG2,VAL,127.0,66.82,25.685,25.248,-0.27,2.06,0.0
ATOM,1642.0,H,VAL,127.0,67.71,28.056,21.621,0.31,0.2245,0.0
ATOM,1643.0,HA,VAL,127.0,68.901,26.496,23.839,0.09,1.32,0.0
ATOM,1644.0,HB,VAL,127.0,67.084,27.672,24.785,0.09,1.32,0.0
ATOM,1645.0,HG11,VAL,127.0,65.708,27.417,22.663,0.09,1.32,0.0
ATOM,1646.0,HG12,VAL,127.0,65.1,26.141,23.48,0.09,1.32,0.0
ATOM,1647.0,HG13,VAL,127.0,64.986,27.643,24.11,0.09,1.32,0.0
ATOM,1648.0,HG21,VAL,127.0,67.691,25.189,25.261,0.09,1.32,0.0
ATOM,1649.0,HG22,VAL,127.0,66.625,26.037,26.166,0.09,1.32,0.0
ATOM,1650.0,HG23,VAL,127.0,66.087,25.061,24.97,0.09,1.32,0.0
ATOM,1651.0,N,VAL,128.0,68.451,24.276,22.889,-0.47,1.85,0.0
ATOM,1652.0,CA,VAL,128.0,68.213,22.931,22.359,0.07,2.275,0.0
ATOM,1653.0,C,VAL,128.0,67.34,22.212,23.4,0.51,2.0,0.0
ATOM,1654.0,O,VAL,128.0,67.692,22.151,24.572,-0.51,1.7,0.0
ATOM,1655.0,CB,VAL,128.0,69.529,22.178,22.169,-0.09,2.275,0.0
ATOM,1656.0,CG1,VAL,128.0,69.273,20.709,21.86,-0.27,2.06,0.0
ATOM,1657.0,CG2,VAL,128.0,70.384,22.84,21.104,-0.27,2.06,4.9
ATOM,1658.0,H,VAL,128.0,69.103,24.451,23.701,0.31,0.2245,0.0
ATOM,1659.0,HA,VAL,128.0,67.689,23.011,21.527,0.09,1.32,0.0
ATOM,1660.0,HB,VAL,128.0,70.029,22.208,23.032,0.09,1.32,0.0
ATOM,1661.0,HG11,VAL,128.0,69.155,20.204,22.715,0.09,1.32,0.0
ATOM,1662.0,HG12,VAL,128.0,68.445,20.624,21.306,0.09,1.32,0.0
ATOM,1663.0,HG13,VAL,128.0,70.051,20.334,21.356,0.09,1.32,0.0
ATOM,1664.0,HG21,VAL,128.0,70.92,22.142,20.628,0.09,1.32,0.58
ATOM,1665.0,HG22,VAL,128.0,69.793,23.313,20.45,0.09,1.32,0.0
ATOM,1666.0,HG23,VAL,128.0,71.0,23.499,21.535,0.09,1.32,0.0
ATOM,1667.0,N,LEU,129.0,66.179,21.737,22.975,-0.47,1.85,0.0
ATOM,1668.0,CA,LEU,129.0,65.166,21.163,23.88,0.07,2.275,0.0
ATOM,1669.0,C,LEU,129.0,65.061,19.682,23.59,0.51,2.0,0.0
ATOM,1670.0,O,LEU,129.0,64.706,19.313,22.466,-0.51,1.7,0.0
ATOM,1671.0,CB,LEU,129.0,63.799,21.826,23.621,-0.18,2.175,0.0
ATOM,1672.0,CG,LEU,129.0,63.721,23.281,24.081,-0.09,2.275,0.0
ATOM,1673.0,CD1,LEU,129.0,62.536,24.006,23.521,-0.27,2.06,0.0
ATOM,1674.0,CD2,LEU,129.0,63.719,23.342,25.568,-0.27,2.06,0.0
ATOM,1675.0,H,LEU,129.0,66.034,21.8,21.941,0.31,0.2245,0.0
ATOM,1676.0,HA,LEU,129.0,65.477,21.29,24.816,0.09,1.32,0.0
ATOM,1677.0,HB2,LEU,129.0,63.637,21.809,22.649,0.09,1.32,0.0
ATOM,1678.0,HB3,LEU,129.0,63.119,21.316,24.117,0.09,1.32,0.0
ATOM,1679.0,HG,LEU,129.0,64.573,23.75,23.801,0.09,1.32,0.0
ATOM,1680.0,HD11,LEU,129.0,61.686,23.555,23.809,0.09,1.32,0.0
ATOM,1681.0,HD12,LEU,129.0,62.524,24.956,23.848,0.09,1.32,0.0
ATOM,1682.0,HD13,LEU,129.0,62.575,24.011,22.517,0.09,1.32,0.0
ATOM,1683.0,HD21,LEU,129.0,64.559,22.93,25.938,0.09,1.32,0.0
ATOM,1684.0,HD22,LEU,129.0,63.668,24.297,25.88,0.09,1.32,0.0
ATOM,1685.0,HD23,LEU,129.0,62.928,22.842,25.939,0.09,1.32,0.0
ATOM,1686.0,N,TYR,130.0,65.31,18.832,24.585,-0.47,1.85,0.0
ATOM,1687.0,CA,TYR,130.0,65.158,17.378,24.409,0.07,2.275,0.0
ATOM,1688.0,C,TYR,130.0,63.879,16.845,25.048,0.51,2.0,0.0
ATOM,1689.0,O,TYR,130.0,63.46,17.335,26.103,-0.51,1.7,0.0
ATOM,1690.0,CB,TYR,130.0,66.391,16.598,24.903,-0.18,2.175,0.0
ATOM,1691.0,CG,TYR,130.0,66.945,16.933,26.276,0.0,1.9924,0.0
ATOM,1692.0,CD1,TYR,130.0,66.606,16.192,27.38,-0.115,1.9924,0.0
ATOM,1693.0,CD2,TYR,130.0,67.856,17.977,26.444,-0.115,1.9924,0.0
ATOM,1694.0,CE1,TYR,130.0,67.185,16.444,28.616,-0.115,1.9924,0.0
ATOM,1695.0,CE2,TYR,130.0,68.427,18.244,27.668,-0.115,1.9924,0.0
ATOM,1696.0,CZ,TYR,130.0,68.084,17.496,28.761,0.11,1.9924,0.0
ATOM,1697.0,OH,TYR,130.0,68.654,17.786,29.971,-0.54,1.77,0.01
ATOM,1698.0,H,TYR,130.0,65.612,19.268,25.472,0.31,0.2245,0.0
ATOM,1699.0,HA,TYR,130.0,65.118,17.188,23.417,0.09,1.32,0.0
ATOM,1700.0,HB2,TYR,130.0,66.155,15.612,24.895,0.09,1.32,0.0
ATOM,1701.0,HB3,TYR,130.0,67.134,16.736,24.227,0.09,1.32,0.0
ATOM,1702.0,HD1,TYR,130.0,65.929,15.454,27.303,0.115,1.3582,0.0
ATOM,1703.0,HD2,TYR,130.0,68.097,18.541,25.651,0.115,1.3582,0.0
ATOM,1704.0,HE1,TYR,130.0,66.958,15.869,29.406,0.115,1.3582,0.0
ATOM,1705.0,HE2,TYR,130.0,69.097,18.991,27.757,0.115,1.3582,0.0
ATOM,1706.0,HH,TYR,130.0,68.512,18.753,30.181,0.43,0.2245,0.14
ATOM,1707.0,N,PHE,131.0,63.272,15.846,24.4,-0.47,1.85,0.0
ATOM,1708.0,CA,PHE,131.0,61.895,15.447,24.677,0.07,2.275,0.0
ATOM,1709.0,C,PHE,131.0,61.687,14.181,25.449,0.51,2.0,0.0
ATOM,1710.0,O,PHE,131.0,60.559,13.713,25.594,-0.51,1.7,0.0
ATOM,1711.0,CB,PHE,131.0,61.164,15.262,23.353,-0.18,2.175,0.0
ATOM,1712.0,CG,PHE,131.0,60.774,16.535,22.727,0.0,1.9924,0.0
ATOM,1713.0,CD1,PHE,131.0,59.781,17.311,23.306,-0.115,1.9924,0.0
ATOM,1714.0,CD2,PHE,131.0,61.374,16.953,21.584,-0.115,1.9924,0.0
ATOM,1715.0,CE1,PHE,131.0,59.421,18.503,22.753,-0.115,1.9924,0.0
ATOM,1716.0,CE2,PHE,131.0,60.982,18.157,20.998,-0.115,1.9924,0.0
ATOM,1717.0,CZ,PHE,131.0,60.017,18.925,21.594,-0.115,1.9924,0.0
ATOM,1718.0,H,PHE,131.0,63.868,15.378,23.681,0.31,0.2245,0.0
ATOM,1719.0,HA,PHE,131.0,61.482,16.213,25.234,0.09,1.32,0.0
ATOM,1720.0,HB2,PHE,131.0,61.774,14.779,22.741,0.09,1.32,0.0
ATOM,1721.0,HB3,PHE,131.0,60.348,14.733,23.536,0.09,1.32,0.0
ATOM,1722.0,HD1,PHE,131.0,59.33,16.988,24.137,0.115,1.3582,0.0
ATOM,1723.0,HD2,PHE,131.0,62.094,16.415,21.152,0.115,1.3582,0.0
ATOM,1724.0,HE1,PHE,131.0,58.712,19.073,23.2,0.115,1.3582,0.0
ATOM,1725.0,HE2,PHE,131.0,61.42,18.448,20.13,0.115,1.3582,0.0
ATOM,1726.0,HZ,PHE,131.0,59.743,19.802,21.182,0.115,1.3582,0.0
ATOM,1727.0,N,ASN,132.0,62.747,13.558,25.877,-0.47,1.85,0.0
ATOM,1728.0,CA,ASN,132.0,62.649,12.301,26.589,0.07,2.275,0.01
ATOM,1729.0,C,ASN,132.0,64.028,12.076,27.195,0.51,2.0,0.0
ATOM,1730.0,O,ASN,132.0,64.906,12.953,27.112,-0.51,1.7,0.0
ATOM,1731.0,CB,ASN,132.0,62.316,11.134,25.636,-0.18,2.175,0.0
ATOM,1732.0,CG,ASN,132.0,61.515,9.984,26.309,0.55,2.0,0.0
ATOM,1733.0,H,ASN,132.0,63.656,14.026,25.671,0.31,0.2245,0.0
ATOM,1734.0,HA,ASN,132.0,62.022,12.429,27.34,0.09,1.32,0.1
ATOM,1735.0,HB2,ASN,132.0,61.769,11.485,24.882,0.09,1.32,0.0
ATOM,1736.0,HB3,ASN,132.0,63.169,10.751,25.293,0.09,1.32,0.0
ATOM,1737.0,OD1,ASN,132.0,61.674,9.678,27.502,-0.55,1.7,0.0
ATOM,1738.0,ND2,ASN,132.0,60.65,9.331,25.511,-0.62,1.85,0.0
ATOM,1739.0,HD22,ASN,132.0,60.566,9.598,24.554,0.3,0.2245,0.0
ATOM,1740.0,HD21,ASN,132.0,60.102,8.587,25.882,0.32,0.2245,0.0
ATOM,1741.0,N,ASN,133.0,64.218,10.914,27.788,-0.47,1.85,0.0
ATOM,1742.0,CA,ASN,133.0,65.405,10.612,28.574,0.07,2.275,0.0
ATOM,1743.0,C,ASN,133.0,65.577,9.12,28.616,0.51,2.0,0.0
ATOM,1744.0,O,ASN,133.0,64.658,8.398,29.009,-0.51,1.7,0.0
ATOM,1745.0,CB,ASN,133.0,65.257,11.167,29.978,-0.18,2.175,0.0
ATOM,1746.0,CG,ASN,133.0,66.612,11.375,30.715,0.55,2.0,0.0
ATOM,1747.0,H,ASN,133.0,63.441,10.223,27.647,0.31,0.2245,0.0
ATOM,1748.0,HA,ASN,133.0,66.188,10.992,28.083,0.09,1.32,0.0
ATOM,1749.0,HB2,ASN,133.0,64.803,12.055,29.936,0.09,1.32,0.0
ATOM,1750.0,HB3,ASN,133.0,64.714,10.534,30.527,0.09,1.32,0.0
ATOM,1751.0,OD1,ASN,133.0,67.655,10.84,30.319,-0.55,1.7,0.0
ATOM,1752.0,ND2,ASN,133.0,66.564,12.127,31.828,-0.62,1.85,0.0
ATOM,1753.0,HD22,ASN,133.0,65.69,12.503,32.129,0.3,0.2245,0.0
ATOM,1754.0,HD21,ASN,133.0,67.397,12.303,32.343,0.32,0.2245,0.0
ATOM,1755.0,N,PHE,134.0,66.761,8.659,28.253,-0.47,1.85,0.0
ATOM,1756.0,CA,PHE,134.0,67.092,7.249,28.416,0.07,2.275,0.0
ATOM,1757.0,C,PHE,134.0,67.137,6.896,29.897,0.51,2.0,0.0
ATOM,1758.0,O,PHE,134.0,66.852,5.733,30.281,-0.51,1.7,0.0
ATOM,1759.0,CB,PHE,134.0,68.435,6.927,27.754,-0.18,2.175,0.0
ATOM,1760.0,CG,PHE,134.0,68.667,5.441,27.538,0.0,1.9924,0.0
ATOM,1761.0,CD1,PHE,134.0,67.912,4.748,26.594,-0.115,1.9924,0.0
ATOM,1762.0,CD2,PHE,134.0,69.601,4.734,28.294,-0.115,1.9924,0.0
ATOM,1763.0,CE1,PHE,134.0,68.09,3.377,26.385,-0.115,1.9924,0.0
ATOM,1764.0,CE2,PHE,134.0,69.768,3.333,28.121,-0.115,1.9924,0.0
ATOM,1765.0,CZ,PHE,134.0,69.03,2.672,27.149,-0.115,1.9924,0.0
ATOM,1766.0,H,PHE,134.0,67.409,9.359,27.858,0.31,0.2245,0.0
ATOM,1767.0,HA,PHE,134.0,66.339,6.722,28.015,0.09,1.32,0.0
ATOM,1768.0,HB2,PHE,134.0,68.453,7.364,26.87,0.09,1.32,0.0
ATOM,1769.0,HB3,PHE,134.0,69.153,7.259,28.342,0.09,1.32,0.0
ATOM,1770.0,HD1,PHE,134.0,67.23,5.234,26.052,0.115,1.3582,0.0
ATOM,1771.0,HD2,PHE,134.0,70.164,5.205,28.965,0.115,1.3582,0.0
ATOM,1772.0,HE1,PHE,134.0,67.544,2.904,25.691,0.115,1.3582,0.0
ATOM,1773.0,HE2,PHE,134.0,70.419,2.844,28.709,0.115,1.3582,0.0
ATOM,1774.0,HZ,PHE,134.0,69.162,1.697,26.987,0.115,1.3582,0.0
ATOM,1775.0,N,TRP,135.0,67.528,7.876,30.713,-0.47,1.85,0.0
ATOM,1776.0,CA,TRP,135.0,67.813,7.666,32.14,0.07,2.275,0.0
ATOM,1777.0,C,TRP,135.0,66.595,8.0,33.009,0.51,2.0,0.0
ATOM,1778.0,O,TRP,135.0,65.565,8.405,32.499,-0.51,1.7,0.0
ATOM,1779.0,CB,TRP,135.0,69.064,8.447,32.569,-0.18,2.175,2.21
ATOM,1780.0,CG,TRP,135.0,70.263,8.108,31.694,-0.03,1.9924,1.19
ATOM,1781.0,CD1,TRP,135.0,70.887,8.944,30.816,0.035,1.9924,6.06
ATOM,1782.0,CD2,TRP,135.0,70.897,6.831,31.544,-0.02,1.8,1.91
ATOM,1783.0,NE1,TRP,135.0,71.891,8.278,30.152,-0.61,1.85,2.3
ATOM,1784.0,CE2,TRP,135.0,71.908,6.973,30.57,0.13,1.8,1.57
ATOM,1785.0,CE3,TRP,135.0,70.727,5.573,32.142,-0.115,1.9924,2.53
ATOM,1786.0,CZ2,TRP,135.0,72.738,5.938,30.206,-0.115,1.9924,7.44
ATOM,1787.0,CZ3,TRP,135.0,71.559,4.544,31.779,-0.115,1.9924,1.23
ATOM,1788.0,CH2,TRP,135.0,72.552,4.724,30.816,-0.115,1.9924,8.66
ATOM,1789.0,H,TRP,135.0,67.616,8.81,30.252,0.31,0.2245,0.0
ATOM,1790.0,HA,TRP,135.0,68.017,6.69,32.269,0.09,1.32,0.0
ATOM,1791.0,HB2,TRP,135.0,68.897,9.409,32.467,0.09,1.32,0.0
ATOM,1792.0,HB3,TRP,135.0,69.301,8.2,33.489,0.09,1.32,0.55
ATOM,1793.0,HD1,TRP,135.0,70.652,9.905,30.672,0.115,1.3582,0.0
ATOM,1794.0,HE1,TRP,135.0,72.507,8.679,29.476,0.38,0.2245,0.0
ATOM,1795.0,HE3,TRP,135.0,70.009,5.431,32.824,0.115,1.3582,0.0
ATOM,1796.0,HZ2,TRP,135.0,73.458,6.074,29.512,0.115,1.3582,0.11
ATOM,1797.0,HZ3,TRP,135.0,71.45,3.65,32.212,0.115,1.3582,0.0
ATOM,1798.0,HH2,TRP,135.0,73.136,3.95,30.571,0.115,1.3582,0.84
ATOM,1799.0,N,GLN,136.0,66.741,7.875,34.323,-0.47,1.85,0.0
ATOM,1800.0,CA,GLN,136.0,65.578,7.857,35.222,0.07,2.275,0.06
ATOM,1801.0,C,GLN,136.0,65.199,9.198,35.803,0.51,2.0,0.0
ATOM,1802.0,O,GLN,136.0,64.118,9.316,36.389,-0.51,1.7,0.14
ATOM,1803.0,CB,GLN,136.0,65.802,6.839,36.361,-0.18,2.175,0.09
ATOM,1804.0,CG,GLN,136.0,66.68,7.286,37.566,-0.18,2.175,0.0
ATOM,1805.0,CD,GLN,136.0,68.171,7.182,37.382,0.55,2.0,0.0
ATOM,1806.0,H,GLN,136.0,67.717,7.793,34.654,0.31,0.2245,0.0
ATOM,1807.0,HA,GLN,136.0,64.783,7.511,34.679,0.09,1.32,0.0
ATOM,1808.0,HB2,GLN,136.0,64.901,6.568,36.734,0.09,1.32,0.47
ATOM,1809.0,HB3,GLN,136.0,66.232,6.008,35.972,0.09,1.32,0.0
ATOM,1810.0,HG2,GLN,136.0,66.438,8.248,37.774,0.09,1.32,0.0
ATOM,1811.0,HG3,GLN,136.0,66.404,6.725,38.364,0.09,1.32,0.0
ATOM,1812.0,OE1,GLN,136.0,68.706,7.421,36.287,-0.55,1.7,1.17
ATOM,1813.0,NE2,GLN,136.0,68.878,6.845,38.475,-0.62,1.85,0.0
ATOM,1814.0,HE21,GLN,136.0,69.887,6.742,38.425,0.32,0.2245,0.02
ATOM,1815.0,HE22,GLN,136.0,68.381,6.698,39.347,0.3,0.2245,0.0
ATOM,1816.0,N,TRP,137.0,66.044,10.21,35.639,-0.47,1.85,0.0
ATOM,1817.0,CA,TRP,137.0,65.935,11.411,36.479,0.07,2.275,0.0
ATOM,1818.0,C,TRP,137.0,64.832,12.353,36.066,0.51,2.0,0.0
ATOM,1819.0,O,TRP,137.0,64.506,13.29,36.792,-0.51,1.7,0.0
ATOM,1820.0,CB,TRP,137.0,67.275,12.143,36.588,-0.18,2.175,0.0
ATOM,1821.0,CG,TRP,137.0,68.018,12.504,35.317,-0.03,1.9924,0.0
ATOM,1822.0,CD1,TRP,137.0,68.997,11.795,34.699,0.035,1.9924,0.02
ATOM,1823.0,CD2,TRP,137.0,67.859,13.708,34.554,-0.02,1.8,0.0
ATOM,1824.0,NE1,TRP,137.0,69.453,12.473,33.592,-0.61,1.85,0.25
ATOM,1825.0,CE2,TRP,137.0,68.787,13.661,33.493,0.13,1.8,0.0
ATOM,1826.0,CE3,TRP,137.0,67.021,14.823,34.659,-0.115,1.9924,0.0
ATOM,1827.0,CZ2,TRP,137.0,68.898,14.686,32.549,-0.115,1.9924,0.0
ATOM,1828.0,CZ3,TRP,137.0,67.146,15.842,33.721,-0.115,1.9924,0.0
ATOM,1829.0,CH2,TRP,137.0,68.08,15.754,32.681,-0.115,1.9924,0.0
ATOM,1830.0,H,TRP,137.0,66.752,10.088,34.905,0.31,0.2245,0.0
ATOM,1831.0,HA,TRP,137.0,65.738,11.094,37.427,0.09,1.32,0.0
ATOM,1832.0,HB2,TRP,137.0,67.131,13.012,37.091,0.09,1.32,0.0
ATOM,1833.0,HB3,TRP,137.0,67.911,11.577,37.139,0.09,1.32,0.0
ATOM,1834.0,HD1,TRP,137.0,69.344,10.905,35.0,0.115,1.3582,0.0
ATOM,1835.0,HE1,TRP,137.0,70.158,12.147,32.963,0.38,0.2245,3.93
ATOM,1836.0,HE3,TRP,137.0,66.346,14.893,35.387,0.115,1.3582,0.0
ATOM,1837.0,HZ2,TRP,137.0,69.574,14.607,31.805,0.115,1.3582,0.0
ATOM,1838.0,HZ3,TRP,137.0,66.561,16.642,33.796,0.115,1.3582,0.0
ATOM,1839.0,HH2,TRP,137.0,68.13,16.514,32.024,0.115,1.3582,0.0
ATOM,1840.0,N,SER,138.0,64.257,12.146,34.888,-0.47,1.85,0.0
ATOM,1841.0,CA,SER,138.0,63.038,12.85,34.487,0.07,2.275,0.13
ATOM,1842.0,C,SER,138.0,61.915,11.884,34.158,0.51,2.0,0.18
ATOM,1843.0,O,SER,138.0,60.983,12.237,33.441,-0.51,1.7,0.0
ATOM,1844.0,CB,SER,138.0,63.339,13.726,33.264,0.05,2.175,0.0
ATOM,1845.0,OG,SER,138.0,63.709,12.948,32.123,-0.66,1.77,0.03
ATOM,1846.0,H,SER,138.0,64.738,11.452,34.282,0.31,0.2245,0.0
ATOM,1847.0,HA,SER,138.0,62.742,13.422,35.265,0.09,1.32,0.0
ATOM,1848.0,HB2,SER,138.0,62.524,14.256,33.039,0.09,1.32,0.0
ATOM,1849.0,HB3,SER,138.0,64.092,14.342,33.487,0.09,1.32,0.0
ATOM,1850.0,HG,SER,138.0,63.218,12.08,32.146,0.43,0.2245,0.0
ATOM,1851.0,N,GLY,139.0,62.005,10.66,34.684,-0.47,1.85,0.0
ATOM,1852.0,CA,GLY,139.0,61.103,9.585,34.335,-0.02,2.175,0.0
ATOM,1853.0,C,GLY,139.0,61.555,8.869,33.09,0.51,2.0,0.0
ATOM,1854.0,O,GLY,139.0,62.161,7.804,33.157,-0.51,1.7,0.74
ATOM,1855.0,H,GLY,139.0,62.79,10.553,35.372,0.31,0.2245,0.0
ATOM,1856.0,HA2,GLY,139.0,61.05,8.927,35.102,0.09,1.32,1.77
ATOM,1857.0,HA3,GLY,139.0,60.173,9.958,34.191,0.09,1.32,0.0
ATOM,1858.0,N,GLY,140.0,61.267,9.463,31.937,-0.47,1.85,0.0
ATOM,1859.0,CA,GLY,140.0,61.88,9.046,30.695,-0.02,2.175,0.0
ATOM,1860.0,C,GLY,140.0,61.312,7.729,30.202,0.51,2.0,0.0
ATOM,1861.0,O,GLY,140.0,60.21,7.328,30.585,-0.51,1.7,0.0
ATOM,1862.0,H,GLY,140.0,60.576,10.237,32.009,0.31,0.2245,0.0
ATOM,1863.0,HA2,GLY,140.0,61.734,9.756,29.989,0.09,1.32,0.0
ATOM,1864.0,HA3,GLY,140.0,62.879,8.949,30.825,0.09,1.32,0.0
ATOM,1865.0,N,MET,141.0,62.094,7.048,29.387,-0.47,1.85,0.0
ATOM,1866.0,CA,MET,141.0,61.625,5.871,28.685,0.07,2.275,0.0
ATOM,1867.0,C,MET,141.0,61.14,4.768,29.589,0.51,2.0,0.0
ATOM,1868.0,O,MET,141.0,60.13,4.141,29.259,-0.51,1.7,0.0
ATOM,1869.0,CB,MET,141.0,62.699,5.342,27.736,-0.18,2.175,0.0
ATOM,1870.0,CG,MET,141.0,63.077,6.336,26.64,-0.14,2.175,0.0
ATOM,1871.0,SD,MET,141.0,64.409,5.765,25.573,-0.09,2.0,0.0
ATOM,1872.0,CE,MET,141.0,64.714,7.189,24.623,-0.22,2.06,0.0
ATOM,1873.0,H,MET,141.0,63.062,7.424,29.294,0.31,0.2245,0.0
ATOM,1874.0,HA,MET,141.0,60.847,6.153,28.085,0.09,1.32,0.0
ATOM,1875.0,HB2,MET,141.0,63.526,5.124,28.263,0.09,1.32,0.0
ATOM,1876.0,HB3,MET,141.0,62.366,4.501,27.298,0.09,1.32,0.0
ATOM,1877.0,HG2,MET,141.0,62.23,6.543,26.091,0.09,1.32,0.0
ATOM,1878.0,HG3,MET,141.0,63.324,7.23,27.089,0.09,1.32,0.0
ATOM,1879.0,HE1,MET,141.0,64.431,7.051,23.663,0.09,1.32,0.0
ATOM,1880.0,HE2,MET,141.0,64.205,7.982,24.986,0.09,1.32,0.0
ATOM,1881.0,HE3,MET,141.0,65.697,7.423,24.626,0.09,1.32,0.0
ATOM,1882.0,N,THR,142.0,61.836,4.506,30.697,-0.47,1.85,0.0
ATOM,1883.0,CA,THR,142.0,61.385,3.474,31.632,0.07,2.275,0.0
ATOM,1884.0,C,THR,142.0,60.083,3.857,32.327,0.51,2.0,0.0
ATOM,1885.0,O,THR,142.0,59.317,2.959,32.705,-0.51,1.7,1.11
ATOM,1886.0,CB,THR,142.0,62.461,3.082,32.681,0.14,2.275,0.54
ATOM,1887.0,OG1,THR,142.0,62.923,4.251,33.396,-0.66,1.77,0.07
ATOM,1888.0,CG2,THR,142.0,63.704,2.453,31.988,-0.27,2.06,0.55
ATOM,1889.0,H,THR,142.0,62.685,5.072,30.83,0.31,0.2245,0.0
ATOM,1890.0,HA,THR,142.0,61.228,2.621,31.112,0.09,1.32,0.0
ATOM,1891.0,HB,THR,142.0,62.04,2.445,33.359,0.09,1.32,2.22
ATOM,1892.0,HG21,THR,142.0,64.449,2.4,32.648,0.09,1.32,0.0
ATOM,1893.0,HG22,THR,142.0,63.467,1.54,31.667,0.09,1.32,0.0
ATOM,1894.0,HG23,THR,142.0,63.97,3.028,31.218,0.09,1.32,0.0
ATOM,1895.0,HG1,THR,142.0,63.342,4.901,32.757,0.43,0.2245,0.0
ATOM,1896.0,N,GLN,143.0,59.801,5.152,32.497,-0.47,1.85,0.0
ATOM,1897.0,CA,GLN,143.0,58.511,5.56,33.071,0.07,2.275,0.0
ATOM,1898.0,C,GLN,143.0,57.355,5.353,32.093,0.51,2.0,0.0
ATOM,1899.0,O,GLN,143.0,56.263,4.969,32.516,-0.51,1.7,0.0
ATOM,1900.0,CB,GLN,143.0,58.571,7.001,33.591,-0.18,2.175,0.0
ATOM,1901.0,CG,GLN,143.0,57.364,7.419,34.394,-0.18,2.175,0.0
ATOM,1902.0,CD,GLN,143.0,57.09,6.492,35.56,0.55,2.0,0.0
ATOM,1903.0,H,GLN,143.0,60.533,5.808,32.204,0.31,0.2245,0.0
ATOM,1904.0,HA,GLN,143.0,58.338,4.981,33.88,0.09,1.32,0.0
ATOM,1905.0,HB2,GLN,143.0,59.385,7.095,34.169,0.09,1.32,0.01
ATOM,1906.0,HB3,GLN,143.0,58.658,7.619,32.804,0.09,1.32,0.0
ATOM,1907.0,HG2,GLN,143.0,57.515,8.342,34.752,0.09,1.32,0.0
ATOM,1908.0,HG3,GLN,143.0,56.561,7.423,33.796,0.09,1.32,0.0
ATOM,1909.0,OE1,GLN,143.0,57.922,6.394,36.447,-0.55,1.7,0.89
ATOM,1910.0,NE2,GLN,143.0,55.901,5.875,35.593,-0.62,1.85,1.11
ATOM,1911.0,HE21,GLN,143.0,55.664,5.237,36.332,0.32,0.2245,8.96
ATOM,1912.0,HE22,GLN,143.0,55.237,6.072,34.842,0.3,0.2245,0.0
ATOM,1913.0,N,TYR,144.0,57.592,5.569,30.789,-0.47,1.85,0.0
ATOM,1914.0,CA,TYR,144.0,56.612,5.191,29.743,0.07,2.275,0.0
ATOM,1915.0,C,TYR,144.0,56.273,3.712,29.899,0.51,2.0,0.0
ATOM,1916.0,O,TYR,144.0,55.093,3.329,29.908,-0.51,1.7,0.0
ATOM,1917.0,CB,TYR,144.0,57.176,5.344,28.331,-0.18,2.175,0.0
ATOM,1918.0,CG,TYR,144.0,57.148,6.729,27.71,0.0,1.9924,0.0
ATOM,1919.0,CD1,TYR,144.0,57.985,7.741,28.18,-0.115,1.9924,0.0
ATOM,1920.0,CD2,TYR,144.0,56.323,7.012,26.624,-0.115,1.9924,0.0
ATOM,1921.0,CE1,TYR,144.0,57.986,9.023,27.596,-0.115,1.9924,0.12
ATOM,1922.0,CE2,TYR,144.0,56.303,8.282,26.036,-0.115,1.9924,0.93
ATOM,1923.0,CZ,TYR,144.0,57.15,9.281,26.517,0.11,1.9924,1.52
ATOM,1924.0,OH,TYR,144.0,57.181,10.537,25.914,-0.54,1.77,0.63
ATOM,1925.0,H,TYR,144.0,58.501,6.014,30.578,0.31,0.2245,0.0
ATOM,1926.0,HA,TYR,144.0,55.784,5.724,29.893,0.09,1.32,0.0
ATOM,1927.0,HB2,TYR,144.0,58.139,5.031,28.342,0.09,1.32,0.0
ATOM,1928.0,HB3,TYR,144.0,56.661,4.723,27.719,0.09,1.32,0.0
ATOM,1929.0,HD1,TYR,144.0,58.6,7.562,28.948,0.115,1.3582,0.0
ATOM,1930.0,HD2,TYR,144.0,55.733,6.297,26.254,0.115,1.3582,0.0
ATOM,1931.0,HE1,TYR,144.0,58.584,9.732,27.958,0.115,1.3582,0.0
ATOM,1932.0,HE2,TYR,144.0,55.686,8.472,25.277,0.115,1.3582,0.0
ATOM,1933.0,HH,TYR,144.0,57.438,11.213,26.598,0.43,0.2245,0.92
ATOM,1934.0,N,MET,145.0,57.307,2.892,30.018,-0.47,1.85,0.0
ATOM,1935.0,CA,MET,145.0,57.075,1.444,30.075,0.07,2.275,0.0
ATOM,1936.0,C,MET,145.0,56.391,1.047,31.37,0.51,2.0,0.0
ATOM,1937.0,O,MET,145.0,55.593,0.12,31.376,-0.51,1.7,0.0
ATOM,1938.0,CB,MET,145.0,58.361,0.674,29.9,-0.18,2.175,0.0
ATOM,1939.0,CG,MET,145.0,59.023,0.877,28.497,-0.14,2.175,0.0
ATOM,1940.0,SD,MET,145.0,57.856,0.95,27.089,-0.09,2.0,0.0
ATOM,1941.0,CE,MET,145.0,57.358,-0.821,26.993,-0.22,2.06,9.37
ATOM,1942.0,H,MET,145.0,58.229,3.328,30.064,0.31,0.2245,0.0
ATOM,1943.0,HA,MET,145.0,56.468,1.198,29.309,0.09,1.32,0.0
ATOM,1944.0,HB2,MET,145.0,59.034,0.962,30.587,0.09,1.32,0.0
ATOM,1945.0,HB3,MET,145.0,58.193,-0.311,30.006,0.09,1.32,0.0
ATOM,1946.0,HG2,MET,145.0,59.59,1.736,28.545,0.09,1.32,0.0
ATOM,1947.0,HG3,MET,145.0,59.706,0.117,28.365,0.09,1.32,0.0
ATOM,1948.0,HE1,MET,145.0,56.648,-0.907,26.305,0.09,1.32,0.58
ATOM,1949.0,HE2,MET,145.0,58.156,-1.355,26.741,0.09,1.32,0.0
ATOM,1950.0,HE3,MET,145.0,57.018,-1.097,27.884,0.09,1.32,0.0
ATOM,1951.0,N,ALA,146.0,56.727,1.71,32.462,-0.47,1.85,0.56
ATOM,1952.0,CA,ALA,146.0,56.074,1.441,33.764,0.07,2.275,2.17
ATOM,1953.0,C,ALA,146.0,54.571,1.703,33.686,0.51,2.0,0.0
ATOM,1954.0,O,ALA,146.0,53.745,0.912,34.196,-0.51,1.7,2.71
ATOM,1955.0,CB,ALA,146.0,56.705,2.291,34.855,-0.27,2.06,0.14
ATOM,1956.0,H,ALA,146.0,57.469,2.421,32.344,0.31,0.2245,0.0
ATOM,1957.0,HA,ALA,146.0,56.224,0.476,33.998,0.09,1.32,0.96
ATOM,1958.0,HB1,ALA,146.0,57.599,1.914,35.099,0.09,1.32,1.35
ATOM,1959.0,HB2,ALA,146.0,56.819,3.228,34.526,0.09,1.32,0.0
ATOM,1960.0,HB3,ALA,146.0,56.115,2.293,35.662,0.09,1.32,1.36
ATOM,1961.0,N,TRP,147.0,54.193,2.801,33.043,-0.47,1.85,0.0
ATOM,1962.0,CA,TRP,147.0,52.778,3.127,32.882,0.07,2.275,0.53
ATOM,1963.0,C,TRP,147.0,52.077,2.102,31.99,0.51,2.0,0.0
ATOM,1964.0,O,TRP,147.0,50.974,1.677,32.301,-0.51,1.7,20.11
ATOM,1965.0,CB,TRP,147.0,52.567,4.509,32.286,-0.18,2.175,2.53
ATOM,1966.0,CG,TRP,147.0,52.804,5.618,33.234,-0.03,1.9924,0.54
ATOM,1967.0,CD1,TRP,147.0,52.749,5.575,34.606,0.035,1.9924,12.19
ATOM,1968.0,CD2,TRP,147.0,53.167,6.975,32.896,-0.02,1.8,0.0
ATOM,1969.0,NE1,TRP,147.0,53.023,6.824,35.122,-0.61,1.85,3.95
ATOM,1970.0,CE2,TRP,147.0,53.3,7.691,34.1,0.13,1.8,0.0
ATOM,1971.0,CE3,TRP,147.0,53.391,7.648,31.698,-0.115,1.9924,0.0
ATOM,1972.0,CZ2,TRP,147.0,53.643,9.052,34.137,-0.115,1.9924,0.2
ATOM,1973.0,CZ3,TRP,147.0,53.739,9.011,31.741,-0.115,1.9924,0.0
ATOM,1974.0,CH2,TRP,147.0,53.863,9.685,32.943,-0.115,1.9924,0.0
ATOM,1975.0,H,TRP,147.0,54.962,3.387,32.678,0.31,0.2245,0.0
ATOM,1976.0,HA,TRP,147.0,52.347,3.082,33.79,0.09,1.32,3.0
ATOM,1977.0,HB2,TRP,147.0,53.195,4.628,31.519,0.09,1.32,0.0
ATOM,1978.0,HB3,TRP,147.0,51.624,4.581,31.966,0.09,1.32,3.68
ATOM,1979.0,HD1,TRP,147.0,52.543,4.767,35.146,0.115,1.3582,9.72
ATOM,1980.0,HE1,TRP,147.0,53.019,7.059,36.096,0.38,0.2245,14.48
ATOM,1981.0,HE3,TRP,147.0,53.312,7.19,30.818,0.115,1.3582,0.0
ATOM,1982.0,HZ2,TRP,147.0,53.718,9.526,35.019,0.115,1.3582,0.0
ATOM,1983.0,HZ3,TRP,147.0,53.894,9.482,30.876,0.115,1.3582,0.77
ATOM,1984.0,HH2,TRP,147.0,54.119,10.654,32.937,0.115,1.3582,0.0
ATOM,1985.0,N,ILE,148.0,52.732,1.687,30.918,-0.47,1.85,0.0
ATOM,1986.0,CA,ILE,148.0,52.159,0.714,29.986,0.07,2.275,0.06
ATOM,1987.0,C,ILE,148.0,51.99,-0.657,30.646,0.51,2.0,0.0
ATOM,1988.0,O,ILE,148.0,50.945,-1.308,30.479,-0.51,1.7,26.05
ATOM,1989.0,CB,ILE,148.0,53.034,0.636,28.693,-0.09,2.275,0.0
ATOM,1990.0,CG1,ILE,148.0,52.936,1.962,27.956,-0.18,2.175,0.0
ATOM,1991.0,CG2,ILE,148.0,52.583,-0.512,27.736,-0.27,2.06,19.81
ATOM,1992.0,CD1,ILE,148.0,54.005,2.151,26.834,-0.27,2.06,0.0
ATOM,1993.0,H,ILE,148.0,53.677,2.104,30.792,0.31,0.2245,0.0
ATOM,1994.0,HA,ILE,148.0,51.234,1.042,29.769,0.09,1.32,6.29
ATOM,1995.0,HB,ILE,148.0,53.968,0.5,28.979,0.09,1.32,0.0
ATOM,1996.0,HG12,ILE,148.0,52.038,2.041,27.532,0.09,1.32,0.0
ATOM,1997.0,HG13,ILE,148.0,53.054,2.709,28.607,0.09,1.32,0.0
ATOM,1998.0,HG21,ILE,148.0,53.182,-0.515,26.945,0.09,1.32,0.12
ATOM,1999.0,HG22,ILE,148.0,52.65,-1.373,28.225,0.09,1.32,2.16
ATOM,2000.0,HG23,ILE,148.0,51.645,-0.341,27.461,0.09,1.32,5.25
ATOM,2001.0,HD11,ILE,148.0,53.885,1.425,26.17,0.09,1.32,0.0
ATOM,2002.0,HD12,ILE,148.0,53.859,3.038,26.417,0.09,1.32,0.0
ATOM,2003.0,HD13,ILE,148.0,54.902,2.102,27.253,0.09,1.32,0.0
ATOM,2004.0,N,GLU,149.0,52.984,-1.055,31.424,-0.47,1.85,0.0
ATOM,2005.0,CA,GLU,149.0,53.06,-2.405,31.985,0.07,2.275,0.95
ATOM,2006.0,C,GLU,149.0,52.378,-2.524,33.343,0.51,2.0,0.89
ATOM,2007.0,O,GLU,149.0,52.125,-3.644,33.795,-0.51,1.7,23.26
ATOM,2008.0,CB,GLU,149.0,54.527,-2.853,32.051,-0.18,2.175,1.57
ATOM,2009.0,CG,GLU,149.0,55.109,-3.002,30.652,-0.28,2.175,5.46
ATOM,2010.0,CD,GLU,149.0,56.603,-3.302,30.611,0.62,2.0,2.69
ATOM,2011.0,OE1,GLU,149.0,57.283,-3.251,31.67,-0.76,1.7,6.97
ATOM,2012.0,OE2,GLU,149.0,57.087,-3.587,29.489,-0.76,1.7,18.31
ATOM,2013.0,H,GLU,149.0,53.712,-0.326,31.606,0.31,0.2245,0.0
ATOM,2014.0,HA,GLU,149.0,52.636,-3.062,31.337,0.09,1.32,6.71
ATOM,2015.0,HB2,GLU,149.0,55.028,-2.161,32.51,0.09,1.32,0.0
ATOM,2016.0,HB3,GLU,149.0,54.553,-3.722,32.479,0.09,1.32,4.56
ATOM,2017.0,HG2,GLU,149.0,54.646,-3.753,30.203,0.09,1.32,9.98
ATOM,2018.0,HG3,GLU,149.0,54.966,-2.152,30.164,0.09,1.32,0.0
ATOM,2019.0,N,GLY,150.0,52.054,-1.389,33.96,-0.47,1.85,0.14
ATOM,2020.0,CA,GLY,150.0,51.437,-1.333,35.268,-0.02,2.175,15.83
ATOM,2021.0,C,GLY,150.0,52.351,-1.746,36.415,0.51,2.0,1.93
ATOM,2022.0,O,GLY,150.0,51.858,-2.183,37.458,-0.51,1.7,27.31
ATOM,2023.0,H,GLY,150.0,52.291,-0.526,33.402,0.31,0.2245,0.0
ATOM,2024.0,HA2,GLY,150.0,51.098,-0.384,35.443,0.09,1.32,8.54
ATOM,2025.0,HA3,GLY,150.0,50.607,-1.931,35.277,0.09,1.32,10.77
ATOM,2026.0,N,GLU,151.0,53.67,-1.616,36.224,-0.47,1.85,0.52
ATOM,2027.0,CA,GLU,151.0,54.675,-1.948,37.237,0.07,2.275,0.12
ATOM,2028.0,C,GLU,151.0,55.572,-0.737,37.452,0.51,2.0,1.07
ATOM,2029.0,O,GLU,151.0,56.042,-0.145,36.467,-0.51,1.7,1.4
ATOM,2030.0,CB,GLU,151.0,55.551,-3.104,36.771,-0.18,2.175,9.87
ATOM,2031.0,CG,GLU,151.0,54.782,-4.366,36.417,-0.28,2.175,7.28
ATOM,2032.0,CD,GLU,151.0,54.39,-5.197,37.637,0.62,2.0,4.62
ATOM,2033.0,OE1,GLU,151.0,54.307,-4.642,38.765,-0.76,1.7,24.49
ATOM,2034.0,OE2,GLU,151.0,54.157,-6.418,37.454,-0.76,1.7,48.67
ATOM,2035.0,H,GLU,151.0,53.925,-1.251,35.273,0.31,0.2245,0.0
ATOM,2036.0,HA,GLU,151.0,54.223,-2.189,38.093,0.09,1.32,0.0
ATOM,2037.0,HB2,GLU,151.0,56.031,-2.812,35.961,0.09,1.32,2.21
ATOM,2038.0,HB3,GLU,151.0,56.17,-3.329,37.503,0.09,1.32,4.9
ATOM,2039.0,HG2,GLU,151.0,53.95,-4.106,35.961,0.09,1.32,0.0
ATOM,2040.0,HG3,GLU,151.0,55.354,-4.932,35.85,0.09,1.32,9.53
ATOM,2041.0,N,PRO,152.0,55.841,-0.369,38.703,-0.29,1.85,1.06
ATOM,2042.0,CA,PRO,152.0,56.671,0.814,38.976,0.02,2.275,2.24
ATOM,2043.0,C,PRO,152.0,58.14,0.636,38.568,0.51,2.0,0.0
ATOM,2044.0,O,PRO,152.0,58.66,-0.475,38.457,-0.51,1.7,6.09
ATOM,2045.0,CB,PRO,152.0,56.555,0.99,40.498,-0.18,2.175,17.41
ATOM,2046.0,CG,PRO,152.0,56.294,-0.394,41.011,-0.18,2.175,21.88
ATOM,2047.0,CD,PRO,152.0,55.454,-1.059,39.947,0.0,2.175,10.59
ATOM,2048.0,HA,PRO,152.0,56.277,1.636,38.527,0.09,1.32,3.69
ATOM,2049.0,HB2,PRO,152.0,57.406,1.357,40.876,0.09,1.32,3.57
ATOM,2050.0,HB3,PRO,152.0,55.8,1.605,40.725,0.09,1.32,11.61
ATOM,2051.0,HG2,PRO,152.0,57.157,-0.888,41.145,0.09,1.32,7.18
ATOM,2052.0,HG3,PRO,152.0,55.801,-0.358,41.884,0.09,1.32,11.61
ATOM,2053.0,HD2,PRO,152.0,55.656,-2.038,39.883,0.09,1.32,2.91
ATOM,2054.0,HD3,PRO,152.0,54.475,-0.938,40.127,0.09,1.32,9.07
ATOM,2055.0,N,VAL,153.0,58.782,1.771,38.303,-0.47,1.85,0.12
ATOM,2056.0,CA,VAL,153.0,60.188,1.808,37.949,0.07,2.275,0.0
ATOM,2057.0,C,VAL,153.0,61.014,1.404,39.16,0.51,2.0,0.0
ATOM,2058.0,O,VAL,153.0,60.71,1.798,40.282,-0.51,1.7,8.48
ATOM,2059.0,CB,VAL,153.0,60.605,3.221,37.487,-0.09,2.275,0.0
ATOM,2060.0,CG1,VAL,153.0,62.118,3.375,37.391,-0.27,2.06,1.92
ATOM,2061.0,CG2,VAL,153.0,59.944,3.551,36.139,-0.27,2.06,0.76
ATOM,2062.0,H,VAL,153.0,58.185,2.627,38.373,0.31,0.2245,4.05
ATOM,2063.0,HA,VAL,153.0,60.35,1.136,37.226,0.09,1.32,5.13
ATOM,2064.0,HB,VAL,153.0,60.289,3.871,38.18,0.09,1.32,0.44
ATOM,2065.0,HG11,VAL,153.0,62.548,2.474,37.433,0.09,1.32,0.17
ATOM,2066.0,HG12,VAL,153.0,62.354,3.817,36.526,0.09,1.32,0.13
ATOM,2067.0,HG13,VAL,153.0,62.445,3.936,38.151,0.09,1.32,0.0
ATOM,2068.0,HG21,VAL,153.0,59.733,2.699,35.666,0.09,1.32,1.0
ATOM,2069.0,HG22,VAL,153.0,59.106,4.065,36.308,0.09,1.32,0.0
ATOM,2070.0,HG23,VAL,153.0,60.577,4.097,35.595,0.09,1.32,0.2
ATOM,2071.0,N,GLN,154.0,62.035,0.59,38.932,-0.47,1.85,0.0
ATOM,2072.0,CA,GLN,154.0,62.988,0.278,39.973,0.07,2.275,1.0
ATOM,2073.0,C,GLN,154.0,64.209,1.176,39.741,0.51,2.0,0.0
ATOM,2074.0,O,GLN,154.0,64.887,1.059,38.747,-0.51,1.7,2.63
ATOM,2075.0,CB,GLN,154.0,63.355,-1.207,39.925,-0.18,2.175,1.25
ATOM,2076.0,CG,GLN,154.0,62.15,-2.154,39.905,-0.18,2.175,7.08
ATOM,2077.0,CD,GLN,154.0,62.604,-3.613,39.789,0.55,2.0,3.35
ATOM,2078.0,H,GLN,154.0,62.085,0.21,37.968,0.31,0.2245,7.8
ATOM,2079.0,HA,GLN,154.0,62.596,0.528,40.849,0.09,1.32,3.84
ATOM,2080.0,HB2,GLN,154.0,63.895,-1.381,39.099,0.09,1.32,7.38
ATOM,2081.0,HB3,GLN,154.0,63.907,-1.431,40.732,0.09,1.32,0.36
ATOM,2082.0,HG2,GLN,154.0,61.647,-2.048,40.75,0.09,1.32,9.8
ATOM,2083.0,HG3,GLN,154.0,61.586,-1.936,39.122,0.09,1.32,0.64
ATOM,2084.0,OE1,GLN,154.0,63.633,-3.992,40.36,-0.55,1.7,26.37
ATOM,2085.0,NE2,GLN,154.0,61.855,-4.418,39.045,-0.62,1.85,28.2
ATOM,2086.0,HE21,GLN,154.0,62.104,-5.388,38.915,0.32,0.2245,22.17
ATOM,2087.0,HE22,GLN,154.0,61.017,-4.037,38.604,0.3,0.2245,14.68
ATOM,2088.0,N,ASP,155.0,64.444,2.098,40.661,-0.47,1.85,0.11
ATOM,2089.0,CA,ASP,155.0,65.516,3.064,40.536,0.07,2.275,0.0
ATOM,2090.0,C,ASP,155.0,66.856,2.337,40.486,0.51,2.0,0.0
ATOM,2091.0,O,ASP,155.0,67.236,1.673,41.458,-0.51,1.7,0.0
ATOM,2092.0,CB,ASP,155.0,65.468,3.976,41.75,-0.28,2.175,2.65
ATOM,2093.0,CG,ASP,155.0,66.429,5.118,41.678,0.62,2.0,0.0
ATOM,2094.0,OD1,ASP,155.0,67.263,5.219,40.72,-0.76,1.7,0.0
ATOM,2095.0,OD2,ASP,155.0,66.436,5.933,42.614,-0.76,1.7,1.23
ATOM,2096.0,H,ASP,155.0,63.793,2.068,41.479,0.31,0.2245,6.09
ATOM,2097.0,HA,ASP,155.0,65.404,3.529,39.655,0.09,1.32,0.0
ATOM,2098.0,HB2,ASP,155.0,64.537,4.336,41.826,0.09,1.32,0.0
ATOM,2099.0,HB3,ASP,155.0,65.676,3.423,42.557,0.09,1.32,0.0
ATOM,2100.0,N,PRO,156.0,67.609,2.456,39.392,-0.29,1.85,0.0
ATOM,2101.0,CA,PRO,156.0,68.903,1.782,39.338,0.02,2.275,0.09
ATOM,2102.0,C,PRO,156.0,69.936,2.33,40.328,0.51,2.0,0.0
ATOM,2103.0,O,PRO,156.0,70.913,1.659,40.612,-0.51,1.7,0.34
ATOM,2104.0,CB,PRO,156.0,69.348,1.992,37.9,-0.18,2.175,0.01
ATOM,2105.0,CG,PRO,156.0,68.66,3.282,37.484,-0.18,2.175,0.0
ATOM,2106.0,CD,PRO,156.0,67.339,3.229,38.15,0.0,2.175,0.0
ATOM,2107.0,HA,PRO,156.0,68.789,0.776,39.47,0.09,1.32,0.0
ATOM,2108.0,HB2,PRO,156.0,70.34,2.095,37.837,0.09,1.32,0.0
ATOM,2109.0,HB3,PRO,156.0,69.053,1.239,37.313,0.09,1.32,0.0
ATOM,2110.0,HG2,PRO,156.0,69.203,4.065,37.791,0.09,1.32,0.0
ATOM,2111.0,HG3,PRO,156.0,68.576,3.31,36.486,0.09,1.32,0.0
ATOM,2112.0,HD2,PRO,156.0,66.995,4.14,38.386,0.09,1.32,0.0
ATOM,2113.0,HD3,PRO,156.0,66.652,2.752,37.596,0.09,1.32,0.0
ATOM,2114.0,N,ASN,157.0,69.758,3.557,40.83,-0.47,1.85,0.0
ATOM,2115.0,CA,ASN,157.0,70.587,4.044,41.92,0.07,2.275,0.57
ATOM,2116.0,C,ASN,157.0,70.453,3.158,43.168,0.51,2.0,0.0
ATOM,2117.0,O,ASN,157.0,71.375,3.113,43.997,-0.51,1.7,29.48
ATOM,2118.0,CB,ASN,157.0,70.218,5.489,42.306,-0.18,2.175,3.41
ATOM,2119.0,CG,ASN,157.0,70.952,6.51,41.485,0.55,2.0,1.2
ATOM,2120.0,H,ASN,157.0,69.004,4.104,40.385,0.31,0.2245,0.0
ATOM,2121.0,HA,ASN,157.0,71.548,3.979,41.623,0.09,1.32,3.03
ATOM,2122.0,HB2,ASN,157.0,69.238,5.602,42.169,0.09,1.32,0.0
ATOM,2123.0,HB3,ASN,157.0,70.446,5.616,43.268,0.09,1.32,6.95
ATOM,2124.0,OD1,ASN,157.0,71.951,6.194,40.842,-0.55,1.7,17.52
ATOM,2125.0,ND2,ASN,157.0,70.488,7.753,41.523,-0.62,1.85,0.0
ATOM,2126.0,HD22,ASN,157.0,69.688,7.968,42.087,0.3,0.2245,0.0
ATOM,2127.0,HD21,ASN,157.0,70.933,8.473,40.993,0.32,0.2245,0.0
ATOM,2128.0,N,VAL,158.0,69.298,2.548,43.323,-0.47,1.85,0.0
ATOM,2129.0,CA,VAL,158.0,69.0,1.674,44.463,0.07,2.275,0.0
ATOM,2130.0,C,VAL,158.0,69.345,0.222,44.146,0.51,2.0,0.0
ATOM,2131.0,O,VAL,158.0,69.965,-0.459,44.965,-0.51,1.7,23.34
ATOM,2132.0,CB,VAL,158.0,67.528,1.752,44.892,-0.09,2.275,1.1
ATOM,2133.0,CG1,VAL,158.0,67.263,0.733,46.026,-0.27,2.06,31.17
ATOM,2134.0,CG2,VAL,158.0,67.157,3.137,45.34,-0.27,2.06,25.02
ATOM,2135.0,H,VAL,158.0,68.599,2.735,42.564,0.31,0.2245,0.0
ATOM,2136.0,HA,VAL,158.0,69.572,1.968,45.237,0.09,1.32,5.93
ATOM,2137.0,HB,VAL,158.0,66.967,1.47,44.128,0.09,1.32,0.46
ATOM,2138.0,HG11,VAL,158.0,66.283,0.691,46.198,0.09,1.32,11.0
ATOM,2139.0,HG12,VAL,158.0,67.599,-0.16,45.741,0.09,1.32,2.32
ATOM,2140.0,HG13,VAL,158.0,67.742,1.033,46.846,0.09,1.32,9.33
ATOM,2141.0,HG21,VAL,158.0,67.83,3.797,44.997,0.09,1.32,1.27
ATOM,2142.0,HG22,VAL,158.0,66.25,3.377,44.985,0.09,1.32,4.07
ATOM,2143.0,HG23,VAL,158.0,67.139,3.177,46.342,0.09,1.32,7.8
ATOM,2144.0,N,THR,159.0,68.965,-0.259,42.973,-0.47,1.85,0.0
ATOM,2145.0,CA,THR,159.0,69.152,-1.695,42.649,0.07,2.275,0.83
ATOM,2146.0,C,THR,159.0,70.553,-2.041,42.147,0.51,2.0,0.14
ATOM,2147.0,O,THR,159.0,70.973,-3.21,42.211,-0.51,1.7,14.63
ATOM,2148.0,CB,THR,159.0,68.181,-2.172,41.555,0.14,2.275,2.06
ATOM,2149.0,OG1,THR,159.0,68.464,-1.505,40.317,-0.66,1.77,1.74
ATOM,2150.0,CG2,THR,159.0,66.749,-1.853,41.882,-0.27,2.06,13.75
ATOM,2151.0,H,THR,159.0,68.543,0.414,42.322,0.31,0.2245,0.0
ATOM,2152.0,HA,THR,159.0,68.973,-2.228,43.496,0.09,1.32,8.06
ATOM,2153.0,HB,THR,159.0,68.313,-3.176,41.412,0.09,1.32,1.11
ATOM,2154.0,HG21,THR,159.0,66.7,-1.25,42.685,0.09,1.32,0.04
ATOM,2155.0,HG22,THR,159.0,66.308,-1.39,41.106,0.09,1.32,0.0
ATOM,2156.0,HG23,THR,159.0,66.24,-2.697,42.083,0.09,1.32,6.22
ATOM,2157.0,HG1,THR,159.0,68.337,-0.513,40.418,0.43,0.2245,0.0
ATOM,2158.0,N,ASN,160.0,71.238,-1.051,41.596,-0.47,1.85,0.0
ATOM,2159.0,CA,ASN,160.0,72.468,-1.254,40.83,0.07,2.275,0.26
ATOM,2160.0,C,ASN,160.0,72.302,-2.221,39.647,0.51,2.0,0.0
ATOM,2161.0,O,ASN,160.0,73.284,-2.753,39.149,-0.51,1.7,9.28
ATOM,2162.0,CB,ASN,160.0,73.629,-1.731,41.738,-0.18,2.175,12.4
ATOM,2163.0,CG,ASN,160.0,74.983,-1.45,41.126,0.55,2.0,2.07
ATOM,2164.0,H,ASN,160.0,70.824,-0.099,41.754,0.31,0.2245,0.0
ATOM,2165.0,HA,ASN,160.0,72.727,-0.355,40.437,0.09,1.32,0.0
ATOM,2166.0,HB2,ASN,160.0,73.557,-1.249,42.603,0.09,1.32,8.07
ATOM,2167.0,HB3,ASN,160.0,73.529,-2.71,41.871,0.09,1.32,3.68
ATOM,2168.0,OD1,ASN,160.0,75.207,-0.382,40.553,-0.55,1.7,17.46
ATOM,2169.0,ND2,ASN,160.0,75.897,-2.419,41.228,-0.62,1.85,23.94
ATOM,2170.0,HD22,ASN,160.0,75.658,-3.275,41.687,0.3,0.2245,16.7
ATOM,2171.0,HD21,ASN,160.0,76.808,-2.288,40.848,0.32,0.2245,21.54
ATOM,2172.0,N,GLU,161.0,71.075,-2.433,39.191,-0.47,1.85,0.0
ATOM,2173.0,CA,GLU,161.0,70.797,-3.348,38.082,0.07,2.275,0.0
ATOM,2174.0,C,GLU,161.0,70.79,-2.57,36.756,0.51,2.0,0.0
ATOM,2175.0,O,GLU,161.0,69.754,-2.459,36.088,-0.51,1.7,0.54
ATOM,2176.0,CB,GLU,161.0,69.48,-4.082,38.302,-0.18,2.175,4.32
ATOM,2177.0,CG,GLU,161.0,69.48,-5.004,39.531,-0.28,2.175,7.32
ATOM,2178.0,CD,GLU,161.0,70.511,-6.119,39.467,0.62,2.0,4.07
ATOM,2179.0,OE1,GLU,161.0,71.317,-6.173,38.503,-0.76,1.7,28.22
ATOM,2180.0,OE2,GLU,161.0,70.512,-6.982,40.388,-0.76,1.7,45.64
ATOM,2181.0,H,GLU,161.0,70.328,-1.897,39.684,0.31,0.2245,0.0
ATOM,2182.0,HA,GLU,161.0,71.499,-4.059,38.044,0.09,1.32,0.52
ATOM,2183.0,HB2,GLU,161.0,68.776,-3.412,38.443,0.09,1.32,2.43
ATOM,2184.0,HB3,GLU,161.0,69.308,-4.646,37.517,0.09,1.32,0.0
ATOM,2185.0,HG2,GLU,161.0,69.683,-4.452,40.322,0.09,1.32,0.0
ATOM,2186.0,HG3,GLU,161.0,68.59,-5.423,39.596,0.09,1.32,10.31
ATOM,2187.0,N,TRP,162.0,71.961,-2.054,36.394,-0.47,1.85,0.0
ATOM,2188.0,CA,TRP,162.0,72.064,-1.123,35.265,0.07,2.275,0.0
ATOM,2189.0,C,TRP,162.0,71.844,-1.818,33.934,0.51,2.0,0.0
ATOM,2190.0,O,TRP,162.0,71.226,-1.263,33.033,-0.51,1.7,0.0
ATOM,2191.0,CB,TRP,162.0,73.415,-0.401,35.296,-0.18,2.175,11.03
ATOM,2192.0,CG,TRP,162.0,73.465,0.6,36.36,-0.03,1.9924,1.05
ATOM,2193.0,CD1,TRP,162.0,74.039,0.476,37.6,0.035,1.9924,9.99
ATOM,2194.0,CD2,TRP,162.0,72.838,1.887,36.34,-0.02,1.8,1.73
ATOM,2195.0,NE1,TRP,162.0,73.839,1.623,38.333,-0.61,1.85,6.08
ATOM,2196.0,CE2,TRP,162.0,73.103,2.504,37.591,0.13,1.8,1.54
ATOM,2197.0,CE3,TRP,162.0,72.094,2.592,35.389,-0.115,1.9924,5.21
ATOM,2198.0,CZ2,TRP,162.0,72.662,3.783,37.9,-0.115,1.9924,10.02
ATOM,2199.0,CZ3,TRP,162.0,71.663,3.87,35.7,-0.115,1.9924,4.29
ATOM,2200.0,CH2,TRP,162.0,71.957,4.449,36.947,-0.115,1.9924,9.34
ATOM,2201.0,H,TRP,162.0,72.771,-2.356,36.96,0.31,0.2245,1.65
ATOM,2202.0,HA,TRP,162.0,71.336,-0.432,35.376,0.09,1.32,0.0
ATOM,2203.0,HB2,TRP,162.0,74.122,-1.071,35.462,0.09,1.32,6.25
ATOM,2204.0,HB3,TRP,162.0,73.544,0.055,34.429,0.09,1.32,1.27
ATOM,2205.0,HD1,TRP,162.0,74.53,-0.329,37.924,0.115,1.3582,3.64
ATOM,2206.0,HE1,TRP,162.0,74.178,1.785,39.26,0.38,0.2245,7.78
ATOM,2207.0,HE3,TRP,162.0,71.877,2.188,34.505,0.115,1.3582,0.0
ATOM,2208.0,HZ2,TRP,162.0,72.865,4.186,38.8,0.115,1.3582,3.06
ATOM,2209.0,HZ3,TRP,162.0,71.138,4.384,35.031,0.115,1.3582,0.0
ATOM,2210.0,HH2,TRP,162.0,71.63,5.383,37.123,0.115,1.3582,3.05
ATOM,2211.0,N,GLU,163.0,72.296,-3.064,33.797,-0.47,1.85,0.0
ATOM,2212.0,CA,GLU,163.0,72.059,-3.784,32.538,0.07,2.275,0.0
ATOM,2213.0,C,GLU,163.0,70.572,-4.024,32.312,0.51,2.0,0.0
ATOM,2214.0,O,GLU,163.0,70.057,-3.855,31.185,-0.51,1.7,0.0
ATOM,2215.0,CB,GLU,163.0,72.848,-5.117,32.521,-0.18,2.175,13.01
ATOM,2216.0,CG,GLU,163.0,74.356,-4.924,32.447,-0.28,2.175,19.81
ATOM,2217.0,CD,GLU,163.0,74.854,-4.356,31.114,0.62,2.0,0.54
ATOM,2218.0,OE1,GLU,163.0,74.439,-4.84,30.046,-0.76,1.7,0.33
ATOM,2219.0,OE2,GLU,163.0,75.68,-3.427,31.121,-0.76,1.7,18.35
ATOM,2220.0,H,GLU,163.0,72.794,-3.453,34.598,0.31,0.2245,3.25
ATOM,2221.0,HA,GLU,163.0,72.435,-3.249,31.772,0.09,1.32,0.0
ATOM,2222.0,HB2,GLU,163.0,72.644,-5.587,33.356,0.09,1.32,7.56
ATOM,2223.0,HB3,GLU,163.0,72.567,-5.612,31.725,0.09,1.32,0.42
ATOM,2224.0,HG2,GLU,163.0,74.623,-4.287,33.152,0.09,1.32,4.03
ATOM,2225.0,HG3,GLU,163.0,74.79,-5.802,32.569,0.09,1.32,11.24
ATOM,2226.0,N,ALA,164.0,69.862,-4.386,33.374,-0.47,1.85,0.62
ATOM,2227.0,CA,ALA,164.0,68.453,-4.647,33.275,0.07,2.275,3.89
ATOM,2228.0,C,ALA,164.0,67.726,-3.326,32.973,0.51,2.0,0.29
ATOM,2229.0,O,ALA,164.0,66.789,-3.277,32.167,-0.51,1.7,4.03
ATOM,2230.0,CB,ALA,164.0,67.942,-5.275,34.573,-0.27,2.06,29.62
ATOM,2231.0,H,ALA,164.0,70.409,-4.459,34.255,0.31,0.2245,0.52
ATOM,2232.0,HA,ALA,164.0,68.278,-5.276,32.518,0.09,1.32,4.73
ATOM,2233.0,HB1,ALA,164.0,68.612,-5.936,34.906,0.09,1.32,7.28
ATOM,2234.0,HB2,ALA,164.0,67.809,-4.559,35.256,0.09,1.32,1.93
ATOM,2235.0,HB3,ALA,164.0,67.074,-5.736,34.397,0.09,1.32,11.6
ATOM,2236.0,N,PHE,165.0,68.168,-2.266,33.633,-0.47,1.85,0.36
ATOM,2237.0,CA,PHE,165.0,67.58,-0.943,33.422,0.07,2.275,2.39
ATOM,2238.0,C,PHE,165.0,67.675,-0.466,31.974,0.51,2.0,0.0
ATOM,2239.0,O,PHE,165.0,66.672,0.024,31.381,-0.51,1.7,0.0
ATOM,2240.0,CB,PHE,165.0,68.217,0.091,34.335,-0.18,2.175,0.34
ATOM,2241.0,CG,PHE,165.0,67.622,1.49,34.165,0.0,1.9924,0.0
ATOM,2242.0,CD1,PHE,165.0,66.502,1.876,34.887,-0.115,1.9924,1.53
ATOM,2243.0,CD2,PHE,165.0,68.138,2.365,33.227,-0.115,1.9924,0.0
ATOM,2244.0,CE1,PHE,165.0,65.922,3.147,34.705,-0.115,1.9924,0.0
ATOM,2245.0,CE2,PHE,165.0,67.578,3.63,33.058,-0.115,1.9924,0.0
ATOM,2246.0,CZ,PHE,165.0,66.475,4.004,33.761,-0.115,1.9924,0.0
ATOM,2247.0,H,PHE,165.0,68.944,-2.447,34.293,0.31,0.2245,0.0
ATOM,2248.0,HA,PHE,165.0,66.593,-1.023,33.638,0.09,1.32,3.43
ATOM,2249.0,HB2,PHE,165.0,68.065,-0.179,35.269,0.09,1.32,2.1
ATOM,2250.0,HB3,PHE,165.0,69.175,0.154,34.118,0.09,1.32,0.0
ATOM,2251.0,HD1,PHE,165.0,66.092,1.256,35.548,0.115,1.3582,3.56
ATOM,2252.0,HD2,PHE,165.0,68.917,2.094,32.665,0.115,1.3582,0.0
ATOM,2253.0,HE1,PHE,165.0,65.132,3.411,35.248,0.115,1.3582,0.0
ATOM,2254.0,HE2,PHE,165.0,68.016,4.27,32.391,0.115,1.3582,0.0
ATOM,2255.0,HZ,PHE,165.0,66.046,4.902,33.609,0.115,1.3582,0.0
ATOM,2256.0,N,MET,166.0,68.869,-0.587,31.406,-0.47,1.85,0.0
ATOM,2257.0,CA,MET,166.0,69.1,-0.152,30.024,0.07,2.275,0.0
ATOM,2258.0,C,MET,166.0,68.287,-0.993,29.029,0.51,2.0,0.0
ATOM,2259.0,O,MET,166.0,67.764,-0.494,28.05,-0.51,1.7,0.0
ATOM,2260.0,CB,MET,166.0,70.584,-0.189,29.705,-0.18,2.175,0.0
ATOM,2261.0,CG,MET,166.0,71.42,0.84,30.522,-0.14,2.175,0.0
ATOM,2262.0,SD,MET,166.0,73.107,0.916,29.906,-0.09,2.0,1.86
ATOM,2263.0,CE,MET,166.0,73.819,-0.555,30.548,-0.22,2.06,8.65
ATOM,2264.0,H,MET,166.0,69.603,-1.002,32.003,0.31,0.2245,0.0
ATOM,2265.0,HA,MET,166.0,68.795,0.803,29.941,0.09,1.32,0.0
ATOM,2266.0,HB2,MET,166.0,70.953,-1.101,29.905,0.09,1.32,0.0
ATOM,2267.0,HB3,MET,166.0,70.729,0.013,28.732,0.09,1.32,0.0
ATOM,2268.0,HG2,MET,166.0,70.958,1.738,30.452,0.09,1.32,0.0
ATOM,2269.0,HG3,MET,166.0,71.392,0.559,31.495,0.09,1.32,0.0
ATOM,2270.0,HE1,MET,166.0,73.606,-0.653,31.527,0.09,1.32,0.0
ATOM,2271.0,HE2,MET,166.0,73.461,-1.362,30.063,0.09,1.32,0.0
ATOM,2272.0,HE3,MET,166.0,74.82,-0.539,30.441,0.09,1.32,7.28
ATOM,2273.0,N,ALA,167.0,68.182,-2.301,29.261,-0.47,1.85,0.0
ATOM,2274.0,CA,ALA,167.0,67.323,-3.103,28.403,0.07,2.275,0.67
ATOM,2275.0,C,ALA,167.0,65.848,-2.657,28.479,0.51,2.0,0.19
ATOM,2276.0,O,ALA,167.0,65.169,-2.591,27.459,-0.51,1.7,0.92
ATOM,2277.0,CB,ALA,167.0,67.475,-4.61,28.739,-0.27,2.06,26.01
ATOM,2278.0,H,ALA,167.0,68.725,-2.662,30.045,0.31,0.2245,0.0
ATOM,2279.0,HA,ALA,167.0,67.629,-3.006,27.445,0.09,1.32,1.64
ATOM,2280.0,HB1,ALA,167.0,68.242,-4.977,28.222,0.09,1.32,2.31
ATOM,2281.0,HB2,ALA,167.0,67.643,-4.704,29.715,0.09,1.32,0.0
ATOM,2282.0,HB3,ALA,167.0,66.635,-5.08,28.488,0.09,1.32,9.06
ATOM,2283.0,N,LYS,168.0,65.339,-2.356,29.666,-0.47,1.85,0.68
ATOM,2284.0,CA,LYS,168.0,63.952,-1.915,29.821,0.07,2.275,1.94
ATOM,2285.0,C,LYS,168.0,63.766,-0.577,29.117,0.51,2.0,0.0
ATOM,2286.0,O,LYS,168.0,62.764,-0.354,28.43,-0.51,1.7,0.0
ATOM,2287.0,CB,LYS,168.0,63.611,-1.786,31.311,-0.18,2.175,2.77
ATOM,2288.0,CG,LYS,168.0,62.154,-1.335,31.659,-0.18,2.175,2.7
ATOM,2289.0,CD,LYS,168.0,61.04,-2.243,31.142,-0.18,2.175,1.49
ATOM,2290.0,CE,LYS,168.0,60.917,-3.522,31.934,0.21,2.175,17.7
ATOM,2291.0,NZ,LYS,168.0,59.735,-4.314,31.428,-0.3,1.85,8.16
ATOM,2292.0,H,LYS,168.0,65.996,-2.458,30.464,0.31,0.2245,0.0
ATOM,2293.0,HA,LYS,168.0,63.348,-2.591,29.397,0.09,1.32,1.78
ATOM,2294.0,HB2,LYS,168.0,63.757,-2.677,31.752,0.09,1.32,2.91
ATOM,2295.0,HB3,LYS,168.0,64.235,-1.116,31.725,0.09,1.32,0.0
ATOM,2296.0,HG2,LYS,168.0,62.085,-1.269,32.668,0.09,1.32,9.35
ATOM,2297.0,HG3,LYS,168.0,62.022,-0.403,31.285,0.09,1.32,0.0
ATOM,2298.0,HD2,LYS,168.0,60.175,-1.744,31.196,0.09,1.32,0.05
ATOM,2299.0,HD3,LYS,168.0,61.234,-2.471,30.188,0.09,1.32,0.01
ATOM,2300.0,HE2,LYS,168.0,61.738,-4.068,31.818,0.05,1.32,6.86
ATOM,2301.0,HE3,LYS,168.0,60.77,-3.31,32.893,0.05,1.32,10.05
ATOM,2302.0,HZ1,LYS,168.0,59.686,-4.22,30.438,0.33,0.2245,5.22
ATOM,2303.0,HZ2,LYS,168.0,59.86,-5.271,31.676,0.33,0.2245,20.63
ATOM,2304.0,HZ3,LYS,168.0,58.906,-3.956,31.848,0.33,0.2245,1.22
ATOM,2305.0,N,SER,169.0,64.753,0.295,29.25,-0.47,1.85,0.0
ATOM,2306.0,CA,SER,169.0,64.634,1.618,28.666,0.07,2.275,0.0
ATOM,2307.0,C,SER,169.0,64.556,1.49,27.145,0.51,2.0,0.0
ATOM,2308.0,O,SER,169.0,63.678,2.074,26.499,-0.51,1.7,0.0
ATOM,2309.0,CB,SER,169.0,65.809,2.468,29.092,0.05,2.175,0.0
ATOM,2310.0,OG,SER,169.0,65.521,3.825,28.923,-0.66,1.77,0.0
ATOM,2311.0,H,SER,169.0,65.571,-0.034,29.779,0.31,0.2245,0.0
ATOM,2312.0,HA,SER,169.0,63.778,2.028,28.981,0.09,1.32,0.0
ATOM,2313.0,HB2,SER,169.0,66.006,2.29,30.054,0.09,1.32,0.0
ATOM,2314.0,HB3,SER,169.0,66.601,2.228,28.535,0.09,1.32,0.0
ATOM,2315.0,HG,SER,169.0,66.102,4.377,29.526,0.43,0.2245,0.0
ATOM,2316.0,N,ALA,170.0,65.399,0.647,26.562,-0.47,1.85,0.0
ATOM,2317.0,CA,ALA,170.0,65.367,0.446,25.103,0.07,2.275,0.0
ATOM,2318.0,C,ALA,170.0,64.125,-0.269,24.605,0.51,2.0,0.0
ATOM,2319.0,O,ALA,170.0,63.803,-0.191,23.434,-0.51,1.7,0.1
ATOM,2320.0,CB,ALA,170.0,66.617,-0.262,24.648,-0.27,2.06,1.02
ATOM,2321.0,H,ALA,170.0,66.054,0.162,27.189,0.31,0.2245,0.0
ATOM,2322.0,HA,ALA,170.0,65.419,1.361,24.658,0.09,1.32,0.0
ATOM,2323.0,HB1,ALA,170.0,66.675,-1.164,25.08,0.09,1.32,0.81
ATOM,2324.0,HB2,ALA,170.0,66.601,-0.377,23.653,0.09,1.32,0.65
ATOM,2325.0,HB3,ALA,170.0,67.425,0.274,24.902,0.09,1.32,0.0
ATOM,2326.0,N,SER,171.0,63.415,-0.971,25.485,-0.47,1.85,0.0
ATOM,2327.0,CA,SER,171.0,62.158,-1.625,25.083,0.07,2.275,0.0
ATOM,2328.0,C,SER,171.0,61.115,-0.59,24.649,0.51,2.0,0.0
ATOM,2329.0,O,SER,171.0,60.173,-0.906,23.912,-0.51,1.7,0.88
ATOM,2330.0,CB,SER,171.0,61.634,-2.577,26.177,0.05,2.175,7.37
ATOM,2331.0,OG,SER,171.0,60.977,-1.914,27.265,-0.66,1.77,0.0
ATOM,2332.0,H,SER,171.0,63.803,-1.017,26.436,0.31,0.2245,0.0
ATOM,2333.0,HA,SER,171.0,62.356,-2.214,24.294,0.09,1.32,0.0
ATOM,2334.0,HB2,SER,171.0,60.985,-3.22,25.758,0.09,1.32,5.45
ATOM,2335.0,HB3,SER,171.0,62.411,-3.099,26.545,0.09,1.32,0.84
ATOM,2336.0,HG,SER,171.0,61.629,-1.314,27.721,0.43,0.2245,0.0
ATOM,2337.0,N,PHE,172.0,61.294,0.664,25.087,-0.47,1.85,0.0
ATOM,2338.0,CA,PHE,172.0,60.472,1.773,24.616,0.07,2.275,0.0
ATOM,2339.0,C,PHE,172.0,60.398,1.819,23.084,0.51,2.0,0.0
ATOM,2340.0,O,PHE,172.0,59.334,2.079,22.544,-0.51,1.7,0.0
ATOM,2341.0,CB,PHE,172.0,61.01,3.052,25.26,-0.18,2.175,0.0
ATOM,2342.0,CG,PHE,172.0,60.621,4.357,24.606,0.0,1.9924,0.0
ATOM,2343.0,CD1,PHE,172.0,59.536,5.077,25.028,-0.115,1.9924,0.0
ATOM,2344.0,CD2,PHE,172.0,61.457,4.903,23.634,-0.115,1.9924,0.0
ATOM,2345.0,CE1,PHE,172.0,59.275,6.339,24.481,-0.115,1.9924,0.0
ATOM,2346.0,CE2,PHE,172.0,61.207,6.107,23.067,-0.115,1.9924,0.0
ATOM,2347.0,CZ,PHE,172.0,60.116,6.833,23.473,-0.115,1.9924,0.0
ATOM,2348.0,H,PHE,172.0,62.06,0.771,25.782,0.31,0.2245,0.0
ATOM,2349.0,HA,PHE,172.0,59.533,1.606,24.943,0.09,1.32,0.0
ATOM,2350.0,HB2,PHE,172.0,60.682,3.078,26.205,0.09,1.32,0.0
ATOM,2351.0,HB3,PHE,172.0,62.009,2.998,25.255,0.09,1.32,0.0
ATOM,2352.0,HD1,PHE,172.0,58.923,4.721,25.723,0.115,1.3582,0.0
ATOM,2353.0,HD2,PHE,172.0,62.273,4.37,23.355,0.115,1.3582,0.0
ATOM,2354.0,HE1,PHE,172.0,58.5,6.874,24.806,0.115,1.3582,0.0
ATOM,2355.0,HE2,PHE,172.0,61.823,6.473,22.343,0.115,1.3582,0.0
ATOM,2356.0,HZ,PHE,172.0,59.905,7.721,23.059,0.115,1.3582,0.0
ATOM,2357.0,N,TYR,173.0,61.499,1.576,22.374,-0.47,1.85,0.0
ATOM,2358.0,CA,TYR,173.0,61.473,1.733,20.918,0.07,2.275,0.0
ATOM,2359.0,C,TYR,173.0,60.557,0.736,20.231,0.51,2.0,0.0
ATOM,2360.0,O,TYR,173.0,60.044,1.016,19.148,-0.51,1.7,12.52
ATOM,2361.0,CB,TYR,173.0,62.853,1.621,20.286,-0.18,2.175,0.0
ATOM,2362.0,CG,TYR,173.0,63.943,2.448,20.94,0.0,1.9924,0.0
ATOM,2363.0,CD1,TYR,173.0,63.816,3.831,21.091,-0.115,1.9924,0.0
ATOM,2364.0,CD2,TYR,173.0,65.109,1.861,21.401,-0.115,1.9924,0.0
ATOM,2365.0,CE1,TYR,173.0,64.811,4.574,21.683,-0.115,1.9924,0.0
ATOM,2366.0,CE2,TYR,173.0,66.099,2.606,22.015,-0.115,1.9924,0.0
ATOM,2367.0,CZ,TYR,173.0,65.952,3.954,22.154,0.11,1.9924,0.0
ATOM,2368.0,OH,TYR,173.0,66.976,4.64,22.755,-0.54,1.77,0.0
ATOM,2369.0,H,TYR,173.0,62.321,1.285,22.909,0.31,0.2245,0.0
ATOM,2370.0,HA,TYR,173.0,61.137,2.668,20.711,0.09,1.32,0.0
ATOM,2371.0,HB2,TYR,173.0,63.138,0.658,20.315,0.09,1.32,0.0
ATOM,2372.0,HB3,TYR,173.0,62.786,1.908,19.325,0.09,1.32,0.0
ATOM,2373.0,HD1,TYR,173.0,62.985,4.284,20.76,0.115,1.3582,0.0
ATOM,2374.0,HD2,TYR,173.0,65.239,0.873,21.288,0.115,1.3582,2.13
ATOM,2375.0,HE1,TYR,173.0,64.71,5.572,21.776,0.115,1.3582,0.0
ATOM,2376.0,HE2,TYR,173.0,66.927,2.146,22.357,0.115,1.3582,0.0
ATOM,2377.0,HH,TYR,173.0,67.732,4.013,22.936,0.43,0.2245,0.0
ATOM,2378.0,N,ARG,174.0,60.412,-0.428,20.853,-0.47,1.85,0.0
ATOM,2379.0,CA,ARG,174.0,59.63,-1.532,20.31,0.07,2.275,2.61
ATOM,2380.0,C,ARG,174.0,58.159,-1.528,20.676,0.51,2.0,1.57
ATOM,2381.0,O,ARG,174.0,57.43,-2.437,20.284,-0.51,1.7,22.3
ATOM,2382.0,CB,ARG,174.0,60.175,-2.872,20.812,-0.18,2.175,4.48
ATOM,2383.0,CG,ARG,174.0,61.609,-3.08,20.69,-0.18,2.175,0.06
ATOM,2384.0,CD,ARG,174.0,61.995,-4.564,20.766,0.2,2.175,8.11
ATOM,2385.0,NE,ARG,174.0,61.879,-5.102,22.122,-0.7,1.85,4.4
ATOM,2386.0,CZ,ARG,174.0,62.794,-4.96,23.092,0.64,2.0,0.71
ATOM,2387.0,NH1,ARG,174.0,63.941,-4.29,22.887,-0.8,1.85,0.11
ATOM,2388.0,NH2,ARG,174.0,62.568,-5.518,24.285,-0.8,1.85,14.44
ATOM,2389.0,H,ARG,174.0,60.911,-0.486,21.775,0.31,0.2245,0.0
ATOM,2390.0,HA,ARG,174.0,59.71,-1.51,19.287,0.09,1.32,7.87
ATOM,2391.0,HB2,ARG,174.0,59.903,-2.952,21.786,0.09,1.32,2.67
ATOM,2392.0,HB3,ARG,174.0,59.684,-3.598,20.302,0.09,1.32,6.4
ATOM,2393.0,HG2,ARG,174.0,61.955,-2.738,19.809,0.09,1.32,0.0
ATOM,2394.0,HG3,ARG,174.0,62.11,-2.615,21.429,0.09,1.32,0.0
ATOM,2395.0,HD2,ARG,174.0,61.388,-5.067,20.157,0.09,1.32,8.53
ATOM,2396.0,HD3,ARG,174.0,62.938,-4.648,20.455,0.09,1.32,0.0
ATOM,2397.0,HE,ARG,174.0,61.043,-5.624,22.35,0.44,0.2245,13.74
ATOM,2398.0,HH11,ARG,174.0,64.107,-3.871,21.997,0.46,0.2245,1.8
ATOM,2399.0,HH12,ARG,174.0,64.609,-4.217,23.619,0.46,0.2245,3.47
ATOM,2400.0,HH21,ARG,174.0,61.717,-6.015,24.449,0.46,0.2245,16.63
ATOM,2401.0,HH22,ARG,174.0,63.25,-5.435,25.009,0.46,0.2245,9.85
ATOM,2402.0,N,SER,175.0,57.71,-0.56,21.445,-0.47,1.85,0.0
ATOM,2403.0,CA,SER,175.0,56.334,-0.523,21.939,0.07,2.275,1.77
ATOM,2404.0,C,SER,175.0,55.52,0.436,21.104,0.51,2.0,0.33
ATOM,2405.0,O,SER,175.0,55.788,1.654,21.086,-0.51,1.7,0.0
ATOM,2406.0,CB,SER,175.0,56.33,-0.057,23.39,0.05,2.175,2.28
ATOM,2407.0,OG,SER,175.0,55.028,0.22,23.859,-0.66,1.77,0.03
ATOM,2408.0,H,SER,175.0,58.412,0.18,21.676,0.31,0.2245,0.0
ATOM,2409.0,HA,SER,175.0,55.945,-1.441,21.835,0.09,1.32,4.4
ATOM,2410.0,HB2,SER,175.0,56.735,-0.774,23.96,0.09,1.32,2.02
ATOM,2411.0,HB3,SER,175.0,56.885,0.774,23.462,0.09,1.32,0.0
ATOM,2412.0,HG,SER,175.0,54.4,-0.493,23.547,0.43,0.2245,7.97
ATOM,2413.0,N,GLU,176.0,54.491,-0.081,20.439,-0.47,1.85,0.0
ATOM,2414.0,CA,GLU,176.0,53.635,0.793,19.634,0.07,2.275,0.66
ATOM,2415.0,C,GLU,176.0,52.907,1.816,20.468,0.51,2.0,0.0
ATOM,2416.0,O,GLU,176.0,52.831,2.998,20.07,-0.51,1.7,0.0
ATOM,2417.0,CB,GLU,176.0,52.68,-0.02,18.731,-0.18,2.175,6.98
ATOM,2418.0,CG,GLU,176.0,53.483,-0.763,17.663,-0.28,2.175,14.51
ATOM,2419.0,CD,GLU,176.0,52.672,-1.381,16.515,0.62,2.0,6.52
ATOM,2420.0,OE1,GLU,176.0,53.264,-2.254,15.803,-0.76,1.7,45.68
ATOM,2421.0,OE2,GLU,176.0,51.474,-1.018,16.313,-0.76,1.7,39.45
ATOM,2422.0,H,GLU,176.0,54.357,-1.091,20.534,0.31,0.2245,6.51
ATOM,2423.0,HA,GLU,176.0,54.203,1.261,18.935,0.09,1.32,1.74
ATOM,2424.0,HB2,GLU,176.0,52.242,-0.678,19.285,0.09,1.32,7.58
ATOM,2425.0,HB3,GLU,176.0,52.096,0.604,18.284,0.09,1.32,0.86
ATOM,2426.0,HG2,GLU,176.0,54.122,-0.121,17.254,0.09,1.32,8.85
ATOM,2427.0,HG3,GLU,176.0,53.974,-1.506,18.104,0.09,1.32,4.67
ATOM,2428.0,N,LYS,177.0,52.416,1.411,21.638,-0.47,1.85,1.43
ATOM,2429.0,CA,LYS,177.0,51.776,2.345,22.556,0.07,2.275,0.62
ATOM,2430.0,C,LYS,177.0,52.744,3.45,23.015,0.51,2.0,0.0
ATOM,2431.0,O,LYS,177.0,52.384,4.636,23.047,-0.51,1.7,0.0
ATOM,2432.0,CB,LYS,177.0,51.207,1.607,23.769,-0.18,2.175,7.53
ATOM,2433.0,CG,LYS,177.0,50.655,2.516,24.871,-0.18,2.175,1.57
ATOM,2434.0,CD,LYS,177.0,49.412,3.304,24.475,-0.18,2.175,1.61
ATOM,2435.0,CE,LYS,177.0,48.711,3.859,25.708,0.21,2.175,8.1
ATOM,2436.0,NZ,LYS,177.0,47.634,4.846,25.393,-0.3,1.85,7.9
ATOM,2437.0,H,LYS,177.0,52.527,0.399,21.832,0.31,0.2245,3.84
ATOM,2438.0,HA,LYS,177.0,50.995,2.783,22.09,0.09,1.32,0.0
ATOM,2439.0,HB2,LYS,177.0,50.465,1.014,23.457,0.09,1.32,10.15
ATOM,2440.0,HB3,LYS,177.0,51.935,1.047,24.166,0.09,1.32,0.01
ATOM,2441.0,HG2,LYS,177.0,50.434,1.946,25.677,0.09,1.32,1.97
ATOM,2442.0,HG3,LYS,177.0,51.378,3.168,25.144,0.09,1.32,0.0
ATOM,2443.0,HD2,LYS,177.0,49.683,4.062,23.897,0.09,1.32,0.0
ATOM,2444.0,HD3,LYS,177.0,48.786,2.701,24.0,0.09,1.32,7.72
ATOM,2445.0,HE2,LYS,177.0,48.309,3.091,26.227,0.05,1.32,11.64
ATOM,2446.0,HE3,LYS,177.0,49.398,4.304,26.301,0.05,1.32,0.0
ATOM,2447.0,HZ1,LYS,177.0,47.072,4.99,26.206,0.33,0.2245,17.41
ATOM,2448.0,HZ2,LYS,177.0,48.051,5.709,25.114,0.33,0.2245,0.0
ATOM,2449.0,HZ3,LYS,177.0,47.068,4.489,24.651,0.33,0.2245,15.48
ATOM,2450.0,N,ALA,178.0,53.958,3.066,23.385,-0.47,1.85,0.0
ATOM,2451.0,CA,ALA,178.0,54.938,4.059,23.832,0.07,2.275,0.0
ATOM,2452.0,C,ALA,178.0,55.235,5.051,22.717,0.51,2.0,0.0
ATOM,2453.0,O,ALA,178.0,55.277,6.259,22.959,-0.51,1.7,0.0
ATOM,2454.0,CB,ALA,178.0,56.234,3.404,24.368,-0.27,2.06,0.0
ATOM,2455.0,H,ALA,178.0,54.145,2.058,23.334,0.31,0.2245,0.0
ATOM,2456.0,HA,ALA,178.0,54.555,4.558,24.616,0.09,1.32,0.0
ATOM,2457.0,HB1,ALA,178.0,56.785,3.104,23.596,0.09,1.32,0.0
ATOM,2458.0,HB2,ALA,178.0,56.735,4.076,24.905,0.09,1.32,0.0
ATOM,2459.0,HB3,ALA,178.0,55.989,2.625,24.937,0.09,1.32,0.0
ATOM,2460.0,N,GLN,179.0,55.357,4.579,21.482,-0.47,1.85,0.0
ATOM,2461.0,CA,GLN,179.0,55.63,5.492,20.371,0.07,2.275,0.0
ATOM,2462.0,C,GLN,179.0,54.481,6.424,20.059,0.51,2.0,0.0
ATOM,2463.0,O,GLN,179.0,54.687,7.605,19.753,-0.51,1.7,0.0
ATOM,2464.0,CB,GLN,179.0,56.105,4.758,19.106,-0.18,2.175,2.56
ATOM,2465.0,CG,GLN,179.0,57.444,4.05,19.285,-0.18,2.175,4.99
ATOM,2466.0,CD,GLN,179.0,58.518,4.967,19.879,0.55,2.0,0.0
ATOM,2467.0,H,GLN,179.0,55.248,3.563,21.378,0.31,0.2245,0.0
ATOM,2468.0,HA,GLN,179.0,56.433,6.06,20.633,0.09,1.32,0.0
ATOM,2469.0,HB2,GLN,179.0,55.422,4.075,18.858,0.09,1.32,0.2
ATOM,2470.0,HB3,GLN,179.0,56.201,5.424,18.368,0.09,1.32,0.09
ATOM,2471.0,HG2,GLN,179.0,57.319,3.275,19.9,0.09,1.32,0.0
ATOM,2472.0,HG3,GLN,179.0,57.761,3.731,18.395,0.09,1.32,9.03
ATOM,2473.0,OE1,GLN,179.0,58.778,6.029,19.307,-0.55,1.7,4.23
ATOM,2474.0,NE2,GLN,179.0,59.119,4.58,21.006,-0.62,1.85,0.0
ATOM,2475.0,HE21,GLN,179.0,59.836,5.13,21.431,0.32,0.2245,0.0
ATOM,2476.0,HE22,GLN,179.0,58.822,3.695,21.429,0.3,0.2245,0.0
ATOM,2477.0,N,GLN,180.0,53.255,5.908,20.14,-0.47,1.85,0.0
ATOM,2478.0,CA,GLN,180.0,52.068,6.749,20.008,0.07,2.275,1.0
ATOM,2479.0,C,GLN,180.0,52.087,7.865,21.037,0.51,2.0,0.0
ATOM,2480.0,O,GLN,180.0,51.803,9.035,20.724,-0.51,1.7,0.61
ATOM,2481.0,CB,GLN,180.0,50.803,5.907,20.215,-0.18,2.175,0.72
ATOM,2482.0,CG,GLN,180.0,50.436,5.007,19.047,-0.18,2.175,3.53
ATOM,2483.0,CD,GLN,180.0,49.385,3.945,19.414,0.55,2.0,2.27
ATOM,2484.0,H,GLN,180.0,53.22,4.886,20.3,0.31,0.2245,0.0
ATOM,2485.0,HA,GLN,180.0,52.087,7.169,19.094,0.09,1.32,0.04
ATOM,2486.0,HB2,GLN,180.0,50.934,5.328,21.026,0.09,1.32,0.0
ATOM,2487.0,HB3,GLN,180.0,50.03,6.528,20.386,0.09,1.32,0.21
ATOM,2488.0,HG2,GLN,180.0,50.064,5.567,18.308,0.09,1.32,5.93
ATOM,2489.0,HG3,GLN,180.0,51.256,4.533,18.729,0.09,1.32,0.03
ATOM,2490.0,OE1,GLN,180.0,48.895,3.898,20.554,-0.55,1.7,14.24
ATOM,2491.0,NE2,GLN,180.0,49.054,3.089,18.457,-0.62,1.85,16.88
ATOM,2492.0,HE21,GLN,180.0,48.379,2.354,18.632,0.32,0.2245,21.94
ATOM,2493.0,HE22,GLN,180.0,49.49,3.182,17.541,0.3,0.2245,13.42
ATOM,2494.0,N,GLU,181.0,52.428,7.534,22.272,-0.47,1.85,0.0
ATOM,2495.0,CA,GLU,181.0,52.412,8.524,23.345,0.07,2.275,0.0
ATOM,2496.0,C,GLU,181.0,53.578,9.54,23.202,0.51,2.0,0.0
ATOM,2497.0,O,GLU,181.0,53.41,10.73,23.48,-0.51,1.7,0.01
ATOM,2498.0,CB,GLU,181.0,52.464,7.866,24.713,-0.18,2.175,0.0
ATOM,2499.0,CG,GLU,181.0,51.2,7.062,25.079,-0.28,2.175,0.0
ATOM,2500.0,CD,GLU,181.0,49.891,7.861,25.054,0.62,2.0,0.0
ATOM,2501.0,OE1,GLU,181.0,49.867,9.092,25.214,-0.76,1.7,3.55
ATOM,2502.0,OE2,GLU,181.0,48.83,7.224,24.86,-0.76,1.7,3.8
ATOM,2503.0,H,GLU,181.0,52.698,6.546,22.408,0.31,0.2245,0.0
ATOM,2504.0,HA,GLU,181.0,51.541,9.029,23.335,0.09,1.32,0.0
ATOM,2505.0,HB2,GLU,181.0,53.218,7.233,24.724,0.09,1.32,0.0
ATOM,2506.0,HB3,GLU,181.0,52.562,8.57,25.393,0.09,1.32,0.15
ATOM,2507.0,HG2,GLU,181.0,51.109,6.326,24.425,0.09,1.32,0.0
ATOM,2508.0,HG3,GLU,181.0,51.315,6.715,25.997,0.09,1.32,0.0
ATOM,2509.0,N,TYR,182.0,54.735,9.046,22.778,-0.47,1.85,0.0
ATOM,2510.0,CA,TYR,182.0,55.889,9.901,22.501,0.07,2.275,0.0
ATOM,2511.0,C,TYR,182.0,55.553,10.89,21.383,0.51,2.0,0.0
ATOM,2512.0,O,TYR,182.0,55.823,12.099,21.516,-0.51,1.7,0.0
ATOM,2513.0,CB,TYR,182.0,57.081,9.029,22.099,-0.18,2.175,0.0
ATOM,2514.0,CG,TYR,182.0,58.342,9.753,21.745,0.0,1.9924,0.0
ATOM,2515.0,CD1,TYR,182.0,58.99,10.606,22.65,-0.115,1.9924,0.0
ATOM,2516.0,CD2,TYR,182.0,58.905,9.582,20.496,-0.115,1.9924,0.0
ATOM,2517.0,CE1,TYR,182.0,60.161,11.25,22.286,-0.115,1.9924,0.0
ATOM,2518.0,CE2,TYR,182.0,60.083,10.204,20.129,-0.115,1.9924,0.0
ATOM,2519.0,CZ,TYR,182.0,60.709,11.038,21.028,0.11,1.9924,0.0
ATOM,2520.0,OH,TYR,182.0,61.883,11.656,20.62,-0.54,1.77,0.0
ATOM,2521.0,H,TYR,182.0,54.752,8.012,22.661,0.31,0.2245,0.0
ATOM,2522.0,HA,TYR,182.0,56.099,10.427,23.328,0.09,1.32,0.0
ATOM,2523.0,HB2,TYR,182.0,57.277,8.404,22.866,0.09,1.32,0.0
ATOM,2524.0,HB3,TYR,182.0,56.801,8.472,21.305,0.09,1.32,0.0
ATOM,2525.0,HD1,TYR,182.0,58.604,10.747,23.556,0.115,1.3582,0.0
ATOM,2526.0,HD2,TYR,182.0,58.443,8.983,19.829,0.115,1.3582,1.02
ATOM,2527.0,HE1,TYR,182.0,60.617,11.87,22.931,0.115,1.3582,0.0
ATOM,2528.0,HE2,TYR,182.0,60.475,10.051,19.223,0.115,1.3582,0.0
ATOM,2529.0,HH,TYR,182.0,62.402,11.926,21.427,0.43,0.2245,0.0
ATOM,2530.0,N,ARG,183.0,54.944,10.394,20.299,-0.47,1.85,0.0
ATOM,2531.0,CA,ARG,183.0,54.575,11.265,19.188,0.07,2.275,0.0
ATOM,2532.0,C,ARG,183.0,53.556,12.314,19.647,0.51,2.0,0.0
ATOM,2533.0,O,ARG,183.0,53.621,13.493,19.247,-0.51,1.7,0.0
ATOM,2534.0,CB,ARG,183.0,54.038,10.442,18.012,-0.18,2.175,2.66
ATOM,2535.0,CG,ARG,183.0,55.063,9.697,17.187,-0.18,2.175,3.74
ATOM,2536.0,CD,ARG,183.0,54.45,9.241,15.864,0.2,2.175,6.3
ATOM,2537.0,NE,ARG,183.0,53.344,8.312,16.058,-0.7,1.85,4.91
ATOM,2538.0,CZ,ARG,183.0,53.472,6.995,16.254,0.64,2.0,1.82
ATOM,2539.0,NH1,ARG,183.0,54.657,6.42,16.282,-0.8,1.85,12.49
ATOM,2540.0,NH2,ARG,183.0,52.388,6.25,16.441,-0.8,1.85,12.98
ATOM,2541.0,H,ARG,183.0,54.767,9.379,20.322,0.31,0.2245,0.0
ATOM,2542.0,HA,ARG,183.0,55.395,11.742,18.859,0.09,1.32,0.0
ATOM,2543.0,HB2,ARG,183.0,53.384,9.77,18.38,0.09,1.32,0.02
ATOM,2544.0,HB3,ARG,183.0,53.54,11.067,17.401,0.09,1.32,0.54
ATOM,2545.0,HG2,ARG,183.0,55.828,10.293,16.98,0.09,1.32,0.26
ATOM,2546.0,HG3,ARG,183.0,55.368,8.89,17.676,0.09,1.32,0.0
ATOM,2547.0,HD2,ARG,183.0,54.123,10.051,15.383,0.09,1.32,0.0
ATOM,2548.0,HD3,ARG,183.0,55.168,8.797,15.333,0.09,1.32,5.15
ATOM,2549.0,HE,ARG,183.0,52.404,8.687,16.044,0.44,0.2245,12.53
ATOM,2550.0,HH11,ARG,183.0,55.491,6.964,16.176,0.46,0.2245,6.97
ATOM,2551.0,HH12,ARG,183.0,54.733,5.426,16.412,0.46,0.2245,8.15
ATOM,2552.0,HH21,ARG,183.0,51.484,6.682,16.454,0.46,0.2245,9.7
ATOM,2553.0,HH22,ARG,183.0,52.473,5.264,16.57,0.46,0.2245,7.57
ATOM,2554.0,N,LYS,184.0,52.602,11.913,20.493,-0.47,1.85,0.33
ATOM,2555.0,CA,LYS,184.0,51.653,12.88,21.074,0.07,2.275,0.95
ATOM,2556.0,C,LYS,184.0,52.311,13.998,21.887,0.51,2.0,0.0
ATOM,2557.0,O,LYS,184.0,51.917,15.168,21.776,-0.51,1.7,2.55
ATOM,2558.0,CB,LYS,184.0,50.58,12.162,21.893,-0.18,2.175,1.98
ATOM,2559.0,CG,LYS,184.0,49.535,11.451,20.985,-0.18,2.175,9.43
ATOM,2560.0,CD,LYS,184.0,48.362,10.91,21.828,-0.18,2.175,9.53
ATOM,2561.0,CE,LYS,184.0,47.577,9.789,21.171,0.21,2.175,18.8
ATOM,2562.0,NZ,LYS,184.0,46.982,8.887,22.253,-0.3,1.85,8.98
ATOM,2563.0,H,LYS,184.0,52.587,10.905,20.697,0.31,0.2245,0.0
ATOM,2564.0,HA,LYS,184.0,51.122,13.303,20.314,0.09,1.32,2.13
ATOM,2565.0,HB2,LYS,184.0,51.01,11.471,22.449,0.09,1.32,0.0
ATOM,2566.0,HB3,LYS,184.0,50.097,12.825,22.44,0.09,1.32,4.75
ATOM,2567.0,HG2,LYS,184.0,49.185,12.109,20.332,0.09,1.32,9.59
ATOM,2568.0,HG3,LYS,184.0,49.978,10.694,20.526,0.09,1.32,0.59
ATOM,2569.0,HD2,LYS,184.0,48.734,10.576,22.701,0.09,1.32,0.0
ATOM,2570.0,HD3,LYS,184.0,47.736,11.674,22.019,0.09,1.32,11.74
ATOM,2571.0,HE2,LYS,184.0,46.834,10.167,20.639,0.05,1.32,11.46
ATOM,2572.0,HE3,LYS,184.0,48.179,9.242,20.608,0.05,1.32,2.57
ATOM,2573.0,HZ1,LYS,184.0,46.758,8.012,21.84,0.33,0.2245,13.27
ATOM,2574.0,HZ2,LYS,184.0,47.659,8.773,22.97,0.33,0.2245,0.06
ATOM,2575.0,HZ3,LYS,184.0,46.165,9.326,22.609,0.33,0.2245,19.29
ATOM,2576.0,N,THR,185.0,53.339,13.659,22.639,-0.47,1.85,0.0
ATOM,2577.0,CA,THR,185.0,54.085,14.624,23.428,0.07,2.275,0.0
ATOM,2578.0,C,THR,185.0,54.884,15.561,22.525,0.51,2.0,0.0
ATOM,2579.0,O,THR,185.0,54.854,16.795,22.724,-0.51,1.7,0.0
ATOM,2580.0,CB,THR,185.0,54.97,13.88,24.414,0.14,2.275,0.0
ATOM,2581.0,OG1,THR,185.0,54.104,13.337,25.42,-0.66,1.77,2.07
ATOM,2582.0,CG2,THR,185.0,55.949,14.795,25.142,-0.27,2.06,0.0
ATOM,2583.0,H,THR,185.0,53.573,12.638,22.62,0.31,0.2245,0.0
ATOM,2584.0,HA,THR,185.0,53.435,15.179,23.959,0.09,1.32,0.0
ATOM,2585.0,HB,THR,185.0,55.425,13.109,23.943,0.09,1.32,0.0
ATOM,2586.0,HG21,THR,185.0,55.582,15.727,25.173,0.09,1.32,0.0
ATOM,2587.0,HG22,THR,185.0,56.089,14.464,26.077,0.09,1.32,0.0
ATOM,2588.0,HG23,THR,185.0,56.827,14.803,24.66,0.09,1.32,0.0
ATOM,2589.0,HG1,THR,185.0,53.701,12.472,25.103,0.43,0.2245,2.31
ATOM,2590.0,N,LEU,186.0,55.544,14.992,21.513,-0.47,1.85,0.0
ATOM,2591.0,CA,LEU,186.0,56.226,15.822,20.519,0.07,2.275,0.0
ATOM,2592.0,C,LEU,186.0,55.256,16.83,19.9,0.51,2.0,0.0
ATOM,2593.0,O,LEU,186.0,55.557,18.041,19.81,-0.51,1.7,0.0
ATOM,2594.0,CB,LEU,186.0,56.85,14.954,19.417,-0.18,2.175,0.0
ATOM,2595.0,CG,LEU,186.0,58.063,14.113,19.847,-0.09,2.275,0.0
ATOM,2596.0,CD1,LEU,186.0,58.494,13.233,18.688,-0.27,2.06,0.3
ATOM,2597.0,CD2,LEU,186.0,59.219,14.93,20.254,-0.27,2.06,0.0
ATOM,2598.0,H,LEU,186.0,55.53,13.966,21.496,0.31,0.2245,0.0
ATOM,2599.0,HA,LEU,186.0,56.961,16.331,20.976,0.09,1.32,0.0
ATOM,2600.0,HB2,LEU,186.0,56.154,14.325,19.094,0.09,1.32,0.0
ATOM,2601.0,HB3,LEU,186.0,57.15,15.555,18.688,0.09,1.32,0.0
ATOM,2602.0,HG,LEU,186.0,57.802,13.546,20.62,0.09,1.32,0.0
ATOM,2603.0,HD11,LEU,186.0,58.743,13.805,17.906,0.09,1.32,0.0
ATOM,2604.0,HD12,LEU,186.0,59.284,12.682,18.96,0.09,1.32,0.0
ATOM,2605.0,HD13,LEU,186.0,57.741,12.627,18.428,0.09,1.32,0.0
ATOM,2606.0,HD21,LEU,186.0,58.982,15.523,21.036,0.09,1.32,0.0
ATOM,2607.0,HD22,LEU,186.0,59.994,14.344,20.529,0.09,1.32,0.0
ATOM,2608.0,HD23,LEU,186.0,59.526,15.52,19.495,0.09,1.32,0.0
ATOM,2609.0,N,GLU,187.0,54.109,16.339,19.463,-0.47,1.85,0.0
ATOM,2610.0,CA,GLU,187.0,53.134,17.19,18.81,0.07,2.275,0.0
ATOM,2611.0,C,GLU,187.0,52.633,18.28,19.774,0.51,2.0,0.0
ATOM,2612.0,O,GLU,187.0,52.524,19.442,19.365,-0.51,1.7,0.0
ATOM,2613.0,CB,GLU,187.0,51.987,16.354,18.197,-0.18,2.175,2.27
ATOM,2614.0,CG,GLU,187.0,51.213,17.09,17.114,-0.28,2.175,3.87
ATOM,2615.0,CD,GLU,187.0,49.934,17.747,17.608,0.62,2.0,3.33
ATOM,2616.0,OE1,GLU,187.0,49.646,17.643,18.809,-0.76,1.7,22.43
ATOM,2617.0,OE2,GLU,187.0,49.221,18.41,16.804,-0.76,1.7,34.27
ATOM,2618.0,H,GLU,187.0,53.974,15.324,19.624,0.31,0.2245,0.0
ATOM,2619.0,HA,GLU,187.0,53.543,17.63,18.004,0.09,1.32,0.0
ATOM,2620.0,HB2,GLU,187.0,52.39,15.558,17.792,0.09,1.32,0.0
ATOM,2621.0,HB3,GLU,187.0,51.363,16.138,18.921,0.09,1.32,0.12
ATOM,2622.0,HG2,GLU,187.0,51.791,17.803,16.752,0.09,1.32,0.0
ATOM,2623.0,HG3,GLU,187.0,50.96,16.439,16.416,0.09,1.32,5.31
ATOM,2624.0,N,LYS,188.0,52.364,17.91,21.037,-0.47,1.85,0.0
ATOM,2625.0,CA,LYS,188.0,51.878,18.838,22.086,0.07,2.275,0.71
ATOM,2626.0,C,LYS,188.0,52.776,20.023,22.317,0.51,2.0,0.0
ATOM,2627.0,O,LYS,188.0,52.289,21.151,22.496,-0.51,1.7,1.72
ATOM,2628.0,CB,LYS,188.0,51.717,18.133,23.461,-0.18,2.175,0.2
ATOM,2629.0,CG,LYS,188.0,51.531,19.064,24.737,-0.18,2.175,0.0
ATOM,2630.0,CD,LYS,188.0,50.089,19.664,24.799,-0.18,2.175,8.28
ATOM,2631.0,CE,LYS,188.0,49.856,20.639,25.982,0.21,2.175,2.74
ATOM,2632.0,NZ,LYS,188.0,49.09,21.893,25.599,-0.3,1.85,10.63
ATOM,2633.0,H,LYS,188.0,52.529,16.892,21.225,0.31,0.2245,0.0
ATOM,2634.0,HA,LYS,188.0,50.954,19.165,21.806,0.09,1.32,3.39
ATOM,2635.0,HB2,LYS,188.0,50.913,17.536,23.42,0.09,1.32,3.66
ATOM,2636.0,HB3,LYS,188.0,52.532,17.573,23.628,0.09,1.32,0.0
ATOM,2637.0,HG2,LYS,188.0,51.684,18.512,25.542,0.09,1.32,0.0
ATOM,2638.0,HG3,LYS,188.0,52.184,19.802,24.675,0.09,1.32,0.0
ATOM,2639.0,HD2,LYS,188.0,49.922,20.158,23.947,0.09,1.32,2.35
ATOM,2640.0,HD3,LYS,188.0,49.441,18.909,24.883,0.09,1.32,4.24
ATOM,2641.0,HE2,LYS,188.0,49.344,20.154,26.699,0.05,1.32,1.58
ATOM,2642.0,HE3,LYS,188.0,50.75,20.908,26.354,0.05,1.32,0.0
ATOM,2643.0,HZ1,LYS,188.0,48.469,22.124,26.341,0.33,0.2245,2.54
ATOM,2644.0,HZ2,LYS,188.0,49.742,22.629,25.451,0.33,0.2245,1.69
ATOM,2645.0,HZ3,LYS,188.0,48.58,21.71,24.765,0.33,0.2245,15.28
ATOM,2646.0,N,ILE,189.0,54.077,19.78,22.353,-0.47,1.85,0.0
ATOM,2647.0,CA,ILE,189.0,55.033,20.837,22.601,0.07,2.275,0.0
ATOM,2648.0,C,ILE,189.0,55.375,21.587,21.324,0.51,2.0,0.0
ATOM,2649.0,O,ILE,189.0,55.445,22.808,21.326,-0.51,1.7,0.0
ATOM,2650.0,CB,ILE,189.0,56.33,20.254,23.22,-0.09,2.275,0.0
ATOM,2651.0,CG1,ILE,189.0,56.02,19.532,24.535,-0.18,2.175,0.01
ATOM,2652.0,CG2,ILE,189.0,57.41,21.346,23.377,-0.27,2.06,0.0
ATOM,2653.0,CD1,ILE,189.0,55.599,20.437,25.634,-0.27,2.06,0.05
ATOM,2654.0,H,ILE,189.0,54.341,18.788,22.191,0.31,0.2245,0.0
ATOM,2655.0,HA,ILE,189.0,54.577,21.499,23.209,0.09,1.32,0.0
ATOM,2656.0,HB,ILE,189.0,56.698,19.589,22.58,0.09,1.32,0.0
ATOM,2657.0,HG12,ILE,189.0,55.298,18.861,24.354,0.09,1.32,0.0
ATOM,2658.0,HG13,ILE,189.0,56.846,19.034,24.81,0.09,1.32,0.0
ATOM,2659.0,HG21,ILE,189.0,58.25,20.924,23.703,0.09,1.32,0.0
ATOM,2660.0,HG22,ILE,189.0,57.565,21.775,22.493,0.09,1.32,0.0
ATOM,2661.0,HG23,ILE,189.0,57.092,22.023,24.033,0.09,1.32,0.0
ATOM,2662.0,HD11,ILE,189.0,54.767,20.934,25.372,0.09,1.32,0.0
ATOM,2663.0,HD12,ILE,189.0,55.411,19.907,26.465,0.09,1.32,0.0
ATOM,2664.0,HD13,ILE,189.0,56.325,21.102,25.831,0.09,1.32,0.0
ATOM,2665.0,N,ILE,190.0,55.628,20.876,20.231,-0.47,1.85,0.0
ATOM,2666.0,CA,ILE,190.0,56.038,21.541,18.999,0.07,2.275,0.0
ATOM,2667.0,C,ILE,190.0,54.949,22.477,18.472,0.51,2.0,0.0
ATOM,2668.0,O,ILE,190.0,55.272,23.556,17.934,-0.51,1.7,0.0
ATOM,2669.0,CB,ILE,190.0,56.505,20.535,17.929,-0.09,2.275,0.0
ATOM,2670.0,CG1,ILE,190.0,57.827,19.917,18.333,-0.18,2.175,0.0
ATOM,2671.0,CG2,ILE,190.0,56.683,21.19,16.59,-0.27,2.06,0.0
ATOM,2672.0,CD1,ILE,190.0,58.06,18.554,17.661,-0.27,2.06,0.0
ATOM,2673.0,H,ILE,190.0,55.514,19.858,20.327,0.31,0.2245,0.0
ATOM,2674.0,HA,ILE,190.0,56.823,22.124,19.239,0.09,1.32,0.0
ATOM,2675.0,HB,ILE,190.0,55.823,19.813,17.874,0.09,1.32,0.0
ATOM,2676.0,HG12,ILE,190.0,58.567,20.522,18.072,0.09,1.32,0.0
ATOM,2677.0,HG13,ILE,190.0,57.835,19.779,19.315,0.09,1.32,0.0
ATOM,2678.0,HG21,ILE,190.0,56.962,20.51,15.909,0.09,1.32,0.0
ATOM,2679.0,HG22,ILE,190.0,55.822,21.609,16.295,0.09,1.32,0.0
ATOM,2680.0,HG23,ILE,190.0,57.387,21.901,16.646,0.09,1.32,0.0
ATOM,2681.0,HD11,ILE,190.0,58.059,18.681,16.674,0.09,1.32,0.0
ATOM,2682.0,HD12,ILE,190.0,58.939,18.196,17.961,0.09,1.32,0.0
ATOM,2683.0,HD13,ILE,190.0,57.327,17.936,17.93,0.09,1.32,0.0
ATOM,2684.0,N,THR,191.0,53.674,22.083,18.627,-0.47,1.85,0.0
ATOM,2685.0,CA,THR,191.0,52.557,22.919,18.154,0.07,2.275,1.52
ATOM,2686.0,C,THR,191.0,52.103,23.928,19.199,0.51,2.0,0.01
ATOM,2687.0,O,THR,191.0,51.111,24.635,18.961,-0.51,1.7,15.43
ATOM,2688.0,CB,THR,191.0,51.324,22.103,17.72,0.14,2.275,5.45
ATOM,2689.0,OG1,THR,191.0,50.807,21.351,18.827,-0.66,1.77,11.36
ATOM,2690.0,CG2,THR,191.0,51.664,21.112,16.605,-0.27,2.06,11.52
ATOM,2691.0,H,THR,191.0,53.551,21.173,19.092,0.31,0.2245,0.0
ATOM,2692.0,HA,THR,191.0,52.87,23.424,17.335,0.09,1.32,2.87
ATOM,2693.0,HB,THR,191.0,50.595,22.749,17.407,0.09,1.32,8.84
ATOM,2694.0,HG21,THR,191.0,51.804,21.608,15.746,0.09,1.32,9.2
ATOM,2695.0,HG22,THR,191.0,52.5,20.615,16.841,0.09,1.32,0.0
ATOM,2696.0,HG23,THR,191.0,50.912,20.461,16.493,0.09,1.32,0.0
ATOM,2697.0,HG1,THR,191.0,51.425,20.59,19.05,0.43,0.2245,0.0
ATOM,2698.0,N,ARG,192.0,52.822,24.048,20.318,-0.47,1.85,0.0
ATOM,2699.0,CA,ARG,192.0,52.445,24.992,21.382,0.07,2.275,0.1
ATOM,2700.0,C,ARG,192.0,52.505,26.414,20.873,0.51,2.0,0.0
ATOM,2701.0,O,ARG,192.0,53.328,26.721,20.007,-0.51,1.7,0.0
ATOM,2702.0,CB,ARG,192.0,53.405,24.873,22.555,-0.18,2.175,0.0
ATOM,2703.0,CG,ARG,192.0,52.966,25.593,23.791,-0.18,2.175,0.01
ATOM,2704.0,CD,ARG,192.0,53.719,25.142,25.053,0.2,2.175,0.0
ATOM,2705.0,NE,ARG,192.0,53.374,26.069,26.1,-0.7,1.85,0.0
ATOM,2706.0,CZ,ARG,192.0,52.301,25.962,26.854,0.64,2.0,0.09
ATOM,2707.0,NH1,ARG,192.0,51.482,24.917,26.713,-0.8,1.85,5.06
ATOM,2708.0,NH2,ARG,192.0,52.029,26.931,27.714,-0.8,1.85,2.15
ATOM,2709.0,H,ARG,192.0,53.652,23.432,20.373,0.31,0.2245,0.0
ATOM,2710.0,HA,ARG,192.0,51.505,24.784,21.671,0.09,1.32,6.28
ATOM,2711.0,HB2,ARG,192.0,53.508,23.902,22.773,0.09,1.32,0.0
ATOM,2712.0,HB3,ARG,192.0,54.29,25.243,22.27,0.09,1.32,0.0
ATOM,2713.0,HG2,ARG,192.0,53.119,26.581,23.691,0.09,1.32,0.0
ATOM,2714.0,HG3,ARG,192.0,51.988,25.434,23.957,0.09,1.32,2.05
ATOM,2715.0,HD2,ARG,192.0,53.41,24.243,25.276,0.09,1.32,0.0
ATOM,2716.0,HD3,ARG,192.0,54.675,25.186,24.857,0.09,1.32,0.0
ATOM,2717.0,HE,ARG,192.0,53.992,26.85,26.267,0.44,0.2245,0.0
ATOM,2718.0,HH11,ARG,192.0,51.68,24.198,26.055,0.46,0.2245,0.0
ATOM,2719.0,HH12,ARG,192.0,50.656,24.858,27.283,0.46,0.2245,0.0
ATOM,2720.0,HH21,ARG,192.0,52.635,27.72,27.806,0.46,0.2245,0.0
ATOM,2721.0,HH22,ARG,192.0,51.203,26.875,28.285,0.46,0.2245,3.29
ATOM,2722.0,N,VAL,193.0,51.616,27.265,21.367,-0.47,1.85,0.0
ATOM,2723.0,CA,VAL,193.0,51.784,28.709,21.243,0.07,2.275,0.0
ATOM,2724.0,C,VAL,193.0,52.313,29.251,22.552,0.51,2.0,0.0
ATOM,2725.0,O,VAL,193.0,51.826,28.933,23.628,-0.51,1.7,5.18
ATOM,2726.0,CB,VAL,193.0,50.45,29.378,20.817,-0.09,2.275,2.06
ATOM,2727.0,CG1,VAL,193.0,50.551,30.928,20.834,-0.27,2.06,10.41
ATOM,2728.0,CG2,VAL,193.0,50.055,28.865,19.43,-0.27,2.06,25.85
ATOM,2729.0,H,VAL,193.0,50.804,26.823,21.842,0.31,0.2245,8.28
ATOM,2730.0,HA,VAL,193.0,52.465,28.883,20.532,0.09,1.32,0.0
ATOM,2731.0,HB,VAL,193.0,49.758,29.135,21.49,0.09,1.32,8.92
ATOM,2732.0,HG11,VAL,193.0,49.632,31.307,20.803,0.09,1.32,11.32
ATOM,2733.0,HG12,VAL,193.0,51.011,31.208,21.67,0.09,1.32,0.0
ATOM,2734.0,HG13,VAL,193.0,51.072,31.222,20.039,0.09,1.32,0.0
ATOM,2735.0,HG21,VAL,193.0,49.064,28.747,19.396,0.09,1.32,11.63
ATOM,2736.0,HG22,VAL,193.0,50.342,29.53,18.743,0.09,1.32,3.59
ATOM,2737.0,HG23,VAL,193.0,50.507,27.99,19.265,0.09,1.32,0.0
ATOM,2738.0,N,ASN,194.0,53.319,30.114,22.486,-0.47,1.85,0.0
ATOM,2739.0,CA,ASN,194.0,53.858,30.741,23.697,0.07,2.275,0.0
ATOM,2740.0,C,ASN,194.0,52.75,31.622,24.298,0.51,2.0,0.0
ATOM,2741.0,O,ASN,194.0,52.295,32.561,23.656,-0.51,1.7,0.25
ATOM,2742.0,CB,ASN,194.0,55.072,31.593,23.293,-0.18,2.175,0.0
ATOM,2743.0,CG,ASN,194.0,55.866,32.128,24.498,0.55,2.0,0.0
ATOM,2744.0,H,ASN,194.0,53.681,30.302,21.537,0.31,0.2245,0.0
ATOM,2745.0,HA,ASN,194.0,54.037,30.017,24.351,0.09,1.32,0.0
ATOM,2746.0,HB2,ASN,194.0,55.684,31.032,22.743,0.09,1.32,0.19
ATOM,2747.0,HB3,ASN,194.0,54.75,32.372,22.764,0.09,1.32,0.0
ATOM,2748.0,OD1,ASN,194.0,55.287,32.701,25.427,-0.55,1.7,0.0
ATOM,2749.0,ND2,ASN,194.0,57.18,31.845,24.527,-0.62,1.85,0.0
ATOM,2750.0,HD22,ASN,194.0,57.577,31.315,23.776,0.3,0.2245,0.0
ATOM,2751.0,HD21,ASN,194.0,57.74,32.16,25.282,0.32,0.2245,0.0
ATOM,2752.0,N,SER,195.0,52.353,31.331,25.537,-0.47,1.85,0.0
ATOM,2753.0,CA,SER,195.0,51.198,31.952,26.182,0.07,2.275,2.34
ATOM,2754.0,C,SER,195.0,51.528,33.398,26.516,0.51,2.0,0.0
ATOM,2755.0,O,SER,195.0,50.62,34.207,26.754,-0.51,1.7,29.0
ATOM,2756.0,CB,SER,195.0,50.824,31.175,27.44,0.05,2.175,13.99
ATOM,2757.0,OG,SER,195.0,51.808,31.244,28.443,-0.66,1.77,2.23
ATOM,2758.0,H,SER,195.0,52.948,30.609,26.015,0.31,0.2245,0.0
ATOM,2759.0,HA,SER,195.0,50.439,31.949,25.53,0.09,1.32,8.49
ATOM,2760.0,HB2,SER,195.0,49.962,31.545,27.801,0.09,1.32,9.75
ATOM,2761.0,HB3,SER,195.0,50.679,30.212,27.19,0.09,1.32,2.56
ATOM,2762.0,HG,SER,195.0,52.532,30.579,28.253,0.43,0.2245,0.0
ATOM,2763.0,N,ILE,196.0,52.817,33.739,26.533,-0.47,1.85,0.0
ATOM,2764.0,CA,ILE,196.0,53.234,35.106,26.906,0.07,2.275,0.09
ATOM,2765.0,C,ILE,196.0,53.311,36.038,25.693,0.51,2.0,0.0
ATOM,2766.0,O,ILE,196.0,52.688,37.112,25.671,-0.51,1.7,27.47
ATOM,2767.0,CB,ILE,196.0,54.565,35.06,27.693,-0.09,2.275,0.0
ATOM,2768.0,CG1,ILE,196.0,54.408,34.23,28.984,-0.18,2.175,6.19
ATOM,2769.0,CG2,ILE,196.0,55.132,36.483,27.957,-0.27,2.06,21.85
ATOM,2770.0,CD1,ILE,196.0,55.698,33.858,29.684,-0.27,2.06,2.51
ATOM,2771.0,H,ILE,196.0,53.478,32.995,26.273,0.31,0.2245,0.0
ATOM,2772.0,HA,ILE,196.0,52.505,35.465,27.5,0.09,1.32,5.29
ATOM,2773.0,HB,ILE,196.0,55.243,34.611,27.123,0.09,1.32,0.0
ATOM,2774.0,HG12,ILE,196.0,53.83,34.752,29.619,0.09,1.32,9.97
ATOM,2775.0,HG13,ILE,196.0,53.914,33.386,28.747,0.09,1.32,0.0
ATOM,2776.0,HG21,ILE,196.0,56.026,36.395,28.381,0.09,1.32,0.56
ATOM,2777.0,HG22,ILE,196.0,55.207,36.961,27.089,0.09,1.32,1.69
ATOM,2778.0,HG23,ILE,196.0,54.51,36.965,28.563,0.09,1.32,9.99
ATOM,2779.0,HD11,ILE,196.0,56.186,34.69,29.942,0.09,1.32,0.65
ATOM,2780.0,HD12,ILE,196.0,55.488,33.325,30.503,0.09,1.32,0.06
ATOM,2781.0,HD13,ILE,196.0,56.265,33.314,29.067,0.09,1.32,0.0
ATOM,2782.0,N,ASN,197.0,54.091,35.66,24.686,-0.47,1.85,0.0
ATOM,2783.0,CA,ASN,197.0,54.319,36.531,23.527,0.07,2.275,1.27
ATOM,2784.0,C,ASN,197.0,53.479,36.159,22.3,0.51,2.0,1.78
ATOM,2785.0,O,ASN,197.0,53.506,36.875,21.302,-0.51,1.7,24.7
ATOM,2786.0,CB,ASN,197.0,55.808,36.667,23.19,-0.18,2.175,12.21
ATOM,2787.0,CG,ASN,197.0,56.47,35.364,22.789,0.55,2.0,0.0
ATOM,2788.0,H,ASN,197.0,54.515,34.721,24.785,0.31,0.2245,0.0
ATOM,2789.0,HA,ASN,197.0,54.039,37.468,23.801,0.09,1.32,6.98
ATOM,2790.0,HB2,ASN,197.0,55.9,37.317,22.434,0.09,1.32,7.4
ATOM,2791.0,HB3,ASN,197.0,56.279,37.03,23.996,0.09,1.32,2.89
ATOM,2792.0,OD1,ASN,197.0,55.808,34.398,22.426,-0.55,1.7,0.0
ATOM,2793.0,ND2,ASN,197.0,57.823,35.359,22.811,-0.62,1.85,0.0
ATOM,2794.0,HD22,ASN,197.0,58.31,36.182,23.086,0.3,0.2245,6.05
ATOM,2795.0,HD21,ASN,197.0,58.314,34.534,22.553,0.32,0.2245,0.0
ATOM,2796.0,N,GLY,198.0,52.763,35.029,22.365,-0.47,1.85,1.13
ATOM,2797.0,CA,GLY,198.0,51.907,34.623,21.277,-0.02,2.175,13.78
ATOM,2798.0,C,GLY,198.0,52.597,34.001,20.082,0.51,2.0,0.97
ATOM,2799.0,O,GLY,198.0,51.938,33.751,19.05,-0.51,1.7,22.8
ATOM,2800.0,H,GLY,198.0,52.883,34.495,23.246,0.31,0.2245,0.0
ATOM,2801.0,HA2,GLY,198.0,51.2,33.961,21.633,0.09,1.32,2.38
ATOM,2802.0,HA3,GLY,198.0,51.36,35.437,20.957,0.09,1.32,10.85
ATOM,2803.0,N,LYS,199.0,53.892,33.695,20.21,-0.47,1.85,0.0
ATOM,2804.0,CA,LYS,199.0,54.651,33.122,19.092,0.07,2.275,1.21
ATOM,2805.0,C,LYS,199.0,54.378,31.638,19.089,0.51,2.0,0.0
ATOM,2806.0,O,LYS,199.0,54.546,30.99,20.12,-0.51,1.7,0.05
ATOM,2807.0,CB,LYS,199.0,56.17,33.257,19.265,-0.18,2.175,0.05
ATOM,2808.0,CG,LYS,199.0,56.821,34.538,19.013,-0.18,2.175,8.4
ATOM,2809.0,CD,LYS,199.0,58.371,34.344,19.132,-0.18,2.175,1.59
ATOM,2810.0,CE,LYS,199.0,59.192,35.65,19.251,0.21,2.175,12.15
ATOM,2811.0,NZ,LYS,199.0,60.525,35.44,20.015,-0.3,1.85,0.39
ATOM,2812.0,H,LYS,199.0,54.299,33.892,21.138,0.31,0.2245,0.0
ATOM,2813.0,HA,LYS,199.0,54.321,33.52,18.245,0.09,1.32,5.61
ATOM,2814.0,HB2,LYS,199.0,56.38,32.953,20.227,0.09,1.32,0.0
ATOM,2815.0,HB3,LYS,199.0,56.595,32.535,18.663,0.09,1.32,0.0
ATOM,2816.0,HG2,LYS,199.0,56.642,34.864,18.094,0.09,1.32,10.38
ATOM,2817.0,HG3,LYS,199.0,56.564,35.218,19.686,0.09,1.32,0.2
ATOM,2818.0,HD2,LYS,199.0,58.549,33.783,19.945,0.09,1.32,0.0
ATOM,2819.0,HD3,LYS,199.0,58.683,33.848,18.318,0.09,1.32,0.01
ATOM,2820.0,HE2,LYS,199.0,59.41,35.985,18.339,0.05,1.32,3.5
ATOM,2821.0,HE3,LYS,199.0,58.658,36.33,19.746,0.05,1.32,4.7
ATOM,2822.0,HZ1,LYS,199.0,60.433,34.618,20.559,0.33,0.2245,0.0
ATOM,2823.0,HZ2,LYS,199.0,61.245,35.346,19.343,0.33,0.2245,2.87
ATOM,2824.0,HZ3,LYS,199.0,60.671,36.234,20.588,0.33,0.2245,7.67
ATOM,2825.0,N,ALA,200.0,54.024,31.075,17.949,-0.47,1.85,0.24
ATOM,2826.0,CA,ALA,200.0,54.002,29.611,17.788,0.07,2.275,0.0
ATOM,2827.0,C,ALA,200.0,55.441,29.113,17.985,0.51,2.0,0.0
ATOM,2828.0,O,ALA,200.0,56.396,29.734,17.501,-0.51,1.7,0.0
ATOM,2829.0,CB,ALA,200.0,53.489,29.235,16.421,-0.27,2.06,11.9
ATOM,2830.0,H,ALA,200.0,53.767,31.73,17.188,0.31,0.2245,4.9
ATOM,2831.0,HA,ALA,200.0,53.431,29.219,18.495,0.09,1.32,0.0
ATOM,2832.0,HB1,ALA,200.0,54.257,29.012,15.818,0.09,1.32,0.0
ATOM,2833.0,HB2,ALA,200.0,52.886,28.438,16.49,0.09,1.32,5.95
ATOM,2834.0,HB3,ALA,200.0,52.975,30.0,16.027,0.09,1.32,6.1
ATOM,2835.0,N,TYR,201.0,55.608,27.965,18.632,-0.47,1.85,0.0
ATOM,2836.0,CA,TYR,201.0,56.962,27.435,18.834,0.07,2.275,0.0
ATOM,2837.0,C,TYR,201.0,57.673,27.196,17.503,0.51,2.0,0.0
ATOM,2838.0,O,TYR,201.0,58.871,27.444,17.404,-0.51,1.7,0.0
ATOM,2839.0,CB,TYR,201.0,56.94,26.166,19.689,-0.18,2.175,0.0
ATOM,2840.0,CG,TYR,201.0,56.89,26.388,21.176,0.0,1.9924,0.0
ATOM,2841.0,CD1,TYR,201.0,56.345,27.528,21.751,-0.115,1.9924,0.15
ATOM,2842.0,CD2,TYR,201.0,57.403,25.415,22.031,-0.115,1.9924,0.0
ATOM,2843.0,CE1,TYR,201.0,56.32,27.698,23.148,-0.115,1.9924,0.0
ATOM,2844.0,CE2,TYR,201.0,57.348,25.549,23.397,-0.115,1.9924,0.0
ATOM,2845.0,CZ,TYR,201.0,56.818,26.7,23.963,0.11,1.9924,0.0
ATOM,2846.0,OH,TYR,201.0,56.821,26.843,25.332,-0.54,1.77,0.0
ATOM,2847.0,H,TYR,201.0,54.756,27.505,18.961,0.31,0.2245,0.0
ATOM,2848.0,HA,TYR,201.0,57.491,28.117,19.354,0.09,1.32,0.0
ATOM,2849.0,HB2,TYR,201.0,56.135,25.627,19.423,0.09,1.32,0.0
ATOM,2850.0,HB3,TYR,201.0,57.767,25.636,19.478,0.09,1.32,0.0
ATOM,2851.0,HD1,TYR,201.0,55.961,28.248,21.173,0.115,1.3582,0.0
ATOM,2852.0,HD2,TYR,201.0,57.823,24.594,21.63,0.115,1.3582,0.0
ATOM,2853.0,HE1,TYR,201.0,55.942,28.536,23.536,0.115,1.3582,0.0
ATOM,2854.0,HE2,TYR,201.0,57.69,24.817,23.994,0.115,1.3582,0.0
ATOM,2855.0,HH,TYR,201.0,56.108,27.49,25.595,0.43,0.2245,0.0
ATOM,2856.0,N,VAL,202.0,56.944,26.75,16.483,-0.47,1.85,0.0
ATOM,2857.0,CA,VAL,202.0,57.547,26.495,15.177,0.07,2.275,0.0
ATOM,2858.0,C,VAL,202.0,58.072,27.764,14.526,0.51,2.0,0.0
ATOM,2859.0,O,VAL,202.0,58.889,27.663,13.596,-0.51,1.7,4.35
ATOM,2860.0,CB,VAL,202.0,56.606,25.757,14.154,-0.09,2.275,0.99
ATOM,2861.0,CG1,VAL,202.0,56.174,24.398,14.626,-0.27,2.06,1.74
ATOM,2862.0,CG2,VAL,202.0,55.382,26.572,13.824,-0.27,2.06,18.72
ATOM,2863.0,H,VAL,202.0,55.941,26.604,16.69,0.31,0.2245,0.11
ATOM,2864.0,HA,VAL,202.0,58.329,25.866,15.312,0.09,1.32,0.0
ATOM,2865.0,HB,VAL,202.0,57.14,25.636,13.313,0.09,1.32,3.11
ATOM,2866.0,HG11,VAL,202.0,55.205,24.416,14.887,0.09,1.32,1.78
ATOM,2867.0,HG12,VAL,202.0,56.3,23.723,13.894,0.09,1.32,0.0
ATOM,2868.0,HG13,VAL,202.0,56.719,24.121,15.421,0.09,1.32,0.0
ATOM,2869.0,HG21,VAL,202.0,54.74,26.544,14.593,0.09,1.32,1.54
ATOM,2870.0,HG22,VAL,202.0,55.647,27.523,13.649,0.09,1.32,0.0
ATOM,2871.0,HG23,VAL,202.0,54.937,26.197,13.008,0.09,1.32,10.87
ATOM,2872.0,N,ASP,203.0,57.591,28.933,14.96,-0.47,1.85,0.0
ATOM,2873.0,CA,ASP,203.0,58.045,30.22,14.43,0.07,2.275,0.82
ATOM,2874.0,C,ASP,203.0,59.13,30.905,15.261,0.51,2.0,0.0
ATOM,2875.0,O,ASP,203.0,59.598,32.017,14.902,-0.51,1.7,2.82
ATOM,2876.0,CB,ASP,203.0,56.874,31.189,14.293,-0.28,2.175,9.78
ATOM,2877.0,CG,ASP,203.0,55.83,30.748,13.273,0.62,2.0,3.31
ATOM,2878.0,OD1,ASP,203.0,56.131,29.967,12.354,-0.76,1.7,25.62
ATOM,2879.0,OD2,ASP,203.0,54.654,31.14,13.366,-0.76,1.7,32.04
ATOM,2880.0,H,ASP,203.0,56.867,28.848,15.706,0.31,0.2245,0.0
ATOM,2881.0,HA,ASP,203.0,58.448,30.037,13.511,0.09,1.32,2.64
ATOM,2882.0,HB2,ASP,203.0,56.431,31.269,15.183,0.09,1.32,0.0
ATOM,2883.0,HB3,ASP,203.0,57.234,32.075,14.013,0.09,1.32,7.3
ATOM,2884.0,N,ASP,204.0,59.551,30.273,16.353,-0.47,1.85,0.0
ATOM,2885.0,CA,ASP,204.0,60.404,30.946,17.323,0.07,2.275,0.0
ATOM,2886.0,C,ASP,204.0,61.878,30.567,17.06,0.51,2.0,0.0
ATOM,2887.0,O,ASP,204.0,62.307,29.438,17.309,-0.51,1.7,0.0
ATOM,2888.0,CB,ASP,204.0,59.984,30.607,18.746,-0.28,2.175,0.17
ATOM,2889.0,CG,ASP,204.0,60.644,31.479,19.755,0.62,2.0,0.0
ATOM,2890.0,OD1,ASP,204.0,61.582,32.227,19.376,-0.76,1.7,0.03
ATOM,2891.0,OD2,ASP,204.0,60.301,31.474,20.958,-0.76,1.7,0.14
ATOM,2892.0,H,ASP,204.0,59.23,29.296,16.447,0.31,0.2245,0.0
ATOM,2893.0,HA,ASP,204.0,60.33,31.93,17.162,0.09,1.32,0.01
ATOM,2894.0,HB2,ASP,204.0,58.996,30.721,18.806,0.09,1.32,0.0
ATOM,2895.0,HB3,ASP,204.0,60.23,29.658,18.917,0.09,1.32,0.0
ATOM,2896.0,N,ALA,205.0,62.649,31.535,16.584,-0.47,1.85,0.07
ATOM,2897.0,CA,ALA,205.0,64.056,31.31,16.284,0.07,2.275,0.0
ATOM,2898.0,C,ALA,205.0,64.918,31.191,17.556,0.51,2.0,0.61
ATOM,2899.0,O,ALA,205.0,66.076,30.851,17.478,-0.51,1.7,3.39
ATOM,2900.0,CB,ALA,205.0,64.558,32.393,15.412,-0.27,2.06,4.72
ATOM,2901.0,H,ALA,205.0,62.172,32.447,16.447,0.31,0.2245,0.32
ATOM,2902.0,HA,ALA,205.0,64.148,30.448,15.762,0.09,1.32,0.0
ATOM,2903.0,HB1,ALA,205.0,65.447,32.732,15.741,0.09,1.32,4.79
ATOM,2904.0,HB2,ALA,205.0,64.677,32.064,14.468,0.09,1.32,0.0
ATOM,2905.0,HB3,ALA,205.0,63.912,33.166,15.397,0.09,1.32,0.0
ATOM,2906.0,N,THR,206.0,64.337,31.413,18.731,-0.47,1.85,1.43
ATOM,2907.0,CA,THR,206.0,65.041,31.197,19.994,0.07,2.275,1.52
ATOM,2908.0,C,THR,206.0,65.357,29.723,20.165,0.51,2.0,0.0
ATOM,2909.0,O,THR,206.0,66.366,29.366,20.778,-0.51,1.7,0.0
ATOM,2910.0,CB,THR,206.0,64.158,31.671,21.137,0.14,2.275,0.0
ATOM,2911.0,OG1,THR,206.0,63.822,33.058,20.908,-0.66,1.77,4.23
ATOM,2912.0,CG2,THR,206.0,64.896,31.675,22.473,-0.27,2.06,0.0
ATOM,2913.0,H,THR,206.0,63.355,31.748,18.676,0.31,0.2245,0.02
ATOM,2914.0,HA,THR,206.0,65.904,31.708,19.967,0.09,1.32,2.48
ATOM,2915.0,HB,THR,206.0,63.291,31.14,21.14,0.09,1.32,0.0
ATOM,2916.0,HG21,THR,206.0,65.205,30.747,22.691,0.09,1.32,0.0
ATOM,2917.0,HG22,THR,206.0,65.69,32.283,22.418,0.09,1.32,0.0
ATOM,2918.0,HG23,THR,206.0,64.283,31.997,23.197,0.09,1.32,0.0
ATOM,2919.0,HG1,THR,206.0,63.467,33.469,21.752,0.43,0.2245,0.0
ATOM,2920.0,N,ILE,207.0,64.501,28.876,19.609,-0.47,1.85,0.0
ATOM,2921.0,CA,ILE,207.0,64.753,27.419,19.599,0.07,2.275,0.0
ATOM,2922.0,C,ILE,207.0,65.728,27.091,18.473,0.51,2.0,0.0
ATOM,2923.0,O,ILE,207.0,65.436,27.296,17.29,-0.51,1.7,0.0
ATOM,2924.0,CB,ILE,207.0,63.437,26.645,19.451,-0.09,2.275,0.0
ATOM,2925.0,CG1,ILE,207.0,62.494,26.967,20.617,-0.18,2.175,0.0
ATOM,2926.0,CG2,ILE,207.0,63.709,25.12,19.387,-0.27,2.06,0.0
ATOM,2927.0,CD1,ILE,207.0,61.062,26.574,20.446,-0.27,2.06,0.0
ATOM,2928.0,H,ILE,207.0,63.659,29.305,19.19,0.31,0.2245,0.0
ATOM,2929.0,HA,ILE,207.0,65.22,27.217,20.455,0.09,1.32,0.0
ATOM,2930.0,HB,ILE,207.0,62.996,26.941,18.611,0.09,1.32,0.0
ATOM,2931.0,HG12,ILE,207.0,62.865,26.52,21.446,0.09,1.32,0.0
ATOM,2932.0,HG13,ILE,207.0,62.544,27.965,20.782,0.09,1.32,0.0
ATOM,2933.0,HG21,ILE,207.0,62.845,24.647,19.255,0.09,1.32,0.0
ATOM,2934.0,HG22,ILE,207.0,64.321,24.936,18.626,0.09,1.32,0.0
ATOM,2935.0,HG23,ILE,207.0,64.129,24.834,20.241,0.09,1.32,0.0
ATOM,2936.0,HD11,ILE,207.0,60.995,25.583,20.311,0.09,1.32,0.0
ATOM,2937.0,HD12,ILE,207.0,60.539,26.829,21.262,0.09,1.32,0.0
ATOM,2938.0,HD13,ILE,207.0,60.674,27.041,19.649,0.09,1.32,0.0
ATOM,2939.0,N,MET,208.0,66.901,26.598,18.85,-0.47,1.85,0.0
ATOM,2940.0,CA,MET,208.0,67.895,26.173,17.881,0.07,2.275,0.0
ATOM,2941.0,C,MET,208.0,67.561,24.812,17.296,0.51,2.0,0.0
ATOM,2942.0,O,MET,208.0,67.624,24.602,16.079,-0.51,1.7,0.48
ATOM,2943.0,CB,MET,208.0,69.289,26.143,18.527,-0.18,2.175,0.0
ATOM,2944.0,CG,MET,208.0,70.272,25.449,17.656,-0.14,2.175,0.0
ATOM,2945.0,SD,MET,208.0,71.89,25.455,18.314,-0.09,2.0,0.0
ATOM,2946.0,CE,MET,208.0,72.604,23.972,17.371,-0.22,2.06,0.37
ATOM,2947.0,H,MET,208.0,67.041,26.545,19.879,0.31,0.2245,0.0
ATOM,2948.0,HA,MET,208.0,67.906,26.843,17.125,0.09,1.32,0.0
ATOM,2949.0,HB2,MET,208.0,69.584,27.086,18.684,0.09,1.32,0.0
ATOM,2950.0,HB3,MET,208.0,69.22,25.666,19.403,0.09,1.32,0.0
ATOM,2951.0,HG2,MET,208.0,69.935,24.482,17.488,0.09,1.32,0.0
ATOM,2952.0,HG3,MET,208.0,70.244,25.887,16.716,0.09,1.32,0.0
ATOM,2953.0,HE1,MET,208.0,71.982,23.781,16.632,0.09,1.32,0.0
ATOM,2954.0,HE2,MET,208.0,73.493,24.244,17.046,0.09,1.32,0.0
ATOM,2955.0,HE3,MET,208.0,72.656,23.227,18.013,0.09,1.32,0.97
ATOM,2956.0,N,SER,209.0,67.178,23.893,18.159,-0.47,1.85,0.0
ATOM,2957.0,CA,SER,209.0,66.972,22.492,17.742,0.07,2.275,0.0
ATOM,2958.0,C,SER,209.0,65.988,21.789,18.658,0.51,2.0,0.0
ATOM,2959.0,O,SER,209.0,65.941,22.061,19.863,-0.51,1.7,0.0
ATOM,2960.0,CB,SER,209.0,68.304,21.753,17.763,0.05,2.175,0.0
ATOM,2961.0,OG,SER,209.0,68.18,20.405,17.283,-0.66,1.77,0.0
ATOM,2962.0,H,SER,209.0,67.035,24.218,19.13,0.31,0.2245,0.0
ATOM,2963.0,HA,SER,209.0,66.585,22.506,16.813,0.09,1.32,0.0
ATOM,2964.0,HB2,SER,209.0,68.956,22.234,17.181,0.09,1.32,0.0
ATOM,2965.0,HB3,SER,209.0,68.647,21.722,18.7,0.09,1.32,0.0
ATOM,2966.0,HG,SER,209.0,67.399,19.974,17.726,0.43,0.2245,0.0
ATOM,2967.0,N,TRP,210.0,65.205,20.889,18.076,-0.47,1.85,0.0
ATOM,2968.0,CA,TRP,210.0,64.449,19.866,18.781,0.07,2.275,0.0
ATOM,2969.0,C,TRP,210.0,65.366,18.668,18.883,0.51,2.0,0.0
ATOM,2970.0,O,TRP,210.0,66.138,18.406,17.94,-0.51,1.7,0.0
ATOM,2971.0,CB,TRP,210.0,63.216,19.462,17.986,-0.18,2.175,0.0
ATOM,2972.0,CG,TRP,210.0,62.272,20.558,17.63,-0.03,1.9924,0.0
ATOM,2973.0,CD1,TRP,210.0,61.878,20.919,16.373,0.035,1.9924,0.0
ATOM,2974.0,CD2,TRP,210.0,61.522,21.366,18.54,-0.02,1.8,0.0
ATOM,2975.0,NE1,TRP,210.0,60.96,21.931,16.454,-0.61,1.85,0.0
ATOM,2976.0,CE2,TRP,210.0,60.716,22.232,17.763,0.13,1.8,0.0
ATOM,2977.0,CE3,TRP,210.0,61.461,21.46,19.933,-0.115,1.9924,0.0
ATOM,2978.0,CZ2,TRP,210.0,59.861,23.179,18.33,-0.115,1.9924,0.0
ATOM,2979.0,CZ3,TRP,210.0,60.602,22.389,20.501,-0.115,1.9924,0.0
ATOM,2980.0,CH2,TRP,210.0,59.811,23.232,19.696,-0.115,1.9924,0.0
ATOM,2981.0,H,TRP,210.0,65.176,20.982,17.019,0.31,0.2245,0.0
ATOM,2982.0,HA,TRP,210.0,64.273,20.194,19.698,0.09,1.32,0.0
ATOM,2983.0,HB2,TRP,210.0,63.512,19.035,17.125,0.09,1.32,0.0
ATOM,2984.0,HB3,TRP,210.0,62.696,18.784,18.517,0.09,1.32,0.0
ATOM,2985.0,HD1,TRP,210.0,62.208,20.509,15.528,0.115,1.3582,0.0
ATOM,2986.0,HE1,TRP,210.0,60.528,22.387,15.667,0.38,0.2245,0.0
ATOM,2987.0,HE3,TRP,210.0,62.02,20.873,20.513,0.115,1.3582,0.0
ATOM,2988.0,HZ2,TRP,210.0,59.317,23.784,17.747,0.115,1.3582,0.0
ATOM,2989.0,HZ3,TRP,210.0,60.546,22.46,21.49,0.115,1.3582,0.0
ATOM,2990.0,HH2,TRP,210.0,59.199,23.884,20.15,0.115,1.3582,0.0
ATOM,2991.0,N,GLN,211.0,65.362,17.989,20.025,-0.47,1.85,0.0
ATOM,2992.0,CA,GLN,211.0,66.243,16.846,20.24,0.07,2.275,0.0
ATOM,2993.0,C,GLN,211.0,65.454,15.657,20.732,0.51,2.0,0.0
ATOM,2994.0,O,GLN,211.0,64.632,15.791,21.646,-0.51,1.7,0.0
ATOM,2995.0,CB,GLN,211.0,67.362,17.228,21.201,-0.18,2.175,0.0
ATOM,2996.0,CG,GLN,211.0,68.349,16.161,21.442,-0.18,2.175,0.0
ATOM,2997.0,CD,GLN,211.0,69.605,16.715,22.062,0.55,2.0,0.0
ATOM,2998.0,H,GLN,211.0,64.69,18.336,20.737,0.31,0.2245,0.0
ATOM,2999.0,HA,GLN,211.0,66.655,16.605,19.354,0.09,1.32,0.0
ATOM,3000.0,HB2,GLN,211.0,67.834,18.037,20.824,0.09,1.32,0.0
ATOM,3001.0,HB3,GLN,211.0,66.941,17.494,22.08,0.09,1.32,0.0
ATOM,3002.0,HG2,GLN,211.0,67.968,15.48,22.066,0.09,1.32,0.0
ATOM,3003.0,HG3,GLN,211.0,68.594,15.723,20.578,0.09,1.32,0.0
ATOM,3004.0,OE1,GLN,211.0,69.712,16.748,23.299,-0.55,1.7,0.0
ATOM,3005.0,NE2,GLN,211.0,70.52,17.216,21.223,-0.62,1.85,0.0
ATOM,3006.0,HE21,GLN,211.0,71.382,17.618,21.571,0.32,0.2245,0.0
ATOM,3007.0,HE22,GLN,211.0,70.33,17.184,20.223,0.3,0.2245,0.0
ATOM,3008.0,N,LEU,212.0,65.663,14.5,20.106,-0.47,1.85,0.0
ATOM,3009.0,CA,LEU,212.0,64.794,13.32,20.348,0.07,2.275,0.0
ATOM,3010.0,C,LEU,212.0,64.723,12.947,21.818,0.51,2.0,0.0
ATOM,3011.0,O,LEU,212.0,63.656,12.64,22.348,-0.51,1.7,0.0
ATOM,3012.0,CB,LEU,212.0,65.24,12.114,19.536,-0.18,2.175,0.0
ATOM,3013.0,CG,LEU,212.0,65.256,12.304,18.021,-0.09,2.275,0.0
ATOM,3014.0,CD1,LEU,212.0,65.633,10.967,17.368,-0.27,2.06,0.0
ATOM,3015.0,CD2,LEU,212.0,63.964,12.881,17.438,-0.27,2.06,0.0
ATOM,3016.0,H,LEU,212.0,66.46,14.486,19.452,0.31,0.2245,0.0
ATOM,3017.0,HA,LEU,212.0,63.865,13.551,20.024,0.09,1.32,0.0
ATOM,3018.0,HB2,LEU,212.0,66.167,11.88,19.815,0.09,1.32,0.0
ATOM,3019.0,HB3,LEU,212.0,64.62,11.362,19.734,0.09,1.32,0.0
ATOM,3020.0,HG,LEU,212.0,65.933,12.985,17.782,0.09,1.32,0.0
ATOM,3021.0,HD11,LEU,212.0,64.958,10.277,17.621,0.09,1.32,0.0
ATOM,3022.0,HD12,LEU,212.0,65.647,11.079,16.376,0.09,1.32,0.0
ATOM,3023.0,HD13,LEU,212.0,66.536,10.689,17.689,0.09,1.32,0.0
ATOM,3024.0,HD21,LEU,212.0,63.791,13.778,17.842,0.09,1.32,0.0
ATOM,3025.0,HD22,LEU,212.0,64.06,12.972,16.448,0.09,1.32,0.0
ATOM,3026.0,HD23,LEU,212.0,63.204,12.266,17.647,0.09,1.32,0.0
ATOM,3027.0,N,ALA,213.0,65.87,12.922,22.468,-0.47,1.85,0.0
ATOM,3028.0,CA,ALA,213.0,65.979,12.454,23.833,0.07,2.275,0.0
ATOM,3029.0,C,ALA,213.0,67.345,12.786,24.388,0.51,2.0,0.0
ATOM,3030.0,O,ALA,213.0,68.277,13.129,23.66,-0.51,1.7,0.0
ATOM,3031.0,CB,ALA,213.0,65.796,10.914,23.892,-0.27,2.06,0.0
ATOM,3032.0,H,ALA,213.0,66.69,13.268,21.915,0.31,0.2245,0.0
ATOM,3033.0,HA,ALA,213.0,65.281,12.915,24.393,0.09,1.32,0.0
ATOM,3034.0,HB1,ALA,213.0,66.513,10.486,23.351,0.09,1.32,0.0
ATOM,3035.0,HB2,ALA,213.0,65.86,10.621,24.841,0.09,1.32,0.0
ATOM,3036.0,HB3,ALA,213.0,64.902,10.684,23.521,0.09,1.32,0.0
ATOM,3037.0,N,ASN,214.0,67.476,12.678,25.708,-0.47,1.85,0.0
ATOM,3038.0,CA,ASN,214.0,68.778,12.677,26.357,0.07,2.275,0.0
ATOM,3039.0,C,ASN,214.0,69.408,11.282,26.338,0.51,2.0,0.0
ATOM,3040.0,O,ASN,214.0,68.882,10.357,26.966,-0.51,1.7,0.0
ATOM,3041.0,CB,ASN,214.0,68.666,13.139,27.79,-0.18,2.175,0.0
ATOM,3042.0,CG,ASN,214.0,70.027,13.269,28.45,0.55,2.0,0.0
ATOM,3043.0,H,ASN,214.0,66.576,12.596,26.226,0.31,0.2245,0.0
ATOM,3044.0,HA,ASN,214.0,69.383,13.276,25.819,0.09,1.32,0.0
ATOM,3045.0,HB2,ASN,214.0,68.223,14.029,27.81,0.09,1.32,0.0
ATOM,3046.0,HB3,ASN,214.0,68.132,12.475,28.303,0.09,1.32,0.0
ATOM,3047.0,OD1,ASN,214.0,70.948,13.861,27.884,-0.55,1.7,0.0
ATOM,3048.0,ND2,ASN,214.0,70.185,12.605,29.582,-0.62,1.85,0.0
ATOM,3049.0,HD22,ASN,214.0,69.44,12.052,29.957,0.3,0.2245,0.0
ATOM,3050.0,HD21,ASN,214.0,71.06,12.652,30.074,0.32,0.2245,3.81
ATOM,3051.0,N,GLU,215.0,70.481,11.13,25.571,-0.47,1.85,0.0
ATOM,3052.0,CA,GLU,215.0,71.315,9.926,25.547,0.07,2.275,0.0
ATOM,3053.0,C,GLU,215.0,70.572,8.649,25.17,0.51,2.0,0.0
ATOM,3054.0,O,GLU,215.0,70.754,7.626,25.8,-0.51,1.7,0.0
ATOM,3055.0,CB,GLU,215.0,72.075,9.784,26.878,-0.18,2.175,0.0
ATOM,3056.0,CG,GLU,215.0,72.983,10.964,27.137,-0.28,2.175,0.0
ATOM,3057.0,CD,GLU,215.0,74.059,10.728,28.187,0.62,2.0,0.49
ATOM,3058.0,OE1,GLU,215.0,73.878,9.805,29.034,-0.76,1.7,11.95
ATOM,3059.0,OE2,GLU,215.0,75.081,11.475,28.174,-0.76,1.7,0.9
ATOM,3060.0,H,GLU,215.0,70.691,11.968,24.964,0.31,0.2245,0.0
ATOM,3061.0,HA,GLU,215.0,72.089,10.069,24.895,0.09,1.32,0.0
ATOM,3062.0,HB2,GLU,215.0,71.411,9.748,27.591,0.09,1.32,0.0
ATOM,3063.0,HB3,GLU,215.0,72.627,8.983,26.816,0.09,1.32,0.0
ATOM,3064.0,HG2,GLU,215.0,73.446,11.195,26.29,0.09,1.32,0.0
ATOM,3065.0,HG3,GLU,215.0,72.429,11.725,27.452,0.09,1.32,0.0
ATOM,3066.0,N,PRO,216.0,69.818,8.67,24.081,-0.29,1.85,0.0
ATOM,3067.0,CA,PRO,216.0,69.162,7.431,23.664,0.02,2.275,0.0
ATOM,3068.0,C,PRO,216.0,70.221,6.414,23.287,0.51,2.0,0.0
ATOM,3069.0,O,PRO,216.0,71.142,6.717,22.535,-0.51,1.7,0.0
ATOM,3070.0,CB,PRO,216.0,68.321,7.865,22.452,-0.18,2.175,0.0
ATOM,3071.0,CG,PRO,216.0,69.015,9.024,21.911,-0.18,2.175,0.0
ATOM,3072.0,CD,PRO,216.0,69.616,9.732,23.084,0.0,2.175,0.0
ATOM,3073.0,HA,PRO,216.0,68.567,7.081,24.387,0.09,1.32,0.0
ATOM,3074.0,HB2,PRO,216.0,68.268,7.11,21.785,0.09,1.32,0.0
ATOM,3075.0,HB3,PRO,216.0,67.384,8.088,22.748,0.09,1.32,0.0
ATOM,3076.0,HG2,PRO,216.0,69.738,8.749,21.256,0.09,1.32,0.0
ATOM,3077.0,HG3,PRO,216.0,68.378,9.637,21.417,0.09,1.32,0.0
ATOM,3078.0,HD2,PRO,216.0,70.493,10.162,22.847,0.09,1.32,0.0
ATOM,3079.0,HD3,PRO,216.0,68.999,10.44,23.445,0.09,1.32,0.0
ATOM,3080.0,N,ARG,217.0,70.08,5.195,23.803,-0.47,1.85,0.0
ATOM,3081.0,CA,ARG,217.0,70.985,4.115,23.48,0.07,2.275,0.0
ATOM,3082.0,C,ARG,217.0,70.168,2.932,22.94,0.51,2.0,0.0
ATOM,3083.0,O,ARG,217.0,68.959,2.823,23.217,-0.51,1.7,0.0
ATOM,3084.0,CB,ARG,217.0,71.741,3.636,24.713,-0.18,2.175,0.0
ATOM,3085.0,CG,ARG,217.0,72.685,4.592,25.378,-0.18,2.175,0.0
ATOM,3086.0,CD,ARG,217.0,73.331,3.947,26.618,0.2,2.175,0.05
ATOM,3087.0,NE,ARG,217.0,74.483,4.708,27.049,-0.7,1.85,0.0
ATOM,3088.0,CZ,ARG,217.0,75.47,4.231,27.771,0.64,2.0,0.0
ATOM,3089.0,NH1,ARG,217.0,75.455,2.964,28.203,-0.8,1.85,8.81
ATOM,3090.0,NH2,ARG,217.0,76.49,5.032,28.09,-0.8,1.85,5.31
ATOM,3091.0,H,ARG,217.0,69.269,5.095,24.451,0.31,0.2245,0.0
ATOM,3092.0,HA,ARG,217.0,71.617,4.411,22.765,0.09,1.32,0.0
ATOM,3093.0,HB2,ARG,217.0,71.053,3.343,25.401,0.09,1.32,0.0
ATOM,3094.0,HB3,ARG,217.0,72.266,2.807,24.449,0.09,1.32,0.0
ATOM,3095.0,HG2,ARG,217.0,73.419,4.843,24.757,0.09,1.32,0.0
ATOM,3096.0,HG3,ARG,217.0,72.198,5.402,25.685,0.09,1.32,0.0
ATOM,3097.0,HD2,ARG,217.0,72.647,3.929,27.334,0.09,1.32,0.0
ATOM,3098.0,HD3,ARG,217.0,73.604,3.028,26.366,0.09,1.32,1.12
ATOM,3099.0,HE,ARG,217.0,74.531,5.684,26.772,0.44,0.2245,0.0
ATOM,3100.0,HH11,ARG,217.0,74.7,2.361,27.963,0.46,0.2245,1.26
ATOM,3101.0,HH12,ARG,217.0,76.209,2.626,28.768,0.46,0.2245,13.34
ATOM,3102.0,HH21,ARG,217.0,76.505,5.976,27.764,0.46,0.2245,0.0
ATOM,3103.0,HH22,ARG,217.0,77.237,4.684,28.655,0.46,0.2245,6.47
ATOM,3104.0,N,PRO,218.0,70.81,2.037,22.188,-0.29,1.85,0.0
ATOM,3105.0,CA,PRO,218.0,70.135,0.845,21.64,0.02,2.275,0.0
ATOM,3106.0,C,PRO,218.0,69.748,-0.22,22.674,0.51,2.0,0.0
ATOM,3107.0,O,PRO,218.0,68.88,-1.017,22.414,-0.51,1.7,1.63
ATOM,3108.0,CB,PRO,218.0,71.178,0.266,20.661,-0.18,2.175,0.0
ATOM,3109.0,CG,PRO,218.0,72.131,1.358,20.415,-0.18,2.175,0.0
ATOM,3110.0,CD,PRO,218.0,72.186,2.148,21.688,0.0,2.175,0.0
ATOM,3111.0,HA,PRO,218.0,69.314,1.126,21.097,0.09,1.32,0.0
ATOM,3112.0,HB2,PRO,218.0,71.628,-0.536,21.075,0.09,1.32,0.0
ATOM,3113.0,HB3,PRO,218.0,70.724,-0.032,19.812,0.09,1.32,0.0
ATOM,3114.0,HG2,PRO,218.0,73.045,0.996,20.182,0.09,1.32,0.0
ATOM,3115.0,HG3,PRO,218.0,71.824,1.94,19.648,0.09,1.32,0.0
ATOM,3116.0,HD2,PRO,218.0,72.83,1.752,22.339,0.09,1.32,0.0
ATOM,3117.0,HD3,PRO,218.0,72.423,3.103,21.518,0.09,1.32,0.0
ATOM,3118.0,N,GLY,219.0,70.369,-0.192,23.833,-0.47,1.85,0.0
ATOM,3119.0,CA,GLY,219.0,70.118,-1.17,24.879,-0.02,2.175,0.44
ATOM,3120.0,C,GLY,219.0,71.353,-1.29,25.743,0.51,2.0,0.0
ATOM,3121.0,O,GLY,219.0,72.083,-0.314,25.914,-0.51,1.7,1.32
ATOM,3122.0,H,GLY,219.0,71.057,0.59,23.941,0.31,0.2245,0.0
ATOM,3123.0,HA2,GLY,219.0,69.344,-0.873,25.438,0.09,1.32,0.0
ATOM,3124.0,HA3,GLY,219.0,69.908,-2.057,24.467,0.09,1.32,2.02
ATOM,3125.0,N,ASN,220.0,71.568,-2.484,26.288,-0.47,1.85,0.0
ATOM,3126.0,CA,ASN,220.0,72.636,-2.738,27.234,0.07,2.275,0.55
ATOM,3127.0,C,ASN,220.0,73.837,-3.351,26.513,0.51,2.0,1.31
ATOM,3128.0,O,ASN,220.0,73.939,-3.294,25.283,-0.51,1.7,0.0
ATOM,3129.0,CB,ASN,220.0,72.093,-3.555,28.435,-0.18,2.175,0.0
ATOM,3130.0,CG,ASN,220.0,71.748,-4.992,28.087,0.55,2.0,0.0
ATOM,3131.0,H,ASN,220.0,70.895,-3.224,25.971,0.31,0.2245,2.16
ATOM,3132.0,HA,ASN,220.0,72.937,-1.852,27.596,0.09,1.32,0.2
ATOM,3133.0,HB2,ASN,220.0,72.793,-3.555,29.146,0.09,1.32,0.0
ATOM,3134.0,HB3,ASN,220.0,71.271,-3.097,28.769,0.09,1.32,0.0
ATOM,3135.0,OD1,ASN,220.0,72.116,-5.473,27.028,-0.55,1.7,3.43
ATOM,3136.0,ND2,ASN,220.0,70.986,-5.66,28.967,-0.62,1.85,3.32
ATOM,3137.0,HD22,ASN,220.0,70.678,-5.192,29.796,0.3,0.2245,0.0
ATOM,3138.0,HD21,ASN,220.0,70.735,-6.604,28.792,0.32,0.2245,12.88
ATOM,3139.0,N,SER,221.0,74.798,-3.884,27.266,-0.47,1.85,1.21
ATOM,3140.0,CA,SER,221.0,76.006,-4.398,26.656,0.07,2.275,2.9
ATOM,3141.0,C,SER,221.0,75.775,-5.651,25.81,0.51,2.0,0.0
ATOM,3142.0,O,SER,221.0,76.65,-6.036,25.038,-0.51,1.7,21.98
ATOM,3143.0,CB,SER,221.0,77.055,-4.684,27.733,0.05,2.175,23.75
ATOM,3144.0,OG,SER,221.0,76.75,-5.892,28.393,-0.66,1.77,15.81
ATOM,3145.0,H,SER,221.0,74.606,-3.894,28.279,0.31,0.2245,0.0
ATOM,3146.0,HA,SER,221.0,76.382,-3.681,26.041,0.09,1.32,2.06
ATOM,3147.0,HB2,SER,221.0,77.944,-4.762,27.3,0.09,1.32,10.13
ATOM,3148.0,HB3,SER,221.0,77.047,-3.94,28.39,0.09,1.32,3.56
ATOM,3149.0,HG,SER,221.0,75.969,-5.755,29.003,0.43,0.2245,1.17
ATOM,3150.0,N,GLN,222.0,74.635,-6.301,25.983,-0.47,1.85,0.0
ATOM,3151.0,CA,GLN,222.0,74.288,-7.498,25.207,0.07,2.275,3.05
ATOM,3152.0,C,GLN,222.0,73.252,-7.238,24.128,0.51,2.0,0.22
ATOM,3153.0,O,GLN,222.0,72.497,-8.11,23.752,-0.51,1.7,13.69
ATOM,3154.0,CB,GLN,222.0,73.773,-8.56,26.16,-0.18,2.175,6.99
ATOM,3155.0,CG,GLN,222.0,74.809,-9.051,27.159,-0.18,2.175,9.76
ATOM,3156.0,CD,GLN,222.0,74.218,-10.157,28.024,0.55,2.0,2.88
ATOM,3157.0,H,GLN,222.0,74.006,-5.898,26.71,0.31,0.2245,0.0
ATOM,3158.0,HA,GLN,222.0,75.137,-7.824,24.754,0.09,1.32,6.16
ATOM,3159.0,HB2,GLN,222.0,72.998,-8.187,26.677,0.09,1.32,0.86
ATOM,3160.0,HB3,GLN,222.0,73.458,-9.352,25.628,0.09,1.32,6.15
ATOM,3161.0,HG2,GLN,222.0,75.584,-9.416,26.666,0.09,1.32,7.09
ATOM,3162.0,HG3,GLN,222.0,75.074,-8.3,27.744,0.09,1.32,0.07
ATOM,3163.0,OE1,GLN,222.0,73.416,-9.875,28.939,-0.55,1.7,33.04
ATOM,3164.0,NE2,GLN,222.0,74.558,-11.411,27.716,-0.62,1.85,27.02
ATOM,3165.0,HE21,GLN,222.0,74.213,-12.19,28.257,0.32,0.2245,21.76
ATOM,3166.0,HE22,GLN,222.0,75.175,-11.564,26.919,0.3,0.2245,16.84
ATOM,3167.0,N,THR,223.0,73.188,-6.012,23.628,-0.47,1.85,0.09
ATOM,3168.0,CA,THR,223.0,72.251,-5.659,22.572,0.07,2.275,0.0
ATOM,3169.0,C,THR,223.0,72.454,-6.482,21.287,0.51,2.0,0.0
ATOM,3170.0,O,THR,223.0,73.582,-6.668,20.85,-0.51,1.7,15.76
ATOM,3171.0,CB,THR,223.0,72.459,-4.155,22.26,0.14,2.275,0.0
ATOM,3172.0,OG1,THR,223.0,72.068,-3.368,23.406,-0.66,1.77,0.0
ATOM,3173.0,CG2,THR,223.0,71.562,-3.681,21.147,-0.27,2.06,0.0
ATOM,3174.0,H,THR,223.0,73.856,-5.334,24.05,0.31,0.2245,0.0
ATOM,3175.0,HA,THR,223.0,71.308,-5.831,22.903,0.09,1.32,1.06
ATOM,3176.0,HB,THR,223.0,73.448,-3.991,22.087,0.09,1.32,0.0
ATOM,3177.0,HG21,THR,223.0,72.105,-3.234,20.429,0.09,1.32,0.0
ATOM,3178.0,HG22,THR,223.0,71.07,-4.458,20.742,0.09,1.32,0.0
ATOM,3179.0,HG23,THR,223.0,70.889,-3.022,21.499,0.09,1.32,0.0
ATOM,3180.0,HG1,THR,223.0,72.813,-3.345,24.078,0.43,0.2245,0.0
ATOM,3181.0,N,THR,224.0,71.376,-6.977,20.682,-0.47,1.85,0.0
ATOM,3182.0,CA,THR,224.0,71.476,-7.789,19.459,0.07,2.275,0.11
ATOM,3183.0,C,THR,224.0,71.525,-6.942,18.197,0.51,2.0,0.0
ATOM,3184.0,O,THR,224.0,71.149,-5.752,18.208,-0.51,1.7,0.0
ATOM,3185.0,CB,THR,224.0,70.264,-8.721,19.331,0.14,2.275,4.53
ATOM,3186.0,OG1,THR,224.0,69.065,-7.92,19.241,-0.66,1.77,1.78
ATOM,3187.0,CG2,THR,224.0,70.071,-9.557,20.586,-0.27,2.06,35.52
ATOM,3188.0,H,THR,224.0,70.473,-6.746,21.137,0.31,0.2245,0.0
ATOM,3189.0,HA,THR,224.0,72.328,-8.334,19.514,0.09,1.32,6.95
ATOM,3190.0,HB,THR,224.0,70.345,-9.258,18.471,0.09,1.32,5.31
ATOM,3191.0,HG21,THR,224.0,69.161,-9.387,20.972,0.09,1.32,4.28
ATOM,3192.0,HG22,THR,224.0,70.156,-10.531,20.363,0.09,1.32,11.7
ATOM,3193.0,HG23,THR,224.0,70.766,-9.315,21.267,0.09,1.32,0.07
ATOM,3194.0,HG1,THR,224.0,68.893,-7.46,20.116,0.43,0.2245,0.0
ATOM,3195.0,N,ALA,225.0,71.909,-7.564,17.085,-0.47,1.85,2.93
ATOM,3196.0,CA,ALA,225.0,71.872,-6.891,15.798,0.07,2.275,0.75
ATOM,3197.0,C,ALA,225.0,70.466,-6.35,15.475,0.51,2.0,0.57
ATOM,3198.0,O,ALA,225.0,70.316,-5.237,14.961,-0.51,1.7,4.92
ATOM,3199.0,CB,ALA,225.0,72.382,-7.824,14.704,-0.27,2.06,41.42
ATOM,3200.0,H,ALA,225.0,72.226,-8.54,17.218,0.31,0.2245,8.14
ATOM,3201.0,HA,ALA,225.0,72.511,-6.109,15.815,0.09,1.32,0.0
ATOM,3202.0,HB1,ALA,225.0,73.074,-7.351,14.16,0.09,1.32,11.58
ATOM,3203.0,HB2,ALA,225.0,72.784,-8.637,15.122,0.09,1.32,7.76
ATOM,3204.0,HB3,ALA,225.0,71.621,-8.093,14.115,0.09,1.32,8.44
ATOM,3205.0,N,GLU,226.0,69.422,-7.127,15.778,-0.47,1.85,1.11
ATOM,3206.0,CA,GLU,226.0,68.041,-6.685,15.565,0.07,2.275,1.9
ATOM,3207.0,C,GLU,226.0,67.718,-5.429,16.378,0.51,2.0,0.0
ATOM,3208.0,O,GLU,226.0,67.076,-4.486,15.887,-0.51,1.7,0.0
ATOM,3209.0,CB,GLU,226.0,67.044,-7.788,15.949,-0.18,2.175,7.74
ATOM,3210.0,CG,GLU,226.0,65.587,-7.425,15.719,-0.28,2.175,5.18
ATOM,3211.0,CD,GLU,226.0,64.58,-8.452,16.267,0.62,2.0,2.48
ATOM,3212.0,OE1,GLU,226.0,64.548,-8.727,17.494,-0.76,1.7,33.4
ATOM,3213.0,OE2,GLU,226.0,63.797,-8.977,15.453,-0.76,1.7,47.33
ATOM,3214.0,H,GLU,226.0,69.671,-8.055,16.171,0.31,0.2245,2.83
ATOM,3215.0,HA,GLU,226.0,67.895,-6.495,14.585,0.09,1.32,4.91
ATOM,3216.0,HB2,GLU,226.0,67.248,-8.577,15.396,0.09,1.32,10.84
ATOM,3217.0,HB3,GLU,226.0,67.16,-7.972,16.909,0.09,1.32,0.06
ATOM,3218.0,HG2,GLU,226.0,65.4,-6.569,16.175,0.09,1.32,0.0
ATOM,3219.0,HG3,GLU,226.0,65.427,-7.359,14.746,0.09,1.32,9.59
ATOM,3220.0,N,GLU,227.0,68.17,-5.429,17.628,-0.47,1.85,0.0
ATOM,3221.0,CA,GLU,227.0,67.97,-4.256,18.503,0.07,2.275,0.05
ATOM,3222.0,C,GLU,227.0,68.73,-3.034,17.989,0.51,2.0,0.0
ATOM,3223.0,O,GLU,227.0,68.21,-1.914,18.106,-0.51,1.7,0.71
ATOM,3224.0,CB,GLU,227.0,68.303,-4.568,19.943,-0.18,2.175,0.72
ATOM,3225.0,CG,GLU,227.0,67.193,-5.372,20.634,-0.28,2.175,2.2
ATOM,3226.0,CD,GLU,227.0,67.656,-6.196,21.845,0.62,2.0,2.55
ATOM,3227.0,OE1,GLU,227.0,68.873,-6.287,22.171,-0.76,1.7,7.52
ATOM,3228.0,OE2,GLU,227.0,66.752,-6.797,22.498,-0.76,1.7,30.34
ATOM,3229.0,H,GLU,227.0,68.655,-6.285,17.928,0.31,0.2245,0.0
ATOM,3230.0,HA,GLU,227.0,66.986,-4.045,18.554,0.09,1.32,0.0
ATOM,3231.0,HB2,GLU,227.0,69.111,-5.118,19.964,0.09,1.32,0.0
ATOM,3232.0,HB3,GLU,227.0,68.395,-3.727,20.431,0.09,1.32,0.0
ATOM,3233.0,HG2,GLU,227.0,66.51,-4.737,20.957,0.09,1.32,0.81
ATOM,3234.0,HG3,GLU,227.0,66.817,-6.006,19.977,0.09,1.32,0.07
ATOM,3235.0,N,LYS,228.0,69.922,-3.22,17.432,-0.47,1.85,0.0
ATOM,3236.0,CA,LYS,228.0,70.646,-2.094,16.801,0.07,2.275,0.0
ATOM,3237.0,C,LYS,228.0,69.831,-1.526,15.642,0.51,2.0,0.0
ATOM,3238.0,O,LYS,228.0,69.717,-0.303,15.477,-0.51,1.7,0.0
ATOM,3239.0,CB,LYS,228.0,72.037,-2.522,16.331,-0.18,2.175,4.11
ATOM,3240.0,CG,LYS,228.0,73.022,-2.826,17.441,-0.18,2.175,0.0
ATOM,3241.0,CD,LYS,228.0,74.273,-3.521,16.917,-0.18,2.175,4.5
ATOM,3242.0,CE,LYS,228.0,75.344,-3.608,17.993,0.21,2.175,0.84
ATOM,3243.0,NZ,LYS,228.0,76.601,-4.185,17.512,-0.3,1.85,9.4
ATOM,3244.0,H,LYS,228.0,70.291,-4.178,17.472,0.31,0.2245,0.0
ATOM,3245.0,HA,LYS,228.0,70.779,-1.377,17.489,0.09,1.32,0.0
ATOM,3246.0,HB2,LYS,228.0,71.934,-3.344,15.766,0.09,1.32,0.44
ATOM,3247.0,HB3,LYS,228.0,72.414,-1.783,15.766,0.09,1.32,0.0
ATOM,3248.0,HG2,LYS,228.0,73.294,-1.969,17.885,0.09,1.32,0.0
ATOM,3249.0,HG3,LYS,228.0,72.584,-3.421,18.118,0.09,1.32,0.0
ATOM,3250.0,HD2,LYS,228.0,74.033,-4.442,16.632,0.09,1.32,0.02
ATOM,3251.0,HD3,LYS,228.0,74.633,-3.001,16.152,0.09,1.32,0.81
ATOM,3252.0,HE2,LYS,228.0,75.513,-2.676,18.351,0.05,1.32,0.0
ATOM,3253.0,HE3,LYS,228.0,74.984,-4.167,18.757,0.05,1.32,0.0
ATOM,3254.0,HZ1,LYS,228.0,77.272,-3.457,17.346,0.33,0.2245,0.75
ATOM,3255.0,HZ2,LYS,228.0,76.972,-4.819,18.196,0.33,0.2245,18.66
ATOM,3256.0,HZ3,LYS,228.0,76.444,-4.685,16.656,0.33,0.2245,12.28
ATOM,3257.0,N,GLN,229.0,69.242,-2.392,14.825,-0.47,1.85,0.48
ATOM,3258.0,CA,GLN,229.0,68.418,-1.917,13.715,0.07,2.275,0.0
ATOM,3259.0,C,GLN,229.0,67.153,-1.21,14.172,0.51,2.0,0.0
ATOM,3260.0,O,GLN,229.0,66.766,-0.208,13.576,-0.51,1.7,0.0
ATOM,3261.0,CB,GLN,229.0,68.044,-3.067,12.771,-0.18,2.175,4.98
ATOM,3262.0,CG,GLN,229.0,67.474,-2.59,11.43,-0.18,2.175,15.43
ATOM,3263.0,CD,GLN,229.0,68.462,-1.721,10.645,0.55,2.0,2.49
ATOM,3264.0,H,GLN,229.0,69.41,-3.385,15.033,0.31,0.2245,0.0
ATOM,3265.0,HA,GLN,229.0,68.971,-1.252,13.183,0.09,1.32,0.0
ATOM,3266.0,HB2,GLN,229.0,68.86,-3.608,12.583,0.09,1.32,4.26
ATOM,3267.0,HB3,GLN,229.0,67.354,-3.636,13.213,0.09,1.32,1.79
ATOM,3268.0,HG2,GLN,229.0,67.249,-3.388,10.877,0.09,1.32,11.81
ATOM,3269.0,HG3,GLN,229.0,66.652,-2.054,11.605,0.09,1.32,0.0
ATOM,3270.0,OE1,GLN,229.0,69.619,-2.1,10.482,-0.55,1.7,28.53
ATOM,3271.0,NE2,GLN,229.0,68.011,-0.539,10.183,-0.62,1.85,11.51
ATOM,3272.0,HE21,GLN,229.0,68.613,0.076,9.677,0.32,0.2245,11.2
ATOM,3273.0,HE22,GLN,229.0,67.038,-0.296,10.367,0.3,0.2245,0.03
ATOM,3274.0,N,ILE,230.0,66.505,-1.702,15.211,-0.47,1.85,0.0
ATOM,3275.0,CA,ILE,230.0,65.306,-1.046,15.771,0.07,2.275,0.15
ATOM,3276.0,C,ILE,230.0,65.668,0.356,16.236,0.51,2.0,0.0
ATOM,3277.0,O,ILE,230.0,64.929,1.31,15.991,-0.51,1.7,1.14
ATOM,3278.0,CB,ILE,230.0,64.761,-1.87,16.939,-0.09,2.275,0.0
ATOM,3279.0,CG1,ILE,230.0,64.082,-3.134,16.42,-0.18,2.175,9.06
ATOM,3280.0,CG2,ILE,230.0,63.81,-1.042,17.776,-0.27,2.06,1.79
ATOM,3281.0,CD1,ILE,230.0,63.749,-4.15,17.488,-0.27,2.06,7.41
ATOM,3282.0,H,ILE,230.0,66.898,-2.58,15.605,0.31,0.2245,0.0
ATOM,3283.0,HA,ILE,230.0,64.669,-0.945,15.009,0.09,1.32,1.68
ATOM,3284.0,HB,ILE,230.0,65.528,-2.145,17.509,0.09,1.32,0.0
ATOM,3285.0,HG12,ILE,230.0,63.238,-2.87,15.949,0.09,1.32,9.75
ATOM,3286.0,HG13,ILE,230.0,64.691,-3.563,15.748,0.09,1.32,0.83
ATOM,3287.0,HG21,ILE,230.0,63.496,-1.578,18.56,0.09,1.32,0.0
ATOM,3288.0,HG22,ILE,230.0,64.276,-0.221,18.104,0.09,1.32,0.0
ATOM,3289.0,HG23,ILE,230.0,63.02,-0.773,17.224,0.09,1.32,6.69
ATOM,3290.0,HD11,ILE,230.0,63.129,-3.739,18.155,0.09,1.32,0.0
ATOM,3291.0,HD12,ILE,230.0,63.31,-4.943,17.067,0.09,1.32,5.38
ATOM,3292.0,HD13,ILE,230.0,64.589,-4.438,17.946,0.09,1.32,0.0
ATOM,3293.0,N,TYR,231.0,66.823,0.485,16.895,-0.47,1.85,0.0
ATOM,3294.0,CA,TYR,231.0,67.281,1.841,17.285,0.07,2.275,0.0
ATOM,3295.0,C,TYR,231.0,67.54,2.766,16.092,0.51,2.0,0.0
ATOM,3296.0,O,TYR,231.0,67.1,3.925,16.09,-0.51,1.7,0.0
ATOM,3297.0,CB,TYR,231.0,68.514,1.669,18.136,-0.18,2.175,0.0
ATOM,3298.0,CG,TYR,231.0,69.24,2.937,18.514,0.0,1.9924,0.0
ATOM,3299.0,CD1,TYR,231.0,68.88,3.605,19.648,-0.115,1.9924,0.0
ATOM,3300.0,CD2,TYR,231.0,70.349,3.377,17.79,-0.115,1.9924,0.0
ATOM,3301.0,CE1,TYR,231.0,69.534,4.739,20.064,-0.115,1.9924,0.0
ATOM,3302.0,CE2,TYR,231.0,71.035,4.531,18.203,-0.115,1.9924,0.0
ATOM,3303.0,CZ,TYR,231.0,70.612,5.189,19.346,0.11,1.9924,0.0
ATOM,3304.0,OH,TYR,231.0,71.264,6.326,19.778,-0.54,1.77,0.0
ATOM,3305.0,H,TYR,231.0,67.331,-0.37,17.095,0.31,0.2245,0.0
ATOM,3306.0,HA,TYR,231.0,66.554,2.258,17.856,0.09,1.32,0.0
ATOM,3307.0,HB2,TYR,231.0,68.252,1.199,18.989,0.09,1.32,0.0
ATOM,3308.0,HB3,TYR,231.0,69.166,1.079,17.641,0.09,1.32,0.0
ATOM,3309.0,HD1,TYR,231.0,68.106,3.26,20.206,0.115,1.3582,0.0
ATOM,3310.0,HD2,TYR,231.0,70.654,2.884,16.994,0.115,1.3582,0.0
ATOM,3311.0,HE1,TYR,231.0,69.228,5.231,20.883,0.115,1.3582,0.0
ATOM,3312.0,HE2,TYR,231.0,71.809,4.864,17.679,0.115,1.3582,0.0
ATOM,3313.0,HH,TYR,231.0,71.182,6.391,20.77,0.43,0.2245,0.0
ATOM,3314.0,N,ILE,232.0,68.309,2.309,15.105,-0.47,1.85,0.0
ATOM,3315.0,CA,ILE,232.0,68.542,3.079,13.885,0.07,2.275,0.0
ATOM,3316.0,C,ILE,232.0,67.211,3.524,13.3,0.51,2.0,0.0
ATOM,3317.0,O,ILE,232.0,67.025,4.69,12.956,-0.51,1.7,0.0
ATOM,3318.0,CB,ILE,232.0,69.386,2.247,12.869,-0.09,2.275,0.0
ATOM,3319.0,CG1,ILE,232.0,70.808,2.027,13.418,-0.18,2.175,0.0
ATOM,3320.0,CG2,ILE,232.0,69.417,2.932,11.478,-0.27,2.06,1.87
ATOM,3321.0,CD1,ILE,232.0,71.585,0.881,12.776,-0.27,2.06,6.4
ATOM,3322.0,H,ILE,232.0,68.723,1.371,15.276,0.31,0.2245,0.0
ATOM,3323.0,HA,ILE,232.0,69.026,3.908,14.165,0.09,1.32,0.0
ATOM,3324.0,HB,ILE,232.0,68.952,1.363,12.773,0.09,1.32,0.0
ATOM,3325.0,HG12,ILE,232.0,71.327,2.876,13.294,0.09,1.32,0.0
ATOM,3326.0,HG13,ILE,232.0,70.736,1.849,14.403,0.09,1.32,0.0
ATOM,3327.0,HG21,ILE,232.0,69.919,2.351,10.847,0.09,1.32,1.25
ATOM,3328.0,HG22,ILE,232.0,68.483,3.055,11.162,0.09,1.32,0.0
ATOM,3329.0,HG23,ILE,232.0,69.868,3.813,11.566,0.09,1.32,0.0
ATOM,3330.0,HD11,ILE,232.0,71.678,1.059,11.8,0.09,1.32,0.72
ATOM,3331.0,HD12,ILE,232.0,72.486,0.823,13.198,0.09,1.32,0.0
ATOM,3332.0,HD13,ILE,232.0,71.087,0.03,12.92,0.09,1.32,0.06
ATOM,3333.0,N,ASP,233.0,66.285,2.591,13.138,-0.47,1.85,0.0
ATOM,3334.0,CA,ASP,233.0,65.006,2.914,12.54,0.07,2.275,0.84
ATOM,3335.0,C,ASP,233.0,64.19,3.928,13.382,0.51,2.0,0.28
ATOM,3336.0,O,ASP,233.0,63.448,4.78,12.852,-0.51,1.7,2.24
ATOM,3337.0,CB,ASP,233.0,64.193,1.634,12.34,-0.28,2.175,13.88
ATOM,3338.0,CG,ASP,233.0,64.766,0.726,11.274,0.62,2.0,2.85
ATOM,3339.0,OD1,ASP,233.0,65.65,1.118,10.48,-0.76,1.7,13.31
ATOM,3340.0,OD2,ASP,233.0,64.369,-0.456,11.186,-0.76,1.7,28.48
ATOM,3341.0,H,ASP,233.0,66.549,1.646,13.465,0.31,0.2245,0.0
ATOM,3342.0,HA,ASP,233.0,65.185,3.365,11.652,0.09,1.32,0.59
ATOM,3343.0,HB2,ASP,233.0,64.177,1.143,13.206,0.09,1.32,0.07
ATOM,3344.0,HB3,ASP,233.0,63.269,1.895,12.077,0.09,1.32,9.46
ATOM,3345.0,N,TRP,234.0,64.313,3.837,14.703,-0.47,1.85,0.46
ATOM,3346.0,CA,TRP,234.0,63.629,4.766,15.598,0.07,2.275,2.63
ATOM,3347.0,C,TRP,234.0,64.165,6.178,15.402,0.51,2.0,0.0
ATOM,3348.0,O,TRP,234.0,63.384,7.128,15.311,-0.51,1.7,0.0
ATOM,3349.0,CB,TRP,234.0,63.761,4.342,17.061,-0.18,2.175,0.48
ATOM,3350.0,CG,TRP,234.0,63.149,5.315,18.009,-0.03,1.9924,0.0
ATOM,3351.0,CD1,TRP,234.0,61.844,5.466,18.294,0.035,1.9924,1.86
ATOM,3352.0,CD2,TRP,234.0,63.849,6.321,18.772,-0.02,1.8,0.0
ATOM,3353.0,NE1,TRP,234.0,61.664,6.48,19.203,-0.61,1.85,0.0
ATOM,3354.0,CE2,TRP,234.0,62.886,7.028,19.502,0.13,1.8,0.0
ATOM,3355.0,CE3,TRP,234.0,65.202,6.686,18.904,-0.115,1.9924,0.0
ATOM,3356.0,CZ2,TRP,234.0,63.213,8.075,20.353,-0.115,1.9924,0.0
ATOM,3357.0,CZ3,TRP,234.0,65.529,7.72,19.77,-0.115,1.9924,0.0
ATOM,3358.0,CH2,TRP,234.0,64.534,8.408,20.465,-0.115,1.9924,0.0
ATOM,3359.0,H,TRP,234.0,64.923,3.067,15.034,0.31,0.2245,0.0
ATOM,3360.0,HA,TRP,234.0,62.657,4.772,15.348,0.09,1.32,2.53
ATOM,3361.0,HB2,TRP,234.0,63.3,3.473,17.185,0.09,1.32,1.58
ATOM,3362.0,HB3,TRP,234.0,64.724,4.268,17.287,0.09,1.32,0.0
ATOM,3363.0,HD1,TRP,234.0,61.095,4.921,17.904,0.115,1.3582,4.61
ATOM,3364.0,HE1,TRP,234.0,60.79,6.772,19.585,0.38,0.2245,0.0
ATOM,3365.0,HE3,TRP,234.0,65.91,6.214,18.39,0.115,1.3582,0.0
ATOM,3366.0,HZ2,TRP,234.0,62.494,8.562,20.861,0.115,1.3582,0.0
ATOM,3367.0,HZ3,TRP,234.0,66.483,7.967,19.89,0.115,1.3582,0.0
ATOM,3368.0,HH2,TRP,234.0,64.805,9.169,21.064,0.115,1.3582,0.0
ATOM,3369.0,N,VAL,235.0,65.485,6.326,15.372,-0.47,1.85,0.0
ATOM,3370.0,CA,VAL,235.0,66.062,7.682,15.186,0.07,2.275,0.0
ATOM,3371.0,C,VAL,235.0,65.556,8.244,13.851,0.51,2.0,0.0
ATOM,3372.0,O,VAL,235.0,65.127,9.409,13.774,-0.51,1.7,0.0
ATOM,3373.0,CB,VAL,235.0,67.597,7.664,15.185,-0.09,2.275,0.0
ATOM,3374.0,CG1,VAL,235.0,68.159,9.044,14.861,-0.27,2.06,0.0
ATOM,3375.0,CG2,VAL,235.0,68.134,7.218,16.552,-0.27,2.06,0.0
ATOM,3376.0,H,VAL,235.0,66.043,5.482,15.481,0.31,0.2245,0.0
ATOM,3377.0,HA,VAL,235.0,65.719,8.261,15.917,0.09,1.32,0.0
ATOM,3378.0,HB,VAL,235.0,67.895,7.052,14.456,0.09,1.32,0.0
ATOM,3379.0,HG11,VAL,235.0,69.15,8.981,14.748,0.09,1.32,0.0
ATOM,3380.0,HG12,VAL,235.0,67.747,9.381,14.015,0.09,1.32,0.0
ATOM,3381.0,HG13,VAL,235.0,67.948,9.673,15.608,0.09,1.32,0.0
ATOM,3382.0,HG21,VAL,235.0,68.012,6.232,16.642,0.09,1.32,0.0
ATOM,3383.0,HG22,VAL,235.0,69.103,7.449,16.61,0.09,1.32,0.0
ATOM,3384.0,HG23,VAL,235.0,67.627,7.692,17.269,0.09,1.32,0.0
ATOM,3385.0,N,HIS,236.0,65.629,7.441,12.794,-0.47,1.85,0.0
ATOM,3386.0,CA,HIS,236.0,65.144,7.895,11.476,0.07,2.275,0.0
ATOM,3387.0,C,HIS,236.0,63.662,8.301,11.527,0.51,2.0,0.06
ATOM,3388.0,O,HIS,236.0,63.276,9.371,11.035,-0.51,1.7,0.74
ATOM,3389.0,CB,HIS,236.0,65.31,6.809,10.425,-0.09,2.175,6.52
ATOM,3390.0,CG,HIS,236.0,66.727,6.532,10.062,-0.05,1.8,0.0
ATOM,3391.0,H,HIS,236.0,66.035,6.514,12.962,0.31,0.2245,0.0
ATOM,3392.0,HA,HIS,236.0,65.681,8.702,11.204,0.09,1.32,0.0
ATOM,3393.0,HB2,HIS,236.0,64.897,5.954,10.766,0.09,1.32,0.13
ATOM,3394.0,HB3,HIS,236.0,64.816,7.083,9.589,0.09,1.32,9.6
ATOM,3395.0,ND1,HIS,236.0,67.071,5.68,9.03,-0.36,1.85,3.95
ATOM,3396.0,CD2,HIS,236.0,67.89,6.911,10.643,0.22,1.8,0.0
ATOM,3397.0,CE1,HIS,236.0,68.39,5.581,8.976,0.25,1.8,9.86
ATOM,3398.0,NE2,HIS,236.0,68.909,6.348,9.917,-0.7,1.85,0.0
ATOM,3399.0,HD1,HIS,236.0,66.428,5.217,8.426,0.32,0.2245,17.54
ATOM,3400.0,HD2,HIS,236.0,67.988,7.49,11.448,0.1,1.468,0.0
ATOM,3401.0,HE1,HIS,236.0,68.905,5.02,8.333,0.13,0.9,14.48
ATOM,3402.0,N,ALA,237.0,62.837,7.45,12.115,-0.47,1.85,0.02
ATOM,3403.0,CA,ALA,237.0,61.369,7.681,12.088,0.07,2.275,3.07
ATOM,3404.0,C,ALA,237.0,60.954,8.878,12.949,0.51,2.0,0.13
ATOM,3405.0,O,ALA,237.0,60.062,9.643,12.586,-0.51,1.7,3.63
ATOM,3406.0,CB,ALA,237.0,60.65,6.489,12.532,-0.27,2.06,30.16
ATOM,3407.0,H,ALA,237.0,63.27,6.643,12.577,0.31,0.2245,0.0
ATOM,3408.0,HA,ALA,237.0,61.097,7.859,11.133,0.09,1.32,4.94
ATOM,3409.0,HB1,ALA,237.0,61.165,5.999,13.249,0.09,1.32,0.0
ATOM,3410.0,HB2,ALA,237.0,59.745,6.729,12.912,0.09,1.32,9.69
ATOM,3411.0,HB3,ALA,237.0,60.501,5.847,11.767,0.09,1.32,11.78
ATOM,3412.0,N,ALA,238.0,61.621,9.039,14.083,-0.47,1.85,0.27
ATOM,3413.0,CA,ALA,238.0,61.298,10.12,15.003,0.07,2.275,2.25
ATOM,3414.0,C,ALA,238.0,61.711,11.445,14.432,0.51,2.0,0.0
ATOM,3415.0,O,ALA,238.0,60.965,12.419,14.544,-0.51,1.7,0.0
ATOM,3416.0,CB,ALA,238.0,61.96,9.871,16.368,-0.27,2.06,1.28
ATOM,3417.0,H,ALA,238.0,62.373,8.346,14.253,0.31,0.2245,0.0
ATOM,3418.0,HA,ALA,238.0,60.3,10.123,15.157,0.09,1.32,3.03
ATOM,3419.0,HB1,ALA,238.0,61.57,9.049,16.775,0.09,1.32,0.97
ATOM,3420.0,HB2,ALA,238.0,62.941,9.751,16.238,0.09,1.32,0.0
ATOM,3421.0,HB3,ALA,238.0,61.791,10.655,16.961,0.09,1.32,0.0
ATOM,3422.0,N,ALA,239.0,62.897,11.507,13.824,-0.47,1.85,0.0
ATOM,3423.0,CA,ALA,239.0,63.337,12.743,13.195,0.07,2.275,0.0
ATOM,3424.0,C,ALA,239.0,62.42,13.091,12.021,0.51,2.0,0.0
ATOM,3425.0,O,ALA,239.0,62.065,14.255,11.831,-0.51,1.7,0.0
ATOM,3426.0,CB,ALA,239.0,64.785,12.618,12.748,-0.27,2.06,0.0
ATOM,3427.0,H,ALA,239.0,63.446,10.637,13.841,0.31,0.2245,0.0
ATOM,3428.0,HA,ALA,239.0,63.289,13.488,13.866,0.09,1.32,0.0
ATOM,3429.0,HB1,ALA,239.0,65.354,12.352,13.526,0.09,1.32,0.0
ATOM,3430.0,HB2,ALA,239.0,64.856,11.923,12.033,0.09,1.32,0.0
ATOM,3431.0,HB3,ALA,239.0,65.102,13.496,12.39,0.09,1.32,0.0
ATOM,3432.0,N,ALA,240.0,62.016,12.091,11.25,-0.47,1.85,0.0
ATOM,3433.0,CA,ALA,240.0,61.124,12.344,10.12,0.07,2.275,0.54
ATOM,3434.0,C,ALA,240.0,59.765,12.835,10.634,0.51,2.0,0.12
ATOM,3435.0,O,ALA,240.0,59.18,13.741,10.036,-0.51,1.7,1.11
ATOM,3436.0,CB,ALA,240.0,60.975,11.1,9.264,-0.27,2.06,22.91
ATOM,3437.0,H,ALA,240.0,62.37,11.159,11.505,0.31,0.2245,0.0
ATOM,3438.0,HA,ALA,240.0,61.523,13.059,9.544,0.09,1.32,0.0
ATOM,3439.0,HB1,ALA,240.0,61.74,10.479,9.437,0.09,1.32,0.48
ATOM,3440.0,HB2,ALA,240.0,60.117,10.637,9.489,0.09,1.32,6.09
ATOM,3441.0,HB3,ALA,240.0,60.969,11.356,8.297,0.09,1.32,7.4
ATOM,3442.0,N,TYR,241.0,59.29,12.29,11.745,-0.47,1.85,0.18
ATOM,3443.0,CA,TYR,241.0,58.016,12.723,12.308,0.07,2.275,2.58
ATOM,3444.0,C,TYR,241.0,58.077,14.206,12.705,0.51,2.0,0.0
ATOM,3445.0,O,TYR,241.0,57.176,14.968,12.409,-0.51,1.7,0.0
ATOM,3446.0,CB,TYR,241.0,57.571,11.847,13.478,-0.18,2.175,0.95
ATOM,3447.0,CG,TYR,241.0,56.315,12.328,14.087,0.0,1.9924,0.0
ATOM,3448.0,CD1,TYR,241.0,55.116,12.257,13.393,-0.115,1.9924,2.52
ATOM,3449.0,CD2,TYR,241.0,56.311,12.921,15.341,-0.115,1.9924,0.0
ATOM,3450.0,CE1,TYR,241.0,53.926,12.743,13.951,-0.115,1.9924,5.02
ATOM,3451.0,CE2,TYR,241.0,55.152,13.411,15.889,-0.115,1.9924,0.0
ATOM,3452.0,CZ,TYR,241.0,53.957,13.318,15.196,0.11,1.9924,0.0
ATOM,3453.0,OH,TYR,241.0,52.788,13.811,15.746,-0.54,1.77,12.28
ATOM,3454.0,H,TYR,241.0,59.883,11.554,12.165,0.31,0.2245,0.0
ATOM,3455.0,HA,TYR,241.0,57.305,12.622,11.606,0.09,1.32,0.64
ATOM,3456.0,HB2,TYR,241.0,57.437,10.925,13.134,0.09,1.32,5.68
ATOM,3457.0,HB3,TYR,241.0,58.293,11.862,14.161,0.09,1.32,0.0
ATOM,3458.0,HD1,TYR,241.0,55.091,11.854,12.477,0.115,1.3582,10.07
ATOM,3459.0,HD2,TYR,241.0,57.17,12.989,15.851,0.115,1.3582,0.0
ATOM,3460.0,HE1,TYR,241.0,53.072,12.665,13.439,0.115,1.3582,16.7
ATOM,3461.0,HE2,TYR,241.0,55.164,13.842,16.799,0.115,1.3582,0.0
ATOM,3462.0,HH,TYR,241.0,52.87,13.805,16.74,0.43,0.2245,0.7
ATOM,3463.0,N,ILE,242.0,59.139,14.602,13.383,-0.47,1.85,0.0
ATOM,3464.0,CA,ILE,242.0,59.265,15.997,13.807,0.07,2.275,0.0
ATOM,3465.0,C,ILE,242.0,59.27,16.896,12.577,0.51,2.0,0.0
ATOM,3466.0,O,ILE,242.0,58.67,17.977,12.583,-0.51,1.7,0.0
ATOM,3467.0,CB,ILE,242.0,60.533,16.207,14.643,-0.09,2.275,0.0
ATOM,3468.0,CG1,ILE,242.0,60.394,15.516,15.994,-0.18,2.175,0.0
ATOM,3469.0,CG2,ILE,242.0,60.774,17.702,14.855,-0.27,2.06,0.0
ATOM,3470.0,CD1,ILE,242.0,61.639,15.442,16.78,-0.27,2.06,0.0
ATOM,3471.0,H,ILE,242.0,59.842,13.878,13.581,0.31,0.2245,0.0
ATOM,3472.0,HA,ILE,242.0,58.433,16.211,14.316,0.09,1.32,0.0
ATOM,3473.0,HB,ILE,242.0,61.294,15.789,14.158,0.09,1.32,0.0
ATOM,3474.0,HG12,ILE,242.0,59.688,16.006,16.52,0.09,1.32,0.0
ATOM,3475.0,HG13,ILE,242.0,60.047,14.584,15.825,0.09,1.32,0.0
ATOM,3476.0,HG21,ILE,242.0,61.611,17.83,15.382,0.09,1.32,0.0
ATOM,3477.0,HG22,ILE,242.0,60.864,18.151,13.969,0.09,1.32,0.0
ATOM,3478.0,HG23,ILE,242.0,60.003,18.093,15.351,0.09,1.32,0.0
ATOM,3479.0,HD11,ILE,242.0,61.989,16.365,16.971,0.09,1.32,0.0
ATOM,3480.0,HD12,ILE,242.0,61.474,14.976,17.655,0.09,1.32,0.0
ATOM,3481.0,HD13,ILE,242.0,62.343,14.932,16.274,0.09,1.32,0.0
ATOM,3482.0,N,LYS,243.0,59.922,16.477,11.498,-0.47,1.85,0.0
ATOM,3483.0,CA,LYS,243.0,59.964,17.313,10.295,0.07,2.275,0.0
ATOM,3484.0,C,LYS,243.0,58.567,17.47,9.655,0.51,2.0,0.59
ATOM,3485.0,O,LYS,243.0,58.356,18.455,8.963,-0.51,1.7,7.5
ATOM,3486.0,CB,LYS,243.0,60.957,16.764,9.27,-0.18,2.175,8.79
ATOM,3487.0,CG,LYS,243.0,62.413,16.82,9.709,-0.18,2.175,1.11
ATOM,3488.0,CD,LYS,243.0,62.921,18.24,9.929,-0.18,2.175,1.68
ATOM,3489.0,CE,LYS,243.0,64.388,18.249,10.124,0.21,2.175,2.09
ATOM,3490.0,NZ,LYS,243.0,65.01,19.615,10.232,-0.3,1.85,3.44
ATOM,3491.0,H,LYS,243.0,60.373,15.559,11.576,0.31,0.2245,0.0
ATOM,3492.0,HA,LYS,243.0,60.301,18.23,10.544,0.09,1.32,0.0
ATOM,3493.0,HB2,LYS,243.0,60.722,15.809,9.087,0.09,1.32,0.65
ATOM,3494.0,HB3,LYS,243.0,60.862,17.296,8.428,0.09,1.32,6.16
ATOM,3495.0,HG2,LYS,243.0,62.515,16.305,10.569,0.09,1.32,0.0
ATOM,3496.0,HG3,LYS,243.0,62.984,16.379,9.007,0.09,1.32,0.0
ATOM,3497.0,HD2,LYS,243.0,62.685,18.782,9.127,0.09,1.32,1.88
ATOM,3498.0,HD3,LYS,243.0,62.472,18.61,10.737,0.09,1.32,0.0
ATOM,3499.0,HE2,LYS,243.0,64.628,17.731,10.97,0.05,1.32,0.0
ATOM,3500.0,HE3,LYS,243.0,64.844,17.761,9.352,0.05,1.32,1.32
ATOM,3501.0,HZ1,LYS,243.0,65.241,19.791,11.186,0.33,0.2245,0.0
ATOM,3502.0,HZ2,LYS,243.0,65.834,19.64,9.671,0.33,0.2245,3.43
ATOM,3503.0,HZ3,LYS,243.0,64.356,20.294,9.909,0.33,0.2245,0.43
ATOM,3504.0,N,THR,244.0,57.638,16.536,9.887,-0.47,1.85,0.28
ATOM,3505.0,CA,THR,244.0,56.253,16.731,9.42,0.07,2.275,1.2
ATOM,3506.0,C,THR,244.0,55.539,17.809,10.214,0.51,2.0,0.0
ATOM,3507.0,O,THR,244.0,54.598,18.398,9.709,-0.51,1.7,28.7
ATOM,3508.0,CB,THR,244.0,55.358,15.441,9.456,0.14,2.275,6.47
ATOM,3509.0,OG1,THR,244.0,55.035,15.084,10.808,-0.66,1.77,4.87
ATOM,3510.0,CG2,THR,244.0,56.016,14.245,8.805,-0.27,2.06,27.07
ATOM,3511.0,H,THR,244.0,57.959,15.707,10.397,0.31,0.2245,0.0
ATOM,3512.0,HA,THR,244.0,56.288,17.012,8.451,0.09,1.32,9.08
ATOM,3513.0,HB,THR,244.0,54.49,15.645,8.958,0.09,1.32,10.65
ATOM,3514.0,HG21,THR,244.0,56.767,13.909,9.381,0.09,1.32,0.0
ATOM,3515.0,HG22,THR,244.0,55.346,13.507,8.682,0.09,1.32,11.88
ATOM,3516.0,HG23,THR,244.0,56.386,14.501,7.907,0.09,1.32,10.74
ATOM,3517.0,HG1,THR,244.0,55.866,15.07,11.373,0.43,0.2245,0.0
ATOM,3518.0,N,LEU,245.0,55.969,18.041,11.455,-0.47,1.85,0.0
ATOM,3519.0,CA,LEU,245.0,55.409,19.104,12.302,0.07,2.275,0.33
ATOM,3520.0,C,LEU,245.0,56.09,20.468,12.088,0.51,2.0,0.82
ATOM,3521.0,O,LEU,245.0,55.465,21.522,12.297,-0.51,1.7,18.08
ATOM,3522.0,CB,LEU,245.0,55.507,18.696,13.78,-0.18,2.175,0.0
ATOM,3523.0,CG,LEU,245.0,54.765,17.42,14.187,-0.09,2.275,0.0
ATOM,3524.0,CD1,LEU,245.0,55.056,17.041,15.617,-0.27,2.06,0.0
ATOM,3525.0,CD2,LEU,245.0,53.272,17.597,13.924,-0.27,2.06,18.06
ATOM,3526.0,H,LEU,245.0,56.733,17.408,11.774,0.31,0.2245,0.0
ATOM,3527.0,HA,LEU,245.0,54.427,19.205,12.079,0.09,1.32,3.23
ATOM,3528.0,HB2,LEU,245.0,56.472,18.561,13.993,0.09,1.32,0.0
ATOM,3529.0,HB3,LEU,245.0,55.138,19.443,14.326,0.09,1.32,0.0
ATOM,3530.0,HG,LEU,245.0,55.049,16.675,13.575,0.09,1.32,0.0
ATOM,3531.0,HD11,LEU,245.0,54.768,17.779,16.231,0.09,1.32,0.0
ATOM,3532.0,HD12,LEU,245.0,54.558,16.204,15.856,0.09,1.32,0.0
ATOM,3533.0,HD13,LEU,245.0,56.039,16.882,15.735,0.09,1.32,0.0
ATOM,3534.0,HD21,LEU,245.0,53.125,17.774,12.951,0.09,1.32,3.39
ATOM,3535.0,HD22,LEU,245.0,52.787,16.764,14.19,0.09,1.32,1.23
ATOM,3536.0,HD23,LEU,245.0,52.929,18.369,14.46,0.09,1.32,0.0
ATOM,3537.0,N,ASP,246.0,57.36,20.459,11.687,-0.47,1.85,0.8
ATOM,3538.0,CA,ASP,246.0,58.205,21.668,11.74,0.07,2.275,0.2
ATOM,3539.0,C,ASP,246.0,59.308,21.47,10.708,0.51,2.0,0.0
ATOM,3540.0,O,ASP,246.0,60.249,20.705,10.897,-0.51,1.7,0.08
ATOM,3541.0,CB,ASP,246.0,58.756,21.86,13.147,-0.28,2.175,0.0
ATOM,3542.0,CG,ASP,246.0,59.553,23.131,13.326,0.62,2.0,0.0
ATOM,3543.0,OD1,ASP,246.0,60.05,23.708,12.317,-0.76,1.7,0.34
ATOM,3544.0,OD2,ASP,246.0,59.767,23.573,14.487,-0.76,1.7,0.0
ATOM,3545.0,H,ASP,246.0,57.704,19.545,11.338,0.31,0.2245,0.0
ATOM,3546.0,HA,ASP,246.0,57.646,22.425,11.434,0.09,1.32,2.12
ATOM,3547.0,HB2,ASP,246.0,57.983,21.874,13.782,0.09,1.32,0.0
ATOM,3548.0,HB3,ASP,246.0,59.345,21.08,13.357,0.09,1.32,0.0
ATOM,3549.0,N,ALA,247.0,59.131,22.102,9.568,-0.47,1.85,0.79
ATOM,3550.0,CA,ALA,247.0,59.979,21.805,8.416,0.07,2.275,0.81
ATOM,3551.0,C,ALA,247.0,61.307,22.489,8.551,0.51,2.0,0.0
ATOM,3552.0,O,ALA,247.0,62.27,22.119,7.837,-0.51,1.7,18.38
ATOM,3553.0,CB,ALA,247.0,59.297,22.27,7.125,-0.27,2.06,29.16
ATOM,3554.0,H,ALA,247.0,58.371,22.8,9.553,0.31,0.2245,6.42
ATOM,3555.0,HA,ALA,247.0,60.121,20.808,8.375,0.09,1.32,0.09
ATOM,3556.0,HB1,ALA,247.0,58.986,21.473,6.612,0.09,1.32,9.87
ATOM,3557.0,HB2,ALA,247.0,58.516,22.848,7.355,0.09,1.32,4.86
ATOM,3558.0,HB3,ALA,247.0,59.95,22.789,6.577,0.09,1.32,2.08
ATOM,3559.0,N,HIS,248.0,61.361,23.49,9.435,-0.47,1.85,0.0
ATOM,3560.0,CA,HIS,248.0,62.456,24.424,9.468,0.07,2.275,0.22
ATOM,3561.0,C,HIS,248.0,63.428,24.395,10.679,0.51,2.0,0.0
ATOM,3562.0,O,HIS,248.0,64.607,24.649,10.439,-0.51,1.7,12.02
ATOM,3563.0,CB,HIS,248.0,61.891,25.809,9.27,-0.09,2.175,5.09
ATOM,3564.0,CG,HIS,248.0,61.178,25.94,7.953,-0.05,1.8,0.88
ATOM,3565.0,H,HIS,248.0,60.545,23.526,10.086,0.31,0.2245,0.0
ATOM,3566.0,HA,HIS,248.0,63.037,24.282,8.618,0.09,1.32,3.16
ATOM,3567.0,HB2,HIS,248.0,61.236,26.015,9.997,0.09,1.32,0.31
ATOM,3568.0,HB3,HIS,248.0,62.631,26.481,9.288,0.09,1.32,4.77
ATOM,3569.0,ND1,HIS,248.0,59.803,26.059,7.848,-0.36,1.85,5.98
ATOM,3570.0,CD2,HIS,248.0,61.652,25.915,6.68,0.22,1.8,16.67
ATOM,3571.0,CE1,HIS,248.0,59.467,26.125,6.569,0.25,1.8,19.52
ATOM,3572.0,NE2,HIS,248.0,60.566,26.032,5.84,-0.7,1.85,27.54
ATOM,3573.0,HD1,HIS,248.0,59.169,26.09,8.618,0.32,0.2245,14.0
ATOM,3574.0,HD2,HIS,248.0,62.603,25.828,6.405,0.1,1.468,15.11
ATOM,3575.0,HE1,HIS,248.0,58.541,26.226,6.215,0.13,0.9,17.93
ATOM,3576.0,N,HIS,249.0,63.001,24.081,11.905,-0.47,1.85,0.0
ATOM,3577.0,CA,HIS,249.0,63.999,23.965,12.972,0.07,2.275,0.0
ATOM,3578.0,C,HIS,249.0,64.921,22.753,12.747,0.51,2.0,0.0
ATOM,3579.0,O,HIS,249.0,64.478,21.733,12.213,-0.51,1.7,0.0
ATOM,3580.0,CB,HIS,249.0,63.352,23.787,14.361,-0.09,2.175,0.0
ATOM,3581.0,CG,HIS,249.0,62.76,25.029,14.93,-0.05,1.8,0.0
ATOM,3582.0,ND1,HIS,249.0,61.403,25.232,15.027,-0.36,1.85,0.0
ATOM,3583.0,CD2,HIS,249.0,63.344,26.172,15.364,0.22,1.8,0.0
ATOM,3584.0,CE1,HIS,249.0,61.183,26.435,15.537,0.25,1.8,0.0
ATOM,3585.0,NE2,HIS,249.0,62.344,27.037,15.714,-0.7,1.85,0.0
ATOM,3586.0,H,HIS,249.0,62.007,23.942,12.019,0.31,0.2245,0.0
ATOM,3587.0,HA,HIS,249.0,64.569,24.794,12.967,0.09,1.32,0.09
ATOM,3588.0,HB2,HIS,249.0,62.628,23.088,14.289,0.09,1.32,0.0
ATOM,3589.0,HB3,HIS,249.0,64.055,23.444,14.998,0.09,1.32,0.0
ATOM,3590.0,HD1,HIS,249.0,60.699,24.58,14.758,0.32,0.2245,0.0
ATOM,3591.0,HD2,HIS,249.0,64.326,26.348,15.417,0.1,1.468,0.51
ATOM,3592.0,HE1,HIS,249.0,60.289,26.82,15.75,0.13,0.9,0.0
ATOM,3593.0,N,LEU,250.0,66.135,22.826,13.284,-0.47,1.85,0.0
ATOM,3594.0,CA,LEU,250.0,67.052,21.692,13.262,0.07,2.275,0.0
ATOM,3595.0,C,LEU,250.0,66.558,20.598,14.18,0.51,2.0,0.0
ATOM,3596.0,O,LEU,250.0,65.818,20.885,15.148,-0.51,1.7,0.0
ATOM,3597.0,CB,LEU,250.0,68.434,22.11,13.708,-0.18,2.175,0.0
ATOM,3598.0,CG,LEU,250.0,69.088,23.268,12.946,-0.09,2.275,0.0
ATOM,3599.0,CD1,LEU,250.0,70.478,23.631,13.495,-0.27,2.06,0.0
ATOM,3600.0,CD2,LEU,250.0,69.144,22.947,11.466,-0.27,2.06,5.49
ATOM,3601.0,H,LEU,250.0,66.368,23.743,13.712,0.31,0.2245,0.07
ATOM,3602.0,HA,LEU,250.0,67.092,21.333,12.324,0.09,1.32,0.0
ATOM,3603.0,HB2,LEU,250.0,68.384,22.387,14.669,0.09,1.32,0.0
ATOM,3604.0,HB3,LEU,250.0,69.045,21.323,13.621,0.09,1.32,0.0
ATOM,3605.0,HG,LEU,250.0,68.493,24.077,13.007,0.09,1.32,0.0
ATOM,3606.0,HD11,LEU,250.0,71.076,22.836,13.421,0.09,1.32,0.0
ATOM,3607.0,HD12,LEU,250.0,70.852,24.387,12.962,0.09,1.32,0.0
ATOM,3608.0,HD13,LEU,250.0,70.391,23.901,14.451,0.09,1.32,0.0
ATOM,3609.0,HD21,LEU,250.0,68.216,22.806,11.116,0.09,1.32,1.29
ATOM,3610.0,HD22,LEU,250.0,69.572,23.706,10.972,0.09,1.32,0.0
ATOM,3611.0,HD23,LEU,250.0,69.681,22.114,11.321,0.09,1.32,0.0
ATOM,3612.0,N,VAL,251.0,66.968,19.362,13.869,-0.47,1.85,0.0
ATOM,3613.0,CA,VAL,251.0,66.651,18.201,14.681,0.07,2.275,0.0
ATOM,3614.0,C,VAL,251.0,67.947,17.42,14.921,0.51,2.0,0.0
ATOM,3615.0,O,VAL,251.0,68.757,17.225,13.996,-0.51,1.7,0.0
ATOM,3616.0,CB,VAL,251.0,65.631,17.302,13.984,-0.09,2.275,0.0
ATOM,3617.0,CG1,VAL,251.0,65.419,15.998,14.746,-0.27,2.06,0.0
ATOM,3618.0,CG2,VAL,251.0,64.321,18.034,13.831,-0.27,2.06,0.04
ATOM,3619.0,H,VAL,251.0,67.535,19.312,12.991,0.31,0.2245,0.0
ATOM,3620.0,HA,VAL,251.0,66.316,18.513,15.566,0.09,1.32,0.0
ATOM,3621.0,HB,VAL,251.0,65.998,17.054,13.087,0.09,1.32,0.0
ATOM,3622.0,HG11,VAL,251.0,66.306,15.585,14.952,0.09,1.32,0.0
ATOM,3623.0,HG12,VAL,251.0,64.933,16.186,15.599,0.09,1.32,0.0
ATOM,3624.0,HG13,VAL,251.0,64.88,15.37,14.186,0.09,1.32,0.0
ATOM,3625.0,HG21,VAL,251.0,64.295,18.496,12.942,0.09,1.32,0.0
ATOM,3626.0,HG22,VAL,251.0,63.562,17.382,13.888,0.09,1.32,0.0
ATOM,3627.0,HG23,VAL,251.0,64.228,18.714,14.561,0.09,1.32,0.0
ATOM,3628.0,N,SER,252.0,68.144,16.997,16.169,-0.47,1.85,0.0
ATOM,3629.0,CA,SER,252.0,69.31,16.22,16.581,0.07,2.275,0.0
ATOM,3630.0,C,SER,252.0,68.796,15.044,17.461,0.51,2.0,0.0
ATOM,3631.0,O,SER,252.0,67.668,15.064,17.919,-0.51,1.7,0.0
ATOM,3632.0,CB,SER,252.0,70.363,17.088,17.301,0.05,2.175,0.0
ATOM,3633.0,OG,SER,252.0,69.863,17.707,18.468,-0.66,1.77,0.0
ATOM,3634.0,H,SER,252.0,67.382,17.273,16.837,0.31,0.2245,0.0
ATOM,3635.0,HA,SER,252.0,69.729,15.823,15.777,0.09,1.32,0.0
ATOM,3636.0,HB2,SER,252.0,71.139,16.502,17.546,0.09,1.32,0.0
ATOM,3637.0,HB3,SER,252.0,70.676,17.795,16.663,0.09,1.32,0.0
ATOM,3638.0,HG,SER,252.0,68.885,17.886,18.36,0.43,0.2245,0.0
ATOM,3639.0,N,SER,253.0,69.629,14.039,17.707,-0.47,1.85,0.0
ATOM,3640.0,CA,SER,253.0,69.2,12.857,18.466,0.07,2.275,0.0
ATOM,3641.0,C,SER,253.0,69.417,12.953,19.977,0.51,2.0,0.0
ATOM,3642.0,O,SER,253.0,68.639,12.37,20.712,-0.51,1.7,0.0
ATOM,3643.0,CB,SER,253.0,69.921,11.594,17.984,0.05,2.175,0.0
ATOM,3644.0,OG,SER,253.0,71.301,11.658,18.271,-0.66,1.77,0.0
ATOM,3645.0,H,SER,253.0,70.585,14.155,17.328,0.31,0.2245,0.0
ATOM,3646.0,HA,SER,253.0,68.2,12.733,18.304,0.09,1.32,0.0
ATOM,3647.0,HB2,SER,253.0,69.526,10.806,18.447,0.09,1.32,0.0
ATOM,3648.0,HB3,SER,253.0,69.795,11.512,16.999,0.09,1.32,0.0
ATOM,3649.0,HG,SER,253.0,71.716,12.411,17.761,0.43,0.2245,0.0
ATOM,3650.0,N,GLY,254.0,70.445,13.673,20.423,-0.47,1.85,0.0
ATOM,3651.0,CA,GLY,254.0,70.933,13.627,21.804,-0.02,2.175,0.0
ATOM,3652.0,C,GLY,254.0,71.852,12.47,22.16,0.51,2.0,0.0
ATOM,3653.0,O,GLY,254.0,72.16,12.244,23.333,-0.51,1.7,0.0
ATOM,3654.0,H,GLY,254.0,70.884,14.287,19.691,0.31,0.2245,0.0
ATOM,3655.0,HA2,GLY,254.0,71.416,14.513,22.011,0.09,1.32,0.0
ATOM,3656.0,HA3,GLY,254.0,70.121,13.617,22.439,0.09,1.32,0.0
ATOM,3657.0,N,SER,255.0,72.323,11.749,21.147,-0.47,1.85,0.0
ATOM,3658.0,CA,SER,255.0,73.272,10.657,21.365,0.07,2.275,0.0
ATOM,3659.0,C,SER,255.0,74.607,11.087,21.992,0.51,2.0,0.0
ATOM,3660.0,O,SER,255.0,75.152,12.153,21.696,-0.51,1.7,0.0
ATOM,3661.0,CB,SER,255.0,73.546,9.969,20.016,0.05,2.175,0.0
ATOM,3662.0,OG,SER,255.0,74.548,8.963,20.145,-0.66,1.77,0.0
ATOM,3663.0,H,SER,255.0,71.969,12.02,20.213,0.31,0.2245,0.0
ATOM,3664.0,HA,SER,255.0,72.838,9.988,22.0,0.09,1.32,0.0
ATOM,3665.0,HB2,SER,255.0,72.705,9.547,19.696,0.09,1.32,0.0
ATOM,3666.0,HB3,SER,255.0,73.859,10.654,19.367,0.09,1.32,0.0
ATOM,3667.0,HG,SER,255.0,74.819,8.651,19.237,0.43,0.2245,0.0
ATOM,3668.0,N,GLU,256.0,75.177,10.165,22.774,-0.47,1.85,0.0
ATOM,3669.0,CA,GLU,256.0,76.508,10.307,23.326,0.07,2.275,0.0
ATOM,3670.0,C,GLU,256.0,77.613,10.069,22.301,0.51,2.0,0.0
ATOM,3671.0,O,GLU,256.0,78.783,10.323,22.584,-0.51,1.7,0.0
ATOM,3672.0,CB,GLU,256.0,76.731,9.317,24.462,-0.18,2.175,0.0
ATOM,3673.0,CG,GLU,256.0,75.768,9.385,25.612,-0.28,2.175,0.0
ATOM,3674.0,CD,GLU,256.0,75.684,8.014,26.254,0.62,2.0,0.0
ATOM,3675.0,OE1,GLU,256.0,74.712,7.291,25.943,-0.76,1.7,0.0
ATOM,3676.0,OE2,GLU,256.0,76.652,7.665,26.987,-0.76,1.7,1.88
ATOM,3677.0,H,GLU,256.0,74.568,9.328,22.95,0.31,0.2245,0.0
ATOM,3678.0,HA,GLU,256.0,76.618,11.239,23.721,0.09,1.32,0.0
ATOM,3679.0,HB2,GLU,256.0,76.676,8.4,24.072,0.09,1.32,0.0
ATOM,3680.0,HB3,GLU,256.0,77.647,9.478,24.822,0.09,1.32,0.0
ATOM,3681.0,HG2,GLU,256.0,76.114,9.998,26.277,0.09,1.32,0.0
ATOM,3682.0,HG3,GLU,256.0,74.887,9.604,25.275,0.09,1.32,0.0
ATOM,3683.0,N,GLY,257.0,77.265,9.488,21.156,-0.47,1.85,0.0
ATOM,3684.0,CA,GLY,257.0,78.228,9.067,20.18,-0.02,2.175,0.0
ATOM,3685.0,C,GLY,257.0,78.397,7.562,20.222,0.51,2.0,0.0
ATOM,3686.0,O,GLY,257.0,77.461,6.826,20.56,-0.51,1.7,0.0
ATOM,3687.0,H,GLY,257.0,76.229,9.37,21.039,0.31,0.2245,0.0
ATOM,3688.0,HA2,GLY,257.0,77.927,9.34,19.258,0.09,1.32,0.0
ATOM,3689.0,HA3,GLY,257.0,79.118,9.505,20.362,0.09,1.32,0.0
ATOM,3690.0,N,GLU,258.0,79.599,7.106,19.896,-0.47,1.85,0.0
ATOM,3691.0,CA,GLU,258.0,79.947,5.686,19.94,0.07,2.275,0.0
ATOM,3692.0,C,GLU,258.0,79.624,5.012,21.264,0.51,2.0,0.0
ATOM,3693.0,O,GLU,258.0,79.112,3.887,21.283,-0.51,1.7,0.0
ATOM,3694.0,CB,GLU,258.0,81.451,5.493,19.606,-0.18,2.175,0.25
ATOM,3695.0,CG,GLU,258.0,81.809,4.033,19.41,-0.28,2.175,2.51
ATOM,3696.0,CD,GLU,258.0,83.175,3.806,18.78,0.62,2.0,2.69
ATOM,3697.0,OE1,GLU,258.0,83.943,4.761,18.645,-0.76,1.7,16.43
ATOM,3698.0,OE2,GLU,258.0,83.491,2.642,18.426,-0.76,1.7,23.36
ATOM,3699.0,H,GLU,258.0,80.278,7.846,19.605,0.31,0.2245,0.3
ATOM,3700.0,HA,GLU,258.0,79.461,5.199,19.187,0.09,1.32,0.0
ATOM,3701.0,HB2,GLU,258.0,81.623,5.965,18.771,0.09,1.32,0.0
ATOM,3702.0,HB3,GLU,258.0,81.96,5.834,20.363,0.09,1.32,0.0
ATOM,3703.0,HG2,GLU,258.0,81.816,3.593,20.295,0.09,1.32,0.57
ATOM,3704.0,HG3,GLU,258.0,81.138,3.624,18.811,0.09,1.32,0.0
ATOM,3705.0,N,MET,259.0,79.879,5.675,22.387,-0.47,1.85,0.0
ATOM,3706.0,CA,MET,259.0,79.566,5.089,23.709,0.07,2.275,0.0
ATOM,3707.0,C,MET,259.0,78.059,4.902,23.933,0.51,2.0,0.0
ATOM,3708.0,O,MET,259.0,77.654,4.029,24.711,-0.51,1.7,3.21
ATOM,3709.0,CB,MET,259.0,80.133,5.971,24.828,-0.18,2.175,0.0
ATOM,3710.0,CG,MET,259.0,81.558,5.675,25.157,-0.14,2.175,1.28
ATOM,3711.0,SD,MET,259.0,81.728,3.993,25.942,-0.09,2.0,12.05
ATOM,3712.0,CE,MET,259.0,80.825,4.045,26.96,-0.22,2.06,9.44
ATOM,3713.0,H,MET,259.0,80.302,6.608,22.269,0.31,0.2245,0.0
ATOM,3714.0,HA,MET,259.0,80.003,4.179,23.753,0.09,1.32,0.0
ATOM,3715.0,HB2,MET,259.0,80.051,6.936,24.545,0.09,1.32,0.0
ATOM,3716.0,HB3,MET,259.0,79.567,5.84,25.654,0.09,1.32,0.0
ATOM,3717.0,HG2,MET,259.0,82.128,5.705,24.318,0.09,1.32,1.29
ATOM,3718.0,HG3,MET,259.0,81.927,6.373,25.794,0.09,1.32,0.0
ATOM,3719.0,HE1,MET,259.0,79.925,3.428,26.929,0.09,1.32,4.91
ATOM,3720.0,HE2,MET,259.0,81.126,3.785,27.977,0.09,1.32,7.05
ATOM,3721.0,HE3,MET,259.0,80.329,4.986,27.208,0.09,1.32,0.0
ATOM,3722.0,N,GLY,260.0,77.255,5.718,23.256,-0.47,1.85,0.0
ATOM,3723.0,CA,GLY,260.0,75.81,5.589,23.265,-0.02,2.175,0.0
ATOM,3724.0,C,GLY,260.0,75.246,4.735,22.137,0.51,2.0,0.0
ATOM,3725.0,O,GLY,260.0,74.03,4.737,21.907,-0.51,1.7,0.0
ATOM,3726.0,H,GLY,260.0,77.76,6.462,22.716,0.31,0.2245,0.0
ATOM,3727.0,HA2,GLY,260.0,75.512,5.193,24.16,0.09,1.32,0.0
ATOM,3728.0,HA3,GLY,260.0,75.388,6.519,23.217,0.09,1.32,0.0
ATOM,3729.0,N,SER,261.0,76.127,3.994,21.455,-0.47,1.85,0.0
ATOM,3730.0,CA,SER,261.0,75.769,3.171,20.296,0.07,2.275,0.0
ATOM,3731.0,C,SER,261.0,76.28,1.738,20.505,0.51,2.0,0.0
ATOM,3732.0,O,SER,261.0,76.675,1.071,19.548,-0.51,1.7,0.0
ATOM,3733.0,CB,SER,261.0,76.339,3.749,19.017,0.05,2.175,0.0
ATOM,3734.0,OG,SER,261.0,76.017,5.143,18.909,-0.66,1.77,0.0
ATOM,3735.0,H,SER,261.0,77.107,4.053,21.825,0.31,0.2245,0.0
ATOM,3736.0,HA,SER,261.0,74.772,3.134,20.236,0.09,1.32,0.0
ATOM,3737.0,HB2,SER,261.0,77.327,3.656,19.022,0.09,1.32,0.0
ATOM,3738.0,HB3,SER,261.0,75.947,3.276,18.236,0.09,1.32,0.0
ATOM,3739.0,HG,SER,261.0,76.577,5.656,19.554,0.43,0.2245,0.0
ATOM,3740.0,N,VAL,262.0,76.282,1.307,21.761,-0.47,1.85,0.0
ATOM,3741.0,CA,VAL,262.0,76.859,0.012,22.195,0.07,2.275,0.61
ATOM,3742.0,C,VAL,262.0,78.289,-0.236,21.608,0.51,2.0,0.0
ATOM,3743.0,O,VAL,262.0,78.652,-1.357,21.172,-0.51,1.7,7.07
ATOM,3744.0,CB,VAL,262.0,75.853,-1.16,21.974,-0.09,2.275,0.0
ATOM,3745.0,CG1,VAL,262.0,76.328,-2.417,22.658,-0.27,2.06,6.11
ATOM,3746.0,CG2,VAL,262.0,74.495,-0.812,22.572,-0.27,2.06,2.26
ATOM,3747.0,H,VAL,262.0,75.833,1.968,22.444,0.31,0.2245,0.26
ATOM,3748.0,HA,VAL,262.0,76.947,0.029,23.198,0.09,1.32,6.9
ATOM,3749.0,HB,VAL,262.0,75.827,-1.34,20.994,0.09,1.32,0.0
ATOM,3750.0,HG11,VAL,262.0,76.943,-2.182,23.414,0.09,1.32,2.53
ATOM,3751.0,HG12,VAL,262.0,75.544,-2.925,23.021,0.09,1.32,0.0
ATOM,3752.0,HG13,VAL,262.0,76.819,-2.996,22.004,0.09,1.32,4.32
ATOM,3753.0,HG21,VAL,262.0,74.442,-1.176,23.501,0.09,1.32,0.33
ATOM,3754.0,HG22,VAL,262.0,74.389,0.182,22.592,0.09,1.32,0.0
ATOM,3755.0,HG23,VAL,262.0,73.775,-1.216,22.009,0.09,1.32,0.0
ATOM,3756.0,N,ASN,263.0,79.094,0.82,21.62,-0.47,1.85,0.0
ATOM,3757.0,CA,ASN,263.0,80.494,0.782,21.168,0.07,2.275,0.0
ATOM,3758.0,C,ASN,263.0,80.671,0.355,19.736,0.51,2.0,0.0
ATOM,3759.0,O,ASN,263.0,81.711,-0.196,19.368,-0.51,1.7,18.68
ATOM,3760.0,CB,ASN,263.0,81.376,-0.109,22.056,-0.18,2.175,11.47
ATOM,3761.0,CG,ASN,263.0,81.375,0.318,23.483,0.55,2.0,2.04
ATOM,3762.0,H,ASN,263.0,78.647,1.698,21.983,0.31,0.2245,0.0
ATOM,3763.0,HA,ASN,263.0,80.848,1.735,21.25,0.09,1.32,0.0
ATOM,3764.0,HB2,ASN,263.0,81.03,-1.044,21.989,0.09,1.32,3.24
ATOM,3765.0,HB3,ASN,263.0,82.308,-0.069,21.698,0.09,1.32,7.63
ATOM,3766.0,OD1,ASN,263.0,81.509,1.506,23.794,-0.55,1.7,7.39
ATOM,3767.0,ND2,ASN,263.0,81.254,-0.651,24.379,-0.62,1.85,22.79
ATOM,3768.0,HD22,ASN,263.0,81.176,-1.604,24.09,0.3,0.2245,15.45
ATOM,3769.0,HD21,ASN,263.0,81.241,-0.429,25.358,0.32,0.2245,17.5
ATOM,3770.0,N,ASP,264.0,79.676,0.664,18.912,-0.47,1.85,0.0
ATOM,3771.0,CA,ASP,264.0,79.645,0.277,17.515,0.07,2.275,0.69
ATOM,3772.0,C,ASP,264.0,79.454,1.564,16.709,0.51,2.0,0.0
ATOM,3773.0,O,ASP,264.0,78.361,2.098,16.586,-0.51,1.7,0.0
ATOM,3774.0,CB,ASP,264.0,78.512,-0.715,17.289,-0.28,2.175,2.74
ATOM,3775.0,CG,ASP,264.0,78.443,-1.236,15.865,0.62,2.0,3.14
ATOM,3776.0,OD1,ASP,264.0,79.046,-0.646,14.939,-0.76,1.7,8.82
ATOM,3777.0,OD2,ASP,264.0,77.742,-2.248,15.592,-0.76,1.7,16.96
ATOM,3778.0,H,ASP,264.0,78.906,1.219,19.367,0.31,0.2245,0.0
ATOM,3779.0,HA,ASP,264.0,80.54,-0.079,17.28,0.09,1.32,3.74
ATOM,3780.0,HB2,ASP,264.0,78.649,-1.488,17.903,0.09,1.32,2.32
ATOM,3781.0,HB3,ASP,264.0,77.652,-0.259,17.502,0.09,1.32,0.0
ATOM,3782.0,N,MET,265.0,80.552,2.07,16.186,-0.47,1.85,0.0
ATOM,3783.0,CA,MET,265.0,80.518,3.361,15.517,0.07,2.275,0.0
ATOM,3784.0,C,MET,265.0,79.597,3.264,14.297,0.51,2.0,0.0
ATOM,3785.0,O,MET,265.0,79.007,4.272,13.903,-0.51,1.7,0.0
ATOM,3786.0,CB,MET,265.0,81.914,3.832,15.104,-0.18,2.175,8.88
ATOM,3787.0,CG,MET,265.0,81.971,5.255,14.546,-0.14,2.175,3.3
ATOM,3788.0,SD,MET,265.0,81.343,6.527,15.689,-0.09,2.0,0.0
ATOM,3789.0,CE,MET,265.0,82.895,7.232,16.351,-0.22,2.06,1.77
ATOM,3790.0,H,MET,265.0,81.403,1.496,16.287,0.31,0.2245,5.73
ATOM,3791.0,HA,MET,265.0,80.126,4.033,16.143,0.09,1.32,0.0
ATOM,3792.0,HB2,MET,265.0,82.528,3.784,15.906,0.09,1.32,0.0
ATOM,3793.0,HB3,MET,265.0,82.278,3.204,14.4,0.09,1.32,9.23
ATOM,3794.0,HG2,MET,265.0,82.945,5.46,14.282,0.09,1.32,7.22
ATOM,3795.0,HG3,MET,265.0,81.445,5.278,13.661,0.09,1.32,0.0
ATOM,3796.0,HE1,MET,265.0,83.578,7.231,15.627,0.09,1.32,0.9
ATOM,3797.0,HE2,MET,265.0,82.716,8.162,16.657,0.09,1.32,0.0
ATOM,3798.0,HE3,MET,265.0,83.199,6.67,17.113,0.09,1.32,0.0
ATOM,3799.0,N,GLN,266.0,79.484,2.087,13.666,-0.47,1.85,1.12
ATOM,3800.0,CA,GLN,266.0,78.581,1.977,12.496,0.07,2.275,0.0
ATOM,3801.0,C,GLN,266.0,77.108,2.185,12.842,0.51,2.0,0.04
ATOM,3802.0,O,GLN,266.0,76.328,2.6,11.997,-0.51,1.7,0.0
ATOM,3803.0,CB,GLN,266.0,78.769,0.619,11.751,-0.18,2.175,8.23
ATOM,3804.0,CG,GLN,266.0,78.186,0.566,10.347,-0.18,2.175,14.99
ATOM,3805.0,CD,GLN,266.0,78.841,1.581,9.413,0.55,2.0,2.16
ATOM,3806.0,H,GLN,266.0,80.038,1.321,14.036,0.31,0.2245,2.62
ATOM,3807.0,HA,GLN,266.0,78.852,2.699,11.838,0.09,1.32,0.0
ATOM,3808.0,HB2,GLN,266.0,79.753,0.433,11.694,0.09,1.32,7.78
ATOM,3809.0,HB3,GLN,266.0,78.334,-0.098,12.304,0.09,1.32,2.99
ATOM,3810.0,HG2,GLN,266.0,78.331,-0.345,9.971,0.09,1.32,11.53
ATOM,3811.0,HG3,GLN,266.0,77.211,0.765,10.394,0.09,1.32,0.0
ATOM,3812.0,OE1,GLN,266.0,80.068,1.664,9.34,-0.55,1.7,28.33
ATOM,3813.0,NE2,GLN,266.0,78.033,2.371,8.732,-0.62,1.85,11.78
ATOM,3814.0,HE21,GLN,266.0,78.398,3.079,8.102,0.32,0.2245,9.58
ATOM,3815.0,HE22,GLN,266.0,77.023,2.262,8.845,0.3,0.2245,0.01
ATOM,3816.0,N,VAL,267.0,76.71,1.822,14.053,-0.47,1.85,0.17
ATOM,3817.0,CA,VAL,267.0,75.375,2.141,14.545,0.07,2.275,0.04
ATOM,3818.0,C,VAL,267.0,75.197,3.667,14.63,0.51,2.0,0.0
ATOM,3819.0,O,VAL,267.0,74.2,4.213,14.158,-0.51,1.7,0.0
ATOM,3820.0,CB,VAL,267.0,75.099,1.505,15.904,-0.09,2.275,0.0
ATOM,3821.0,CG1,VAL,267.0,73.764,1.955,16.473,-0.27,2.06,0.0
ATOM,3822.0,CG2,VAL,267.0,75.103,-0.029,15.799,-0.27,2.06,1.03
ATOM,3823.0,H,VAL,267.0,77.416,1.302,14.609,0.31,0.2245,0.0
ATOM,3824.0,HA,VAL,267.0,74.703,1.794,13.888,0.09,1.32,0.0
ATOM,3825.0,HB,VAL,267.0,75.805,1.818,16.541,0.09,1.32,0.0
ATOM,3826.0,HG11,VAL,267.0,73.024,1.655,15.87,0.09,1.32,0.0
ATOM,3827.0,HG12,VAL,267.0,73.634,1.555,17.381,0.09,1.32,0.0
ATOM,3828.0,HG13,VAL,267.0,73.749,2.953,16.545,0.09,1.32,0.0
ATOM,3829.0,HG21,VAL,267.0,76.022,-0.363,15.997,0.09,1.32,0.0
ATOM,3830.0,HG22,VAL,267.0,74.454,-0.399,16.46,0.09,1.32,0.0
ATOM,3831.0,HG23,VAL,267.0,74.836,-0.289,14.874,0.09,1.32,4.45
ATOM,3832.0,N,PHE,268.0,76.151,4.345,15.213,-0.47,1.85,0.0
ATOM,3833.0,CA,PHE,268.0,76.116,5.824,15.237,0.07,2.275,0.0
ATOM,3834.0,C,PHE,268.0,75.971,6.408,13.835,0.51,2.0,0.0
ATOM,3835.0,O,PHE,268.0,75.133,7.269,13.562,-0.51,1.7,0.0
ATOM,3836.0,CB,PHE,268.0,77.372,6.367,15.891,-0.18,2.175,0.0
ATOM,3837.0,CG,PHE,268.0,77.35,7.858,16.095,0.0,1.9924,0.0
ATOM,3838.0,CD1,PHE,268.0,76.526,8.435,17.038,-0.115,1.9924,0.0
ATOM,3839.0,CD2,PHE,268.0,78.129,8.67,15.312,-0.115,1.9924,0.0
ATOM,3840.0,CE1,PHE,268.0,76.498,9.819,17.214,-0.115,1.9924,0.0
ATOM,3841.0,CE2,PHE,268.0,78.099,10.078,15.489,-0.115,1.9924,0.0
ATOM,3842.0,CZ,PHE,268.0,77.272,10.627,16.449,-0.115,1.9924,0.0
ATOM,3843.0,H,PHE,268.0,76.909,3.796,15.643,0.31,0.2245,0.0
ATOM,3844.0,HA,PHE,268.0,75.289,6.081,15.751,0.09,1.32,0.0
ATOM,3845.0,HB2,PHE,268.0,77.467,5.942,16.779,0.09,1.32,0.0
ATOM,3846.0,HB3,PHE,268.0,78.141,6.154,15.307,0.09,1.32,0.0
ATOM,3847.0,HD1,PHE,268.0,75.939,7.866,17.609,0.115,1.3582,0.0
ATOM,3848.0,HD2,PHE,268.0,78.726,8.292,14.611,0.115,1.3582,0.0
ATOM,3849.0,HE1,PHE,268.0,75.883,10.201,17.927,0.115,1.3582,0.0
ATOM,3850.0,HE2,PHE,268.0,78.684,10.653,14.906,0.115,1.3582,0.0
ATOM,3851.0,HZ,PHE,268.0,77.25,11.625,16.574,0.115,1.3582,0.0
ATOM,3852.0,N,ILE,269.0,76.821,5.957,12.922,-0.47,1.85,0.0
ATOM,3853.0,CA,ILE,269.0,76.775,6.451,11.545,0.07,2.275,0.0
ATOM,3854.0,C,ILE,269.0,75.416,6.198,10.903,0.51,2.0,0.0
ATOM,3855.0,O,ILE,269.0,74.802,7.082,10.366,-0.51,1.7,0.0
ATOM,3856.0,CB,ILE,269.0,77.897,5.797,10.707,-0.09,2.275,0.0
ATOM,3857.0,CG1,ILE,269.0,79.266,6.296,11.186,-0.18,2.175,0.0
ATOM,3858.0,CG2,ILE,269.0,77.679,6.077,9.253,-0.27,2.06,6.47
ATOM,3859.0,CD1,ILE,269.0,80.431,5.441,10.714,-0.27,2.06,7.8
ATOM,3860.0,H,ILE,269.0,77.496,5.251,13.254,0.31,0.2245,0.0
ATOM,3861.0,HA,ILE,269.0,76.886,7.45,11.602,0.09,1.32,0.0
ATOM,3862.0,HB,ILE,269.0,77.857,4.818,10.855,0.09,1.32,0.0
ATOM,3863.0,HG12,ILE,269.0,79.395,7.228,10.856,0.09,1.32,0.0
ATOM,3864.0,HG13,ILE,269.0,79.263,6.306,12.185,0.09,1.32,0.0
ATOM,3865.0,HG21,ILE,269.0,78.383,5.62,8.703,0.09,1.32,0.21
ATOM,3866.0,HG22,ILE,269.0,76.778,5.741,8.967,0.09,1.32,0.47
ATOM,3867.0,HG23,ILE,269.0,77.725,7.064,9.08,0.09,1.32,0.0
ATOM,3868.0,HD11,ILE,269.0,80.448,5.433,9.716,0.09,1.32,0.26
ATOM,3869.0,HD12,ILE,269.0,81.283,5.826,11.063,0.09,1.32,1.09
ATOM,3870.0,HD13,ILE,269.0,80.315,4.511,11.057,0.09,1.32,0.07
ATOM,3871.0,N,ASP,270.0,74.953,4.957,10.938,-0.47,1.85,0.0
ATOM,3872.0,CA,ASP,270.0,73.713,4.609,10.267,0.07,2.275,1.23
ATOM,3873.0,C,ASP,270.0,72.521,5.344,10.886,0.51,2.0,0.0
ATOM,3874.0,O,ASP,270.0,71.615,5.774,10.174,-0.51,1.7,0.86
ATOM,3875.0,CB,ASP,270.0,73.456,3.127,10.382,-0.28,2.175,4.03
ATOM,3876.0,CG,ASP,270.0,74.4,2.288,9.552,0.62,2.0,2.78
ATOM,3877.0,OD1,ASP,270.0,75.187,2.815,8.729,-0.76,1.7,14.48
ATOM,3878.0,OD2,ASP,270.0,74.422,1.036,9.708,-0.76,1.7,25.78
ATOM,3879.0,H,ASP,270.0,75.532,4.284,11.466,0.31,0.2245,0.0
ATOM,3880.0,HA,ASP,270.0,73.786,4.926,9.313,0.09,1.32,0.83
ATOM,3881.0,HB2,ASP,270.0,73.557,2.863,11.34,0.09,1.32,0.0
ATOM,3882.0,HB3,ASP,270.0,72.522,2.944,10.081,0.09,1.32,2.3
ATOM,3883.0,N,ALA,271.0,72.493,5.479,12.203,-0.47,1.85,0.0
ATOM,3884.0,CA,ALA,271.0,71.363,6.171,12.833,0.07,2.275,0.0
ATOM,3885.0,C,ALA,271.0,71.304,7.64,12.406,0.51,2.0,0.0
ATOM,3886.0,O,ALA,271.0,70.223,8.227,12.303,-0.51,1.7,0.0
ATOM,3887.0,CB,ALA,271.0,71.456,6.091,14.346,-0.27,2.06,0.0
ATOM,3888.0,H,ALA,271.0,73.282,5.082,12.717,0.31,0.2245,0.0
ATOM,3889.0,HA,ALA,271.0,70.509,5.72,12.547,0.09,1.32,0.0
ATOM,3890.0,HB1,ALA,271.0,70.98,5.273,14.669,0.09,1.32,0.0
ATOM,3891.0,HB2,ALA,271.0,72.416,6.046,14.622,0.09,1.32,0.0
ATOM,3892.0,HB3,ALA,271.0,71.033,6.902,14.752,0.09,1.32,0.0
ATOM,3893.0,N,HIS,272.0,72.459,8.241,12.176,-0.47,1.85,0.0
ATOM,3894.0,CA,HIS,272.0,72.528,9.675,11.918,0.07,2.275,0.0
ATOM,3895.0,C,HIS,272.0,72.73,10.019,10.442,0.51,2.0,0.0
ATOM,3896.0,O,HIS,272.0,72.884,11.213,10.091,-0.51,1.7,0.0
ATOM,3897.0,CB,HIS,272.0,73.594,10.304,12.807,-0.09,2.175,0.0
ATOM,3898.0,CG,HIS,272.0,73.3,10.162,14.262,-0.05,1.8,0.0
ATOM,3899.0,H,HIS,272.0,73.291,7.623,12.194,0.31,0.2245,0.0
ATOM,3900.0,HA,HIS,272.0,71.654,10.097,12.221,0.09,1.32,0.0
ATOM,3901.0,HB2,HIS,272.0,74.479,9.868,12.618,0.09,1.32,0.0
ATOM,3902.0,HB3,HIS,272.0,73.664,11.283,12.592,0.09,1.32,0.0
ATOM,3903.0,ND1,HIS,272.0,73.713,9.067,14.999,-0.36,1.85,0.0
ATOM,3904.0,CD2,HIS,272.0,72.58,10.936,15.111,0.22,1.8,0.0
ATOM,3905.0,CE1,HIS,272.0,73.267,9.19,16.239,0.25,1.8,0.0
ATOM,3906.0,NE2,HIS,272.0,72.595,10.322,16.341,-0.7,1.85,0.0
ATOM,3907.0,HD1,HIS,272.0,74.259,8.31,14.649,0.32,0.2245,0.0
ATOM,3908.0,HD2,HIS,272.0,72.122,11.793,14.886,0.1,1.468,0.0
ATOM,3909.0,HE1,HIS,272.0,73.414,8.533,16.976,0.13,0.9,0.0
ATOM,3910.0,N,ALA,273.0,72.665,9.01,9.57,-0.47,1.85,0.0
ATOM,3911.0,CA,ALA,273.0,72.855,9.235,8.126,0.07,2.275,0.0
ATOM,3912.0,C,ALA,273.0,71.62,9.844,7.423,0.51,2.0,0.21
ATOM,3913.0,O,ALA,273.0,71.7,10.288,6.265,-0.51,1.7,19.84
ATOM,3914.0,CB,ALA,273.0,73.293,7.927,7.441,-0.27,2.06,20.81
ATOM,3915.0,H,ALA,273.0,72.475,8.083,9.981,0.31,0.2245,0.0
ATOM,3916.0,HA,ALA,273.0,73.635,9.872,7.999,0.09,1.32,0.02
ATOM,3917.0,HB1,ALA,273.0,73.331,7.2,8.122,0.09,1.32,0.0
ATOM,3918.0,HB2,ALA,273.0,72.632,7.694,6.733,0.09,1.32,8.56
ATOM,3919.0,HB3,ALA,273.0,74.193,8.059,7.035,0.09,1.32,2.48
ATOM,3920.0,N,THR,274.0,70.484,9.904,8.102,-0.47,1.85,0.2
ATOM,3921.0,CA,THR,274.0,69.269,10.446,7.524,0.07,2.275,1.8
ATOM,3922.0,C,THR,274.0,69.37,11.963,7.336,0.51,2.0,0.0
ATOM,3923.0,O,THR,274.0,69.928,12.622,8.192,-0.51,1.7,0.0
ATOM,3924.0,CB,THR,274.0,68.064,10.13,8.423,0.14,2.275,3.4
ATOM,3925.0,OG1,THR,274.0,66.931,10.908,8.002,-0.66,1.77,4.17
ATOM,3926.0,CG2,THR,274.0,68.338,10.464,9.924,-0.27,2.06,0.0
ATOM,3927.0,H,THR,274.0,70.54,9.532,9.075,0.31,0.2245,0.0
ATOM,3928.0,HA,THR,274.0,69.126,10.029,6.617,0.09,1.32,3.95
ATOM,3929.0,HB,THR,274.0,67.824,9.143,8.322,0.09,1.32,0.77
ATOM,3930.0,HG21,THR,274.0,67.906,11.334,10.142,0.09,1.32,0.0
ATOM,3931.0,HG22,THR,274.0,67.955,9.738,10.488,0.09,1.32,0.0
ATOM,3932.0,HG23,THR,274.0,69.322,10.525,10.064,0.09,1.32,0.0
ATOM,3933.0,HG1,THR,274.0,66.206,10.869,8.696,0.43,0.2245,0.83
ATOM,3934.0,N,PRO,275.0,68.843,12.515,6.252,-0.29,1.85,0.0
ATOM,3935.0,CA,PRO,275.0,68.82,13.983,6.096,0.02,2.275,2.88
ATOM,3936.0,C,PRO,275.0,67.961,14.684,7.143,0.51,2.0,0.0
ATOM,3937.0,O,PRO,275.0,68.081,15.908,7.287,-0.51,1.7,12.93
ATOM,3938.0,CB,PRO,275.0,68.223,14.194,4.707,-0.18,2.175,18.3
ATOM,3939.0,CG,PRO,275.0,67.631,12.913,4.349,-0.18,2.175,16.7
ATOM,3940.0,CD,PRO,275.0,68.264,11.819,5.086,0.0,2.175,13.1
ATOM,3941.0,HA,PRO,275.0,69.766,14.351,6.103,0.09,1.32,5.24
ATOM,3942.0,HB2,PRO,275.0,67.533,14.932,4.734,0.09,1.32,7.69
ATOM,3943.0,HB3,PRO,275.0,68.945,14.47,4.056,0.09,1.32,12.27
ATOM,3944.0,HG2,PRO,275.0,66.608,12.929,4.523,0.09,1.32,6.34
ATOM,3945.0,HG3,PRO,275.0,67.705,12.758,3.326,0.09,1.32,13.07
ATOM,3946.0,HD2,PRO,275.0,67.606,11.129,5.393,0.09,1.32,4.53
ATOM,3947.0,HD3,PRO,275.0,68.991,11.37,4.562,0.09,1.32,7.96
ATOM,3948.0,N,ASP,276.0,67.091,13.955,7.838,-0.47,1.85,0.0
ATOM,3949.0,CA,ASP,276.0,66.255,14.583,8.863,0.07,2.275,0.0
ATOM,3950.0,C,ASP,276.0,66.986,14.839,10.19,0.51,2.0,0.0
ATOM,3951.0,O,ASP,276.0,66.41,15.466,11.077,-0.51,1.7,0.0
ATOM,3952.0,CB,ASP,276.0,65.024,13.737,9.133,-0.28,2.175,0.0
ATOM,3953.0,CG,ASP,276.0,64.125,13.616,7.923,0.62,2.0,0.0
ATOM,3954.0,OD1,ASP,276.0,63.957,14.613,7.164,-0.76,1.7,20.33
ATOM,3955.0,OD2,ASP,276.0,63.535,12.526,7.676,-0.76,1.7,15.1
ATOM,3956.0,H,ASP,276.0,67.059,12.956,7.602,0.31,0.2245,0.0
ATOM,3957.0,HA,ASP,276.0,65.974,15.491,8.505,0.09,1.32,0.32
ATOM,3958.0,HB2,ASP,276.0,65.324,12.827,9.399,0.09,1.32,0.0
ATOM,3959.0,HB3,ASP,276.0,64.51,14.161,9.871,0.09,1.32,0.0
ATOM,3960.0,N,ILE,277.0,68.207,14.318,10.335,-0.47,1.85,0.0
ATOM,3961.0,CA,ILE,277.0,69.093,14.681,11.446,0.07,2.275,0.0
ATOM,3962.0,C,ILE,277.0,70.027,15.754,10.886,0.51,2.0,0.0
ATOM,3963.0,O,ILE,277.0,70.802,15.483,9.99,-0.51,1.7,0.27
ATOM,3964.0,CB,ILE,277.0,69.853,13.459,11.947,-0.09,2.275,0.0
ATOM,3965.0,CG1,ILE,277.0,68.928,12.511,12.743,-0.18,2.175,0.0
ATOM,3966.0,CG2,ILE,277.0,71.102,13.852,12.782,-0.27,2.06,0.0
ATOM,3967.0,CD1,ILE,277.0,68.492,13.0,14.122,-0.27,2.06,0.0
ATOM,3968.0,H,ILE,277.0,68.475,13.635,9.595,0.31,0.2245,0.0
ATOM,3969.0,HA,ILE,277.0,68.527,15.124,12.119,0.09,1.32,0.0
ATOM,3970.0,HB,ILE,277.0,70.193,12.951,11.159,0.09,1.32,0.0
ATOM,3971.0,HG12,ILE,277.0,68.107,12.338,12.188,0.09,1.32,0.0
ATOM,3972.0,HG13,ILE,277.0,69.408,11.633,12.854,0.09,1.32,0.0
ATOM,3973.0,HG21,ILE,277.0,71.604,13.026,13.012,0.09,1.32,0.0
ATOM,3974.0,HG22,ILE,277.0,71.67,14.46,12.238,0.09,1.32,0.0
ATOM,3975.0,HG23,ILE,277.0,70.8,14.312,13.609,0.09,1.32,0.0
ATOM,3976.0,HD11,ILE,277.0,67.994,13.857,14.02,0.09,1.32,0.0
ATOM,3977.0,HD12,ILE,277.0,67.903,12.312,14.539,0.09,1.32,0.0
ATOM,3978.0,HD13,ILE,277.0,69.301,13.142,14.687,0.09,1.32,0.0
ATOM,3979.0,N,ASP,278.0,69.951,16.993,11.4,-0.47,1.85,0.0
ATOM,3980.0,CA,ASP,278.0,70.706,18.078,10.816,0.07,2.275,0.5
ATOM,3981.0,C,ASP,278.0,72.14,18.201,11.273,0.51,2.0,0.0
ATOM,3982.0,O,ASP,278.0,73.001,18.679,10.531,-0.51,1.7,1.45
ATOM,3983.0,CB,ASP,278.0,70.001,19.414,11.068,-0.28,2.175,0.0
ATOM,3984.0,CG,ASP,278.0,68.652,19.464,10.419,0.62,2.0,0.0
ATOM,3985.0,OD1,ASP,278.0,68.602,19.605,9.162,-0.76,1.7,21.23
ATOM,3986.0,OD2,ASP,278.0,67.613,19.307,11.068,-0.76,1.7,0.0
ATOM,3987.0,H,ASP,278.0,69.327,17.084,12.216,0.31,0.2245,0.0
ATOM,3988.0,HA,ASP,278.0,70.729,17.916,9.801,0.09,1.32,3.55
ATOM,3989.0,HB2,ASP,278.0,69.898,19.52,12.049,0.09,1.32,0.0
ATOM,3990.0,HB3,ASP,278.0,70.573,20.132,10.694,0.09,1.32,0.0
ATOM,3991.0,N,TYR,279.0,72.391,17.802,12.507,-0.47,1.85,0.0
ATOM,3992.0,CA,TYR,279.0,73.737,17.835,13.054,0.07,2.275,0.0
ATOM,3993.0,C,TYR,279.0,73.95,16.685,14.036,0.51,2.0,0.0
ATOM,3994.0,O,TYR,279.0,72.975,16.015,14.471,-0.51,1.7,0.0
ATOM,3995.0,CB,TYR,279.0,74.023,19.213,13.667,-0.18,2.175,0.0
ATOM,3996.0,CG,TYR,279.0,73.289,19.523,14.967,0.0,1.9924,0.0
ATOM,3997.0,CD1,TYR,279.0,73.892,19.284,16.204,-0.115,1.9924,0.0
ATOM,3998.0,CD2,TYR,279.0,72.019,20.057,14.952,-0.115,1.9924,0.0
ATOM,3999.0,CE1,TYR,279.0,73.228,19.57,17.365,-0.115,1.9924,0.41
ATOM,4000.0,CE2,TYR,279.0,71.349,20.325,16.098,-0.115,1.9924,0.0
ATOM,4001.0,CZ,TYR,279.0,71.982,20.093,17.317,0.11,1.9924,0.0
ATOM,4002.0,OH,TYR,279.0,71.326,20.334,18.492,-0.54,1.77,0.74
ATOM,4003.0,H,TYR,279.0,71.563,17.471,13.04,0.31,0.2245,0.0
ATOM,4004.0,HA,TYR,279.0,74.392,17.723,12.298,0.09,1.32,0.0
ATOM,4005.0,HB2,TYR,279.0,75.007,19.278,13.847,0.09,1.32,0.0
ATOM,4006.0,HB3,TYR,279.0,73.767,19.913,12.996,0.09,1.32,0.0
ATOM,4007.0,HD1,TYR,279.0,74.815,18.901,16.231,0.115,1.3582,0.0
ATOM,4008.0,HD2,TYR,279.0,71.585,20.251,14.061,0.115,1.3582,0.0
ATOM,4009.0,HE1,TYR,279.0,73.674,19.39,18.255,0.115,1.3582,0.33
ATOM,4010.0,HE2,TYR,279.0,70.416,20.683,16.09,0.115,1.3582,0.0
ATOM,4011.0,HH,TYR,279.0,70.715,19.569,18.695,0.43,0.2245,0.0
ATOM,4012.0,N,LEU,280.0,75.223,16.496,14.418,-0.47,1.85,0.0
ATOM,4013.0,CA,LEU,280.0,75.673,15.374,15.216,0.07,2.275,0.0
ATOM,4014.0,C,LEU,280.0,76.032,15.863,16.607,0.51,2.0,0.0
ATOM,4015.0,O,LEU,280.0,76.436,16.997,16.778,-0.51,1.7,0.0
ATOM,4016.0,CB,LEU,280.0,76.908,14.7,14.586,-0.18,2.175,0.0
ATOM,4017.0,CG,LEU,280.0,76.702,14.212,13.157,-0.09,2.275,0.0
ATOM,4018.0,CD1,LEU,280.0,78.012,13.755,12.603,-0.27,2.06,0.0
ATOM,4019.0,CD2,LEU,280.0,75.683,13.084,13.136,-0.27,2.06,0.0
ATOM,4020.0,H,LEU,280.0,75.874,17.254,14.076,0.31,0.2245,0.0
ATOM,4021.0,HA,LEU,280.0,74.926,14.712,15.295,0.09,1.32,0.0
ATOM,4022.0,HB2,LEU,280.0,77.639,15.366,14.576,0.09,1.32,0.0
ATOM,4023.0,HB3,LEU,280.0,77.139,13.918,15.143,0.09,1.32,0.0
ATOM,4024.0,HG,LEU,280.0,76.341,14.964,12.61,0.09,1.32,0.0
ATOM,4025.0,HD11,LEU,280.0,78.383,13.005,13.159,0.09,1.32,0.0
ATOM,4026.0,HD12,LEU,280.0,77.896,13.429,11.659,0.09,1.32,0.0
ATOM,4027.0,HD13,LEU,280.0,78.673,14.512,12.603,0.09,1.32,0.0
ATOM,4028.0,HD21,LEU,280.0,74.811,13.413,13.5,0.09,1.32,0.0
ATOM,4029.0,HD22,LEU,280.0,75.552,12.768,12.195,0.09,1.32,0.0
ATOM,4030.0,HD23,LEU,280.0,76.012,12.324,13.699,0.09,1.32,0.0
ATOM,4031.0,N,THR,281.0,75.801,14.997,17.591,-0.47,1.85,0.0
ATOM,4032.0,CA,THR,281.0,76.13,15.219,19.012,0.07,2.275,0.0
ATOM,4033.0,C,THR,281.0,77.033,14.096,19.504,0.51,2.0,0.0
ATOM,4034.0,O,THR,281.0,76.957,12.948,19.002,-0.51,1.7,0.0
ATOM,4035.0,CB,THR,281.0,74.856,15.226,19.881,0.14,2.275,0.0
ATOM,4036.0,OG1,THR,281.0,74.13,13.975,19.728,-0.66,1.77,0.0
ATOM,4037.0,CG2,THR,281.0,73.906,16.307,19.425,-0.27,2.06,0.0
ATOM,4038.0,H,THR,281.0,75.344,14.099,17.263,0.31,0.2245,0.0
ATOM,4039.0,HA,THR,281.0,76.625,16.084,19.086,0.09,1.32,0.0
ATOM,4040.0,HB,THR,281.0,75.123,15.31,20.863,0.09,1.32,0.0
ATOM,4041.0,HG21,THR,281.0,72.962,15.963,19.43,0.09,1.32,0.0
ATOM,4042.0,HG22,THR,281.0,73.964,17.1,20.039,0.09,1.32,0.0
ATOM,4043.0,HG23,THR,281.0,74.138,16.601,18.493,0.09,1.32,0.0
ATOM,4044.0,HG1,THR,281.0,74.447,13.314,20.411,0.43,0.2245,0.0
ATOM,4045.0,N,TYR,282.0,77.903,14.447,20.44,-0.47,1.85,0.0
ATOM,4046.0,CA,TYR,282.0,78.616,13.464,21.242,0.07,2.275,0.0
ATOM,4047.0,C,TYR,282.0,78.765,14.01,22.644,0.51,2.0,0.0
ATOM,4048.0,O,TYR,282.0,78.634,15.215,22.87,-0.51,1.7,0.0
ATOM,4049.0,CB,TYR,282.0,79.948,13.032,20.615,-0.18,2.175,0.0
ATOM,4050.0,CG,TYR,282.0,81.112,13.97,20.585,0.0,1.9924,0.0
ATOM,4051.0,CD1,TYR,282.0,82.328,13.563,21.09,-0.115,1.9924,0.0
ATOM,4052.0,CD2,TYR,282.0,81.06,15.225,20.009,-0.115,1.9924,0.0
ATOM,4053.0,CE1,TYR,282.0,83.43,14.336,21.009,-0.115,1.9924,0.0
ATOM,4054.0,CE2,TYR,282.0,82.204,16.03,19.953,-0.115,1.9924,0.0
ATOM,4055.0,CZ,TYR,282.0,83.375,15.582,20.45,0.11,1.9924,0.0
ATOM,4056.0,OH,TYR,282.0,84.522,16.333,20.394,-0.54,1.77,1.34
ATOM,4057.0,H,TYR,282.0,78.031,15.476,20.551,0.31,0.2245,0.0
ATOM,4058.0,HA,TYR,282.0,78.066,12.631,21.283,0.09,1.32,0.0
ATOM,4059.0,HB2,TYR,282.0,80.245,12.173,21.096,0.09,1.32,0.0
ATOM,4060.0,HB3,TYR,282.0,79.749,12.745,19.649,0.09,1.32,0.0
ATOM,4061.0,HD1,TYR,282.0,82.386,12.651,21.536,0.115,1.3582,0.0
ATOM,4062.0,HD2,TYR,282.0,80.208,15.567,19.628,0.115,1.3582,0.0
ATOM,4063.0,HE1,TYR,282.0,84.322,13.994,21.366,0.115,1.3582,0.0
ATOM,4064.0,HE2,TYR,282.0,82.13,16.945,19.536,0.115,1.3582,1.86
ATOM,4065.0,HH,TYR,282.0,85.243,15.873,20.91,0.43,0.2245,0.0
ATOM,4066.0,N,HIS,283.0,78.863,13.098,23.592,-0.47,1.85,0.0
ATOM,4067.0,CA,HIS,283.0,78.997,13.451,24.988,0.07,2.275,0.0
ATOM,4068.0,C,HIS,283.0,80.258,12.757,25.453,0.51,2.0,0.0
ATOM,4069.0,O,HIS,283.0,80.537,11.653,24.978,-0.51,1.7,0.0
ATOM,4070.0,CB,HIS,283.0,77.83,12.938,25.821,-0.09,2.175,0.0
ATOM,4071.0,CG,HIS,283.0,76.476,13.433,25.425,-0.05,1.8,0.0
ATOM,4072.0,H,HIS,283.0,78.836,12.111,23.25,0.31,0.2245,0.0
ATOM,4073.0,HA,HIS,283.0,79.129,14.427,25.062,0.09,1.32,0.0
ATOM,4074.0,HB2,HIS,283.0,77.817,11.922,25.78,0.09,1.32,0.0
ATOM,4075.0,HB3,HIS,283.0,77.984,13.191,26.794,0.09,1.32,0.0
ATOM,4076.0,ND1,HIS,283.0,75.346,13.075,26.134,-0.36,1.85,0.0
ATOM,4077.0,CD2,HIS,283.0,76.046,14.25,24.428,0.22,1.8,0.0
ATOM,4078.0,CE1,HIS,283.0,74.281,13.629,25.573,0.25,1.8,0.0
ATOM,4079.0,NE2,HIS,283.0,74.678,14.362,24.554,-0.7,1.85,0.0
ATOM,4080.0,HD1,HIS,283.0,75.336,12.49,26.944,0.32,0.2245,0.0
ATOM,4081.0,HD2,HIS,283.0,76.611,14.686,23.735,0.1,1.468,0.0
ATOM,4082.0,HE1,HIS,283.0,73.338,13.508,25.874,0.13,0.9,0.0
ATOM,4083.0,N,MET,284.0,80.991,13.324,26.399,-0.47,1.85,0.0
ATOM,4084.0,CA,MET,284.0,82.245,12.712,26.879,0.07,2.275,0.0
ATOM,4085.0,C,MET,284.0,82.243,12.698,28.412,0.51,2.0,0.0
ATOM,4086.0,O,MET,284.0,82.143,13.755,29.03,-0.51,1.7,0.0
ATOM,4087.0,CB,MET,284.0,83.494,13.449,26.4,-0.18,2.175,0.0
ATOM,4088.0,CG,MET,284.0,83.971,13.124,25.095,-0.14,2.175,0.0
ATOM,4089.0,SD,MET,284.0,85.845,13.208,25.013,-0.09,2.0,0.0
ATOM,4090.0,CE,MET,284.0,86.029,15.01,25.361,-0.22,2.06,0.0
ATOM,4091.0,H,MET,284.0,80.622,14.218,26.771,0.31,0.2245,0.0
ATOM,4092.0,HA,MET,284.0,82.269,11.768,26.56,0.09,1.32,0.0
ATOM,4093.0,HB2,MET,284.0,83.294,14.459,26.467,0.09,1.32,0.0
ATOM,4094.0,HB3,MET,284.0,84.231,13.282,27.103,0.09,1.32,0.0
ATOM,4095.0,HG2,MET,284.0,83.693,12.183,24.805,0.09,1.32,0.0
ATOM,4096.0,HG3,MET,284.0,83.604,13.757,24.379,0.09,1.32,0.0
ATOM,4097.0,HE1,MET,284.0,85.42,15.244,26.109,0.09,1.32,0.0
ATOM,4098.0,HE2,MET,284.0,86.974,15.182,25.61,0.09,1.32,0.0
ATOM,4099.0,HE3,MET,284.0,85.785,15.51,24.539,0.09,1.32,0.0
ATOM,4100.0,N,TRP,285.0,82.351,11.497,28.986,-0.47,1.85,0.0
ATOM,4101.0,CA,TRP,285.0,82.243,11.235,30.423,0.07,2.275,0.0
ATOM,4102.0,C,TRP,285.0,83.367,10.333,30.938,0.51,2.0,0.0
ATOM,4103.0,O,TRP,285.0,83.172,9.149,31.219,-0.51,1.7,0.0
ATOM,4104.0,CB,TRP,285.0,80.853,10.681,30.76,-0.18,2.175,0.27
ATOM,4105.0,CG,TRP,285.0,79.833,11.783,30.587,-0.03,1.9924,0.0
ATOM,4106.0,CD1,TRP,285.0,78.864,11.89,29.652,0.035,1.9924,4.75
ATOM,4107.0,CD2,TRP,285.0,79.773,12.933,31.386,-0.02,1.8,0.0
ATOM,4108.0,NE1,TRP,285.0,78.176,13.068,29.833,-0.61,1.85,2.49
ATOM,4109.0,CE2,TRP,285.0,78.749,13.746,30.881,0.13,1.8,0.94
ATOM,4110.0,CE3,TRP,285.0,80.505,13.375,32.497,-0.115,1.9924,0.02
ATOM,4111.0,CZ2,TRP,285.0,78.403,14.959,31.468,-0.115,1.9924,4.24
ATOM,4112.0,CZ3,TRP,285.0,80.181,14.616,33.078,-0.115,1.9924,0.0
ATOM,4113.0,CH2,TRP,285.0,79.122,15.375,32.563,-0.115,1.9924,0.52
ATOM,4114.0,H,TRP,285.0,82.529,10.718,28.287,0.31,0.2245,0.0
ATOM,4115.0,HA,TRP,285.0,82.323,12.121,30.902,0.09,1.32,0.0
ATOM,4116.0,HB2,TRP,285.0,80.628,9.975,30.132,0.09,1.32,0.0
ATOM,4117.0,HB3,TRP,285.0,80.833,10.409,31.693,0.09,1.32,0.0
ATOM,4118.0,HD1,TRP,285.0,78.668,11.224,28.935,0.115,1.3582,0.0
ATOM,4119.0,HE1,TRP,285.0,77.397,13.377,29.298,0.38,0.2245,0.0
ATOM,4120.0,HE3,TRP,285.0,81.244,12.831,32.88,0.115,1.3582,0.0
ATOM,4121.0,HZ2,TRP,285.0,77.646,15.508,31.092,0.115,1.3582,0.0
ATOM,4122.0,HZ3,TRP,285.0,80.707,14.938,33.845,0.115,1.3582,0.0
ATOM,4123.0,HH2,TRP,285.0,78.889,16.241,33.009,0.115,1.3582,0.0
ATOM,4124.0,N,ILE,286.0,84.557,10.928,31.07,-0.47,1.85,0.0
ATOM,4125.0,CA,ILE,286.0,85.743,10.146,31.308,0.07,2.275,0.0
ATOM,4126.0,C,ILE,286.0,85.698,9.456,32.671,0.51,2.0,0.0
ATOM,4127.0,O,ILE,286.0,86.228,8.366,32.792,-0.51,1.7,0.0
ATOM,4128.0,CB,ILE,286.0,87.043,10.984,31.056,-0.09,2.275,0.0
ATOM,4129.0,CG1,ILE,286.0,87.204,12.127,32.048,-0.18,2.175,0.0
ATOM,4130.0,CG2,ILE,286.0,87.048,11.476,29.566,-0.27,2.06,0.0
ATOM,4131.0,CD1,ILE,286.0,88.544,12.811,31.917,-0.27,2.06,0.0
ATOM,4132.0,H,ILE,286.0,84.538,11.957,30.988,0.31,0.2245,0.0
ATOM,4133.0,HA,ILE,286.0,85.75,9.409,30.62,0.09,1.32,0.0
ATOM,4134.0,HB,ILE,286.0,87.819,10.36,31.16,0.09,1.32,0.0
ATOM,4135.0,HG12,ILE,286.0,86.484,12.791,31.889,0.09,1.32,0.0
ATOM,4136.0,HG13,ILE,286.0,87.12,11.76,32.968,0.09,1.32,0.0
ATOM,4137.0,HG21,ILE,286.0,87.913,11.927,29.391,0.09,1.32,0.0
ATOM,4138.0,HG22,ILE,286.0,86.94,10.686,28.978,0.09,1.32,0.0
ATOM,4139.0,HG23,ILE,286.0,86.294,12.107,29.446,0.09,1.32,0.0
ATOM,4140.0,HD11,ILE,286.0,88.638,13.184,30.995,0.09,1.32,0.0
ATOM,4141.0,HD12,ILE,286.0,88.606,13.552,32.585,0.09,1.32,0.0
ATOM,4142.0,HD13,ILE,286.0,89.273,12.149,32.085,0.09,1.32,0.0
ATOM,4143.0,N,ARG,287.0,85.08,10.059,33.678,-0.47,1.85,0.0
ATOM,4144.0,CA,ARG,287.0,84.997,9.375,34.988,0.07,2.275,0.0
ATOM,4145.0,C,ARG,287.0,83.92,8.275,34.916,0.51,2.0,0.0
ATOM,4146.0,O,ARG,287.0,84.137,7.154,35.384,-0.51,1.7,4.87
ATOM,4147.0,CB,ARG,287.0,84.753,10.361,36.126,-0.18,2.175,0.0
ATOM,4148.0,CG,ARG,287.0,84.94,9.747,37.505,-0.18,2.175,0.05
ATOM,4149.0,CD,ARG,287.0,83.682,9.164,38.036,0.2,2.175,7.37
ATOM,4150.0,NE,ARG,287.0,82.84,10.255,38.491,-0.7,1.85,0.0
ATOM,4151.0,CZ,ARG,287.0,81.515,10.239,38.558,0.64,2.0,0.37
ATOM,4152.0,NH1,ARG,287.0,80.875,11.315,39.004,-0.8,1.85,0.03
ATOM,4153.0,NH2,ARG,287.0,80.815,9.182,38.189,-0.8,1.85,14.68
ATOM,4154.0,H,ARG,287.0,84.688,10.979,33.49,0.31,0.2245,0.0
ATOM,4155.0,HA,ARG,287.0,85.876,8.948,35.182,0.09,1.32,0.0
ATOM,4156.0,HB2,ARG,287.0,85.396,11.112,36.034,0.09,1.32,0.0
ATOM,4157.0,HB3,ARG,287.0,83.819,10.691,36.061,0.09,1.32,0.0
ATOM,4158.0,HG2,ARG,287.0,85.636,9.026,37.447,0.09,1.32,0.05
ATOM,4159.0,HG3,ARG,287.0,85.261,10.459,38.135,0.09,1.32,0.0
ATOM,4160.0,HD2,ARG,287.0,83.222,8.677,37.314,0.09,1.32,0.0
ATOM,4161.0,HD3,ARG,287.0,83.895,8.577,38.799,0.09,1.32,7.02
ATOM,4162.0,HE,ARG,287.0,83.306,11.113,38.787,0.44,0.2245,0.0
ATOM,4163.0,HH11,ARG,287.0,81.358,12.14,39.271,0.46,0.2245,0.0
ATOM,4164.0,HH12,ARG,287.0,79.865,11.294,39.073,0.46,0.2245,0.0
ATOM,4165.0,HH21,ARG,287.0,81.309,8.378,37.83,0.46,0.2245,5.03
ATOM,4166.0,HH22,ARG,287.0,79.827,9.172,38.259,0.46,0.2245,11.1
ATOM,4167.0,N,ASN,288.0,82.75,8.579,34.357,-0.47,1.85,0.0
ATOM,4168.0,CA,ASN,288.0,81.652,7.596,34.277,0.07,2.275,1.31
ATOM,4169.0,C,ASN,288.0,82.103,6.321,33.554,0.51,2.0,0.0
ATOM,4170.0,O,ASN,288.0,81.638,5.211,33.864,-0.51,1.7,23.22
ATOM,4171.0,CB,ASN,288.0,80.456,8.146,33.499,-0.18,2.175,2.79
ATOM,4172.0,CG,ASN,288.0,79.851,9.408,34.13,0.55,2.0,0.08
ATOM,4173.0,H,ASN,288.0,82.674,9.543,33.99,0.31,0.2245,0.0
ATOM,4174.0,HA,ASN,288.0,81.424,7.335,35.22,0.09,1.32,3.12
ATOM,4175.0,HB2,ASN,288.0,80.753,8.374,32.575,0.09,1.32,0.0
ATOM,4176.0,HB3,ASN,288.0,79.747,7.446,33.466,0.09,1.32,7.1
ATOM,4177.0,OD1,ASN,288.0,80.569,10.245,34.681,-0.55,1.7,0.0
ATOM,4178.0,ND2,ASN,288.0,78.554,9.571,33.958,-0.62,1.85,12.91
ATOM,4179.0,HD22,ASN,288.0,78.017,8.896,33.449,0.3,0.2245,16.82
ATOM,4180.0,HD21,ASN,288.0,78.092,10.378,34.34,0.32,0.2245,5.03
ATOM,4181.0,N,TRP,289.0,82.984,6.48,32.563,-0.47,1.85,0.0
ATOM,4182.0,CA,TRP,289.0,83.461,5.385,31.717,0.07,2.275,1.76
ATOM,4183.0,C,TRP,289.0,84.67,4.635,32.3,0.51,2.0,0.27
ATOM,4184.0,O,TRP,289.0,85.218,3.738,31.674,-0.51,1.7,13.45
ATOM,4185.0,CB,TRP,289.0,83.789,5.919,30.332,-0.18,2.175,0.25
ATOM,4186.0,CG,TRP,289.0,82.605,6.553,29.642,-0.03,1.9924,0.0
ATOM,4187.0,CD1,TRP,289.0,81.293,6.453,29.992,0.035,1.9924,1.65
ATOM,4188.0,CD2,TRP,289.0,82.654,7.434,28.518,-0.02,1.8,0.0
ATOM,4189.0,NE1,TRP,289.0,80.518,7.203,29.142,-0.61,1.85,0.0
ATOM,4190.0,CE2,TRP,289.0,81.329,7.81,28.219,0.13,1.8,0.0
ATOM,4191.0,CE3,TRP,289.0,83.688,7.906,27.702,-0.115,1.9924,0.0
ATOM,4192.0,CZ2,TRP,289.0,81.01,8.65,27.143,-0.115,1.9924,0.0
ATOM,4193.0,CZ3,TRP,289.0,83.375,8.743,26.643,-0.115,1.9924,0.0
ATOM,4194.0,CH2,TRP,289.0,82.052,9.098,26.368,-0.115,1.9924,0.0
ATOM,4195.0,H,TRP,289.0,83.31,7.472,32.441,0.31,0.2245,0.0
ATOM,4196.0,HA,TRP,289.0,82.706,4.713,31.629,0.09,1.32,5.31
ATOM,4197.0,HB2,TRP,289.0,84.488,6.618,30.406,0.09,1.32,0.0
ATOM,4198.0,HB3,TRP,289.0,84.093,5.173,29.755,0.09,1.32,1.71
ATOM,4199.0,HD1,TRP,289.0,80.94,5.913,30.756,0.115,1.3582,5.06
ATOM,4200.0,HE1,TRP,289.0,79.524,7.293,29.187,0.38,0.2245,4.65
ATOM,4201.0,HE3,TRP,289.0,84.636,7.648,27.876,0.115,1.3582,0.0
ATOM,4202.0,HZ2,TRP,289.0,80.059,8.901,26.962,0.115,1.3582,0.0
ATOM,4203.0,HZ3,TRP,289.0,84.111,9.094,26.07,0.115,1.3582,0.0
ATOM,4204.0,HH2,TRP,289.0,81.865,9.695,25.585,0.115,1.3582,0.0
ATOM,4205.0,N,SER,290.0,85.077,5.029,33.492,-0.47,1.85,0.0
ATOM,4206.0,CA,SER,290.0,86.183,4.424,34.218,0.07,2.275,0.87
ATOM,4207.0,C,SER,290.0,87.565,4.692,33.625,0.51,2.0,0.0
ATOM,4208.0,O,SER,290.0,88.519,3.996,33.947,-0.51,1.7,24.36
ATOM,4209.0,CB,SER,290.0,85.95,2.913,34.431,0.05,2.175,25.38
ATOM,4210.0,OG,SER,290.0,84.838,2.755,35.296,-0.66,1.77,29.8
ATOM,4211.0,H,SER,290.0,84.521,5.839,33.886,0.31,0.2245,0.0
ATOM,4212.0,HA,SER,290.0,86.179,4.801,35.168,0.09,1.32,4.32
ATOM,4213.0,HB2,SER,290.0,85.751,2.501,33.562,0.09,1.32,3.7
ATOM,4214.0,HB3,SER,290.0,86.751,2.529,34.853,0.09,1.32,7.12
ATOM,4215.0,HG,SER,290.0,84.07,3.295,34.953,0.43,0.2245,6.7
ATOM,4216.0,N,TRP,291.0,87.676,5.706,32.773,-0.47,1.85,0.0
ATOM,4217.0,CA,TRP,291.0,88.963,6.099,32.213,0.07,2.275,0.0
ATOM,4218.0,C,TRP,291.0,89.741,6.909,33.244,0.51,2.0,0.21
ATOM,4219.0,O,TRP,291.0,90.97,6.795,33.327,-0.51,1.7,5.22
ATOM,4220.0,CB,TRP,291.0,88.782,6.94,30.968,-0.18,2.175,0.0
ATOM,4221.0,CG,TRP,291.0,88.136,6.274,29.835,-0.03,1.9924,0.0
ATOM,4222.0,CD1,TRP,291.0,87.779,4.93,29.715,0.035,1.9924,2.1
ATOM,4223.0,CD2,TRP,291.0,87.726,6.898,28.621,-0.02,1.8,0.0
ATOM,4224.0,NE1,TRP,291.0,87.216,4.705,28.483,-0.61,1.85,1.46
ATOM,4225.0,CE2,TRP,291.0,87.16,5.888,27.791,0.13,1.8,0.0
ATOM,4226.0,CE3,TRP,291.0,87.809,8.205,28.126,-0.115,1.9924,0.0
ATOM,4227.0,CZ2,TRP,291.0,86.672,6.156,26.532,-0.115,1.9924,6.64
ATOM,4228.0,CZ3,TRP,291.0,87.302,8.468,26.858,-0.115,1.9924,0.0
ATOM,4229.0,CH2,TRP,291.0,86.775,7.454,26.076,-0.115,1.9924,1.75
ATOM,4230.0,H,TRP,291.0,86.782,6.184,32.546,0.31,0.2245,0.0
ATOM,4231.0,HA,TRP,291.0,89.485,5.266,32.027,0.09,1.32,0.67
ATOM,4232.0,HB2,TRP,291.0,88.228,7.747,31.205,0.09,1.32,0.0
ATOM,4233.0,HB3,TRP,291.0,89.688,7.257,30.661,0.09,1.32,0.0
ATOM,4234.0,HD1,TRP,291.0,87.917,4.249,30.422,0.115,1.3582,3.89
ATOM,4235.0,HE1,TRP,291.0,86.897,3.821,28.142,0.38,0.2245,19.24
ATOM,4236.0,HE3,TRP,291.0,88.219,8.934,28.663,0.115,1.3582,0.0
ATOM,4237.0,HZ2,TRP,291.0,86.259,5.433,25.97,0.115,1.3582,10.46
ATOM,4238.0,HZ3,TRP,291.0,87.325,9.405,26.519,0.115,1.3582,0.0
ATOM,4239.0,HH2,TRP,291.0,86.456,7.669,25.146,0.115,1.3582,0.0
ATOM,4240.0,N,PHE,292.0,89.012,7.694,34.044,-0.47,1.85,0.0
ATOM,4241.0,CA,PHE,292.0,89.544,8.568,35.094,0.07,2.275,0.0
ATOM,4242.0,C,PHE,292.0,88.954,8.123,36.42,0.51,2.0,0.28
ATOM,4243.0,O,PHE,292.0,87.75,7.89,36.533,-0.51,1.7,2.01
ATOM,4244.0,CB,PHE,292.0,89.11,10.022,34.774,-0.18,2.175,0.0
ATOM,4245.0,CG,PHE,292.0,89.544,11.076,35.779,0.0,1.9924,0.0
ATOM,4246.0,CD1,PHE,292.0,90.802,11.652,35.716,-0.115,1.9924,0.0
ATOM,4247.0,CD2,PHE,292.0,88.668,11.54,36.736,-0.115,1.9924,0.0
ATOM,4248.0,CE1,PHE,292.0,91.183,12.642,36.587,-0.115,1.9924,0.0
ATOM,4249.0,CE2,PHE,292.0,89.052,12.524,37.645,-0.115,1.9924,0.51
ATOM,4250.0,CZ,PHE,292.0,90.31,13.089,37.559,-0.115,1.9924,0.52
ATOM,4251.0,H,PHE,292.0,87.969,7.629,33.847,0.31,0.2245,0.0
ATOM,4252.0,HA,PHE,292.0,90.524,8.401,35.139,0.09,1.32,0.0
ATOM,4253.0,HB2,PHE,292.0,89.501,10.262,33.894,0.09,1.32,0.0
ATOM,4254.0,HB3,PHE,292.0,88.118,10.034,34.731,0.09,1.32,0.0
ATOM,4255.0,HD1,PHE,292.0,91.45,11.338,35.015,0.115,1.3582,0.0
ATOM,4256.0,HD2,PHE,292.0,87.737,11.169,36.784,0.115,1.3582,0.0
ATOM,4257.0,HE1,PHE,292.0,92.11,13.044,36.515,0.115,1.3582,0.0
ATOM,4258.0,HE2,PHE,292.0,88.402,12.816,38.365,0.115,1.3582,1.34
ATOM,4259.0,HZ,PHE,292.0,90.587,13.81,38.189,0.115,1.3582,1.42
ATOM,4260.0,N,ASP,293.0,89.811,7.998,37.434,-0.47,1.85,0.33
ATOM,4261.0,CA,ASP,293.0,89.408,7.659,38.794,0.07,2.275,2.16
ATOM,4262.0,C,ASP,293.0,89.494,8.931,39.629,0.51,2.0,0.0
ATOM,4263.0,O,ASP,293.0,90.604,9.477,39.87,-0.51,1.7,0.0
ATOM,4264.0,CB,ASP,293.0,90.39,6.617,39.347,-0.28,2.175,3.32
ATOM,4265.0,CG,ASP,293.0,90.043,6.12,40.753,0.62,2.0,3.11
ATOM,4266.0,OD1,ASP,293.0,89.314,6.763,41.542,-0.76,1.7,7.56
ATOM,4267.0,OD2,ASP,293.0,90.546,5.037,41.134,-0.76,1.7,24.87
ATOM,4268.0,H,ASP,293.0,90.813,8.167,37.165,0.31,0.2245,0.0
ATOM,4269.0,HA,ASP,293.0,88.45,7.393,38.763,0.09,1.32,3.7
ATOM,4270.0,HB2,ASP,293.0,90.391,5.835,38.729,0.09,1.32,7.66
ATOM,4271.0,HB3,ASP,293.0,91.296,7.03,39.374,0.09,1.32,0.0
ATOM,4272.0,N,LYS,294.0,88.351,9.374,40.128,-0.47,1.85,0.0
ATOM,4273.0,CA,LYS,294.0,88.276,10.655,40.807,0.07,2.275,0.28
ATOM,4274.0,C,LYS,294.0,89.035,10.677,42.121,0.51,2.0,0.0
ATOM,4275.0,O,LYS,294.0,89.353,11.749,42.598,-0.51,1.7,0.51
ATOM,4276.0,CB,LYS,294.0,86.816,11.124,41.019,-0.18,2.175,0.1
ATOM,4277.0,CG,LYS,294.0,85.968,10.304,41.985,-0.18,2.175,0.5
ATOM,4278.0,CD,LYS,294.0,84.526,10.891,42.12,-0.18,2.175,0.13
ATOM,4279.0,CE,LYS,294.0,83.769,10.396,43.353,0.21,2.175,10.79
ATOM,4280.0,NZ,LYS,294.0,82.36,10.966,43.491,-0.3,1.85,1.54
ATOM,4281.0,H,LYS,294.0,87.539,8.744,39.995,0.31,0.2245,1.84
ATOM,4282.0,HA,LYS,294.0,88.664,11.372,40.197,0.09,1.32,0.04
ATOM,4283.0,HB2,LYS,294.0,86.847,12.073,41.354,0.09,1.32,0.07
ATOM,4284.0,HB3,LYS,294.0,86.363,11.121,40.119,0.09,1.32,0.0
ATOM,4285.0,HG2,LYS,294.0,85.887,9.37,41.65,0.09,1.32,4.4
ATOM,4286.0,HG3,LYS,294.0,86.386,10.311,42.888,0.09,1.32,0.0
ATOM,4287.0,HD2,LYS,294.0,84.605,11.887,42.167,0.09,1.32,0.0
ATOM,4288.0,HD3,LYS,294.0,84.013,10.634,41.301,0.09,1.32,0.0
ATOM,4289.0,HE2,LYS,294.0,83.698,9.391,43.316,0.05,1.32,11.06
ATOM,4290.0,HE3,LYS,294.0,84.289,10.642,44.181,0.05,1.32,3.14
ATOM,4291.0,HZ1,LYS,294.0,82.117,10.969,44.454,0.33,0.2245,6.03
ATOM,4292.0,HZ2,LYS,294.0,82.36,11.891,43.128,0.33,0.2245,0.1
ATOM,4293.0,HZ3,LYS,294.0,81.737,10.388,42.976,0.33,0.2245,7.88
ATOM,4294.0,N,THR,295.0,89.319,9.499,42.691,-0.47,1.85,0.0
ATOM,4295.0,CA,THR,295.0,90.134,9.428,43.899,0.07,2.275,0.0
ATOM,4296.0,C,THR,295.0,91.602,9.103,43.629,0.51,2.0,0.0
ATOM,4297.0,O,THR,295.0,92.383,9.099,44.559,-0.51,1.7,10.28
ATOM,4298.0,CB,THR,295.0,89.566,8.389,44.902,0.14,2.275,5.27
ATOM,4299.0,OG1,THR,295.0,89.725,7.075,44.37,-0.66,1.77,13.98
ATOM,4300.0,CG2,THR,295.0,88.066,8.545,45.109,-0.27,2.06,24.61
ATOM,4301.0,H,THR,295.0,88.921,8.676,42.213,0.31,0.2245,0.0
ATOM,4302.0,HA,THR,295.0,90.092,10.331,44.367,0.09,1.32,0.0
ATOM,4303.0,HB,THR,295.0,90.098,8.454,45.769,0.09,1.32,6.68
ATOM,4304.0,HG21,THR,295.0,87.572,8.13,44.341,0.09,1.32,3.56
ATOM,4305.0,HG22,THR,295.0,87.791,8.091,45.96,0.09,1.32,11.66
ATOM,4306.0,HG23,THR,295.0,87.83,9.518,45.164,0.09,1.32,0.0
ATOM,4307.0,HG1,THR,295.0,89.591,7.08,43.372,0.43,0.2245,0.0
ATOM,4308.0,N,LYS,296.0,91.96,8.837,42.368,-0.47,1.85,0.0
ATOM,4309.0,CA,LYS,296.0,93.352,8.651,41.915,0.07,2.275,0.0
ATOM,4310.0,C,LYS,296.0,93.589,9.449,40.629,0.51,2.0,0.0
ATOM,4311.0,O,LYS,296.0,93.955,8.895,39.589,-0.51,1.7,0.0
ATOM,4312.0,CB,LYS,296.0,93.662,7.159,41.702,-0.18,2.175,0.0
ATOM,4313.0,CG,LYS,296.0,93.603,6.349,43.01,-0.18,2.175,0.84
ATOM,4314.0,CD,LYS,296.0,93.956,4.885,42.805,-0.18,2.175,7.84
ATOM,4315.0,CE,LYS,296.0,93.904,4.096,44.126,0.21,2.175,18.59
ATOM,4316.0,NZ,LYS,296.0,94.153,2.629,43.916,-0.3,1.85,14.79
ATOM,4317.0,H,LYS,296.0,91.144,8.769,41.704,0.31,0.2245,0.0
ATOM,4318.0,HA,LYS,296.0,93.968,8.992,42.625,0.09,1.32,1.9
ATOM,4319.0,HB2,LYS,296.0,92.991,6.786,41.079,0.09,1.32,0.0
ATOM,4320.0,HB3,LYS,296.0,94.576,7.08,41.331,0.09,1.32,0.0
ATOM,4321.0,HG2,LYS,296.0,94.248,6.754,43.663,0.09,1.32,5.28
ATOM,4322.0,HG3,LYS,296.0,92.675,6.414,43.383,0.09,1.32,0.0
ATOM,4323.0,HD2,LYS,296.0,93.304,4.476,42.176,0.09,1.32,1.93
ATOM,4324.0,HD3,LYS,296.0,94.879,4.818,42.442,0.09,1.32,5.03
ATOM,4325.0,HE2,LYS,296.0,94.601,4.461,44.744,0.05,1.32,10.92
ATOM,4326.0,HE3,LYS,296.0,93.0,4.219,44.537,0.05,1.32,7.29
ATOM,4327.0,HZ1,LYS,296.0,93.782,2.36,43.03,0.33,0.2245,15.74
ATOM,4328.0,HZ2,LYS,296.0,95.136,2.46,43.938,0.33,0.2245,19.75
ATOM,4329.0,HZ3,LYS,296.0,93.703,2.116,44.643,0.33,0.2245,20.1
ATOM,4330.0,N,PRO,297.0,93.346,10.75,40.707,-0.29,1.85,0.0
ATOM,4331.0,CA,PRO,297.0,93.389,11.601,39.522,0.02,2.275,0.0
ATOM,4332.0,C,PRO,297.0,94.786,11.755,38.918,0.51,2.0,0.0
ATOM,4333.0,O,PRO,297.0,94.879,11.701,37.712,-0.51,1.7,0.0
ATOM,4334.0,CB,PRO,297.0,92.848,12.929,40.027,-0.18,2.175,0.21
ATOM,4335.0,CG,PRO,297.0,93.163,12.95,41.459,-0.18,2.175,3.3
ATOM,4336.0,CD,PRO,297.0,92.953,11.522,41.89,0.0,2.175,0.31
ATOM,4337.0,HA,PRO,297.0,92.735,11.264,38.815,0.09,1.32,0.0
ATOM,4338.0,HB2,PRO,297.0,93.288,13.697,39.54,0.09,1.32,0.0
ATOM,4339.0,HB3,PRO,297.0,91.853,12.989,39.866,0.09,1.32,0.2
ATOM,4340.0,HG2,PRO,297.0,94.111,13.229,41.621,0.09,1.32,2.89
ATOM,4341.0,HG3,PRO,297.0,92.548,13.561,41.959,0.09,1.32,0.27
ATOM,4342.0,HD2,PRO,297.0,93.531,11.289,42.673,0.09,1.32,3.57
ATOM,4343.0,HD3,PRO,297.0,91.994,11.349,42.124,0.09,1.32,0.0
ATOM,4344.0,N,ALA,298.0,95.84,11.903,39.714,-0.47,1.85,0.0
ATOM,4345.0,CA,ALA,298.0,97.187,12.031,39.113,0.07,2.275,0.74
ATOM,4346.0,C,ALA,298.0,97.611,10.786,38.347,0.51,2.0,0.08
ATOM,4347.0,O,ALA,298.0,98.252,10.869,37.277,-0.51,1.7,11.23
ATOM,4348.0,CB,ALA,298.0,98.203,12.324,40.182,-0.27,2.06,31.76
ATOM,4349.0,H,ALA,298.0,95.658,11.92,40.715,0.31,0.2245,0.98
ATOM,4350.0,HA,ALA,298.0,97.173,12.818,38.476,0.09,1.32,2.64
ATOM,4351.0,HB1,ALA,298.0,99.049,11.818,40.0,0.09,1.32,8.28
ATOM,4352.0,HB2,ALA,298.0,98.409,13.305,40.2,0.09,1.32,5.96
ATOM,4353.0,HB3,ALA,298.0,97.847,12.05,41.078,0.09,1.32,5.78
ATOM,4354.0,N,GLU,299.0,97.245,9.631,38.888,-0.47,1.85,0.0
ATOM,4355.0,CA,GLU,299.0,97.638,8.358,38.307,0.07,2.275,0.75
ATOM,4356.0,C,GLU,299.0,96.89,8.055,37.002,0.51,2.0,0.0
ATOM,4357.0,O,GLU,299.0,97.443,7.412,36.102,-0.51,1.7,22.46
ATOM,4358.0,CB,GLU,299.0,97.397,7.216,39.303,-0.18,2.175,6.04
ATOM,4359.0,CG,GLU,299.0,98.275,7.301,40.544,-0.28,2.175,16.3
ATOM,4360.0,CD,GLU,299.0,97.676,8.098,41.712,0.62,2.0,0.28
ATOM,4361.0,OE1,GLU,299.0,96.727,8.913,41.555,-0.76,1.7,3.49
ATOM,4362.0,OE2,GLU,299.0,98.196,7.907,42.841,-0.76,1.7,42.41
ATOM,4363.0,H,GLU,299.0,96.664,9.716,39.746,0.31,0.2245,0.0
ATOM,4364.0,HA,GLU,299.0,98.634,8.358,38.123,0.09,1.32,8.27
ATOM,4365.0,HB2,GLU,299.0,96.462,7.268,39.595,0.09,1.32,0.0
ATOM,4366.0,HB3,GLU,299.0,97.605,6.373,38.847,0.09,1.32,8.82
ATOM,4367.0,HG2,GLU,299.0,98.438,6.382,40.875,0.09,1.32,10.52
ATOM,4368.0,HG3,GLU,299.0,99.125,7.746,40.297,0.09,1.32,7.87
ATOM,4369.0,N,THR,300.0,95.629,8.476,36.923,-0.47,1.85,0.0
ATOM,4370.0,CA,THR,300.0,94.758,8.066,35.813,0.07,2.275,0.0
ATOM,4371.0,C,THR,300.0,94.556,9.132,34.748,0.51,2.0,0.0
ATOM,4372.0,O,THR,300.0,94.148,8.799,33.634,-0.51,1.7,0.0
ATOM,4373.0,CB,THR,300.0,93.392,7.584,36.287,0.14,2.275,0.77
ATOM,4374.0,OG1,THR,300.0,92.714,8.596,37.052,-0.66,1.77,0.0
ATOM,4375.0,CG2,THR,300.0,93.511,6.352,37.207,-0.27,2.06,19.84
ATOM,4376.0,H,THR,300.0,95.323,9.099,37.688,0.31,0.2245,0.0
ATOM,4377.0,HA,THR,300.0,95.177,7.247,35.372,0.09,1.32,1.92
ATOM,4378.0,HB,THR,300.0,92.807,7.368,35.469,0.09,1.32,0.0
ATOM,4379.0,HG21,THR,300.0,92.661,5.829,37.169,0.09,1.32,4.36
ATOM,4380.0,HG22,THR,300.0,94.271,5.782,36.898,0.09,1.32,7.18
ATOM,4381.0,HG23,THR,300.0,93.678,6.655,38.144,0.09,1.32,0.0
ATOM,4382.0,HG1,THR,300.0,93.142,8.692,37.956,0.43,0.2245,0.0
ATOM,4383.0,N,TRP,301.0,94.828,10.381,35.089,-0.47,1.85,0.0
ATOM,4384.0,CA,TRP,301.0,94.62,11.486,34.149,0.07,2.275,0.0
ATOM,4385.0,C,TRP,301.0,95.352,11.267,32.809,0.51,2.0,0.0
ATOM,4386.0,O,TRP,301.0,94.734,11.458,31.763,-0.51,1.7,0.0
ATOM,4387.0,CB,TRP,301.0,94.968,12.835,34.778,-0.18,2.175,0.0
ATOM,4388.0,CG,TRP,301.0,95.149,13.963,33.775,-0.03,1.9924,0.0
ATOM,4389.0,CD1,TRP,301.0,96.313,14.568,33.429,0.035,1.9924,8.83
ATOM,4390.0,CD2,TRP,301.0,94.13,14.558,32.949,-0.02,1.8,0.07
ATOM,4391.0,NE1,TRP,301.0,96.085,15.523,32.465,-0.61,1.85,7.98
ATOM,4392.0,CE2,TRP,301.0,94.757,15.525,32.14,0.13,1.8,0.81
ATOM,4393.0,CE3,TRP,301.0,92.75,14.36,32.804,-0.115,1.9924,0.16
ATOM,4394.0,CZ2,TRP,301.0,94.047,16.324,31.225,-0.115,1.9924,0.47
ATOM,4395.0,CZ3,TRP,301.0,92.06,15.126,31.887,-0.115,1.9924,0.0
ATOM,4396.0,CH2,TRP,301.0,92.707,16.121,31.129,-0.115,1.9924,0.0
ATOM,4397.0,H,TRP,301.0,95.19,10.511,36.049,0.31,0.2245,0.0
ATOM,4398.0,HA,TRP,301.0,93.633,11.534,33.944,0.09,1.32,0.0
ATOM,4399.0,HB2,TRP,301.0,94.235,13.111,35.389,0.09,1.32,0.0
ATOM,4400.0,HB3,TRP,301.0,95.825,12.754,35.275,0.09,1.32,0.13
ATOM,4401.0,HD1,TRP,301.0,97.212,14.357,33.814,0.115,1.3582,8.91
ATOM,4402.0,HE1,TRP,301.0,96.781,16.121,32.066,0.38,0.2245,20.9
ATOM,4403.0,HE3,TRP,301.0,92.273,13.676,33.353,0.115,1.3582,0.0
ATOM,4404.0,HZ2,TRP,301.0,94.535,17.009,30.679,0.115,1.3582,9.25
ATOM,4405.0,HZ3,TRP,301.0,91.083,14.973,31.758,0.115,1.3582,0.0
ATOM,4406.0,HH2,TRP,301.0,92.153,16.681,30.511,0.115,1.3582,0.0
ATOM,4407.0,N,PRO,302.0,96.639,10.924,32.797,-0.29,1.85,0.0
ATOM,4408.0,CA,PRO,302.0,97.338,10.807,31.504,0.02,2.275,1.45
ATOM,4409.0,C,PRO,302.0,96.644,9.85,30.518,0.51,2.0,0.7
ATOM,4410.0,O,PRO,302.0,96.418,10.204,29.335,-0.51,1.7,6.33
ATOM,4411.0,CB,PRO,302.0,98.775,10.396,31.905,-0.18,2.175,20.55
ATOM,4412.0,CG,PRO,302.0,98.93,10.983,33.333,-0.18,2.175,17.72
ATOM,4413.0,CD,PRO,302.0,97.576,10.727,33.943,0.0,2.175,0.06
ATOM,4414.0,HA,PRO,302.0,97.457,11.722,31.082,0.09,1.32,4.69
ATOM,4415.0,HB2,PRO,302.0,98.87,9.411,31.935,0.09,1.32,7.32
ATOM,4416.0,HB3,PRO,302.0,99.445,10.801,31.301,0.09,1.32,11.4
ATOM,4417.0,HG2,PRO,302.0,99.646,10.497,33.809,0.09,1.32,10.54
ATOM,4418.0,HG3,PRO,302.0,99.128,11.948,33.268,0.09,1.32,6.03
ATOM,4419.0,HD2,PRO,302.0,97.498,9.796,34.292,0.09,1.32,0.0
ATOM,4420.0,HD3,PRO,302.0,97.369,11.379,34.671,0.09,1.32,0.07
ATOM,4421.0,N,SER,303.0,96.275,8.668,31.003,-0.47,1.85,0.76
ATOM,4422.0,CA,SER,303.0,95.588,7.654,30.213,0.07,2.275,3.01
ATOM,4423.0,C,SER,303.0,94.192,8.154,29.785,0.51,2.0,0.0
ATOM,4424.0,O,SER,303.0,93.748,7.98,28.625,-0.51,1.7,0.0
ATOM,4425.0,CB,SER,303.0,95.429,6.362,31.031,0.05,2.175,17.15
ATOM,4426.0,OG,SER,303.0,94.644,5.415,30.313,-0.66,1.77,11.37
ATOM,4427.0,H,SER,303.0,96.524,8.527,32.015,0.31,0.2245,0.49
ATOM,4428.0,HA,SER,303.0,96.117,7.49,29.377,0.09,1.32,0.34
ATOM,4429.0,HB2,SER,303.0,96.327,5.978,31.198,0.09,1.32,11.33
ATOM,4430.0,HB3,SER,303.0,94.973,6.579,31.884,0.09,1.32,0.2
ATOM,4431.0,HG,SER,303.0,93.742,5.348,30.734,0.43,0.2245,2.67
ATOM,4432.0,N,ALA,304.0,93.491,8.762,30.73,-0.47,1.85,0.0
ATOM,4433.0,CA,ALA,304.0,92.145,9.308,30.448,0.07,2.275,0.0
ATOM,4434.0,C,ALA,304.0,92.177,10.361,29.343,0.51,2.0,0.0
ATOM,4435.0,O,ALA,304.0,91.312,10.384,28.474,-0.51,1.7,0.0
ATOM,4436.0,CB,ALA,304.0,91.544,9.883,31.699,-0.27,2.06,0.0
ATOM,4437.0,H,ALA,304.0,93.942,8.825,31.654,0.31,0.2245,0.0
ATOM,4438.0,HA,ALA,304.0,91.551,8.547,30.155,0.09,1.32,0.0
ATOM,4439.0,HB1,ALA,304.0,90.971,9.196,32.153,0.09,1.32,0.0
ATOM,4440.0,HB2,ALA,304.0,92.27,10.168,32.33,0.09,1.32,0.0
ATOM,4441.0,HB3,ALA,304.0,90.978,10.68,31.474,0.09,1.32,0.0
ATOM,4442.0,N,TRP,305.0,93.187,11.228,29.385,-0.47,1.85,0.0
ATOM,4443.0,CA,TRP,305.0,93.325,12.27,28.363,0.07,2.275,0.0
ATOM,4444.0,C,TRP,305.0,93.645,11.693,26.98,0.51,2.0,0.0
ATOM,4445.0,O,TRP,305.0,93.079,12.13,25.99,-0.51,1.7,0.0
ATOM,4446.0,CB,TRP,305.0,94.347,13.324,28.809,-0.18,2.175,0.2
ATOM,4447.0,CG,TRP,305.0,94.521,14.356,27.796,-0.03,1.9924,0.0
ATOM,4448.0,CD1,TRP,305.0,95.659,14.623,27.102,0.035,1.9924,9.11
ATOM,4449.0,CD2,TRP,305.0,93.526,15.249,27.313,-0.02,1.8,0.0
ATOM,4450.0,NE1,TRP,305.0,95.435,15.652,26.223,-0.61,1.85,6.43
ATOM,4451.0,CE2,TRP,305.0,94.124,16.044,26.315,0.13,1.8,0.67
ATOM,4452.0,CE3,TRP,305.0,92.167,15.435,27.59,-0.115,1.9924,0.0
ATOM,4453.0,CZ2,TRP,305.0,93.414,17.022,25.615,-0.115,1.9924,2.04
ATOM,4454.0,CZ3,TRP,305.0,91.463,16.407,26.888,-0.115,1.9924,0.0
ATOM,4455.0,CH2,TRP,305.0,92.096,17.183,25.914,-0.115,1.9924,0.0
ATOM,4456.0,H,TRP,305.0,93.841,11.107,30.172,0.31,0.2245,0.0
ATOM,4457.0,HA,TRP,305.0,92.438,12.748,28.293,0.09,1.32,0.0
ATOM,4458.0,HB2,TRP,305.0,94.014,13.746,29.637,0.09,1.32,0.0
ATOM,4459.0,HB3,TRP,305.0,95.213,12.873,28.954,0.09,1.32,0.0
ATOM,4460.0,HD1,TRP,305.0,96.528,14.146,27.212,0.115,1.3582,12.25
ATOM,4461.0,HE1,TRP,305.0,96.116,16.055,25.611,0.38,0.2245,15.29
ATOM,4462.0,HE3,TRP,305.0,91.703,14.882,28.279,0.115,1.3582,0.0
ATOM,4463.0,HZ2,TRP,305.0,93.881,17.579,24.918,0.115,1.3582,3.96
ATOM,4464.0,HZ3,TRP,305.0,90.5,16.545,27.088,0.115,1.3582,0.0
ATOM,4465.0,HH2,TRP,305.0,91.553,17.875,25.427,0.115,1.3582,0.0
ATOM,4466.0,N,GLU,306.0,94.462,10.636,26.925,-0.47,1.85,0.07
ATOM,4467.0,CA,GLU,306.0,94.759,9.95,25.681,0.07,2.275,0.28
ATOM,4468.0,C,GLU,306.0,93.459,9.388,25.073,0.51,2.0,0.0
ATOM,4469.0,O,GLU,306.0,93.18,9.535,23.851,-0.51,1.7,0.0
ATOM,4470.0,CB,GLU,306.0,95.772,8.822,25.927,-0.18,2.175,1.62
ATOM,4471.0,CG,GLU,306.0,96.223,8.096,24.687,-0.28,2.175,7.66
ATOM,4472.0,CD,GLU,306.0,97.121,6.903,24.984,0.62,2.0,6.27
ATOM,4473.0,OE1,GLU,306.0,97.389,6.594,26.177,-0.76,1.7,29.71
ATOM,4474.0,OE2,GLU,306.0,97.574,6.28,24.005,-0.76,1.7,43.5
ATOM,4475.0,H,GLU,306.0,94.86,10.355,27.847,0.31,0.2245,0.0
ATOM,4476.0,HA,GLU,306.0,95.177,10.583,25.027,0.09,1.32,0.0
ATOM,4477.0,HB2,GLU,306.0,96.567,9.229,26.35,0.09,1.32,5.83
ATOM,4478.0,HB3,GLU,306.0,95.341,8.166,26.527,0.09,1.32,0.0
ATOM,4479.0,HG2,GLU,306.0,95.429,7.752,24.215,0.09,1.32,0.08
ATOM,4480.0,HG3,GLU,306.0,96.742,8.718,24.126,0.09,1.32,9.88
ATOM,4481.0,N,LYS,307.0,92.663,8.747,25.918,-0.47,1.85,0.0
ATOM,4482.0,CA,LYS,307.0,91.376,8.19,25.473,0.07,2.275,0.72
ATOM,4483.0,C,LYS,307.0,90.383,9.285,25.067,0.51,2.0,0.0
ATOM,4484.0,O,LYS,307.0,89.683,9.128,24.071,-0.51,1.7,1.38
ATOM,4485.0,CB,LYS,307.0,90.777,7.283,26.526,-0.18,2.175,1.77
ATOM,4486.0,CG,LYS,307.0,91.632,6.032,26.808,-0.18,2.175,5.2
ATOM,4487.0,CD,LYS,307.0,90.992,5.125,27.85,-0.18,2.175,1.87
ATOM,4488.0,CE,LYS,307.0,91.784,3.822,28.007,0.21,2.175,18.96
ATOM,4489.0,NZ,LYS,307.0,91.743,3.375,29.434,-0.3,1.85,11.07
ATOM,4490.0,H,LYS,307.0,93.01,8.672,26.887,0.31,0.2245,0.0
ATOM,4491.0,HA,LYS,307.0,91.542,7.594,24.675,0.09,1.32,0.5
ATOM,4492.0,HB2,LYS,307.0,90.692,7.787,27.378,0.09,1.32,0.0
ATOM,4493.0,HB3,LYS,307.0,89.883,6.974,26.217,0.09,1.32,0.18
ATOM,4494.0,HG2,LYS,307.0,91.741,5.523,25.954,0.09,1.32,7.28
ATOM,4495.0,HG3,LYS,307.0,92.529,6.327,27.137,0.09,1.32,0.15
ATOM,4496.0,HD2,LYS,307.0,90.983,5.592,28.725,0.09,1.32,0.0
ATOM,4497.0,HD3,LYS,307.0,90.071,4.897,27.561,0.09,1.32,0.7
ATOM,4498.0,HE2,LYS,307.0,91.373,3.125,27.432,0.05,1.32,11.63
ATOM,4499.0,HE3,LYS,307.0,92.726,3.984,27.74,0.05,1.32,5.96
ATOM,4500.0,HZ1,LYS,307.0,91.692,2.378,29.464,0.33,0.2245,20.47
ATOM,4501.0,HZ2,LYS,307.0,92.571,3.685,29.898,0.33,0.2245,4.04
ATOM,4502.0,HZ3,LYS,307.0,90.94,3.768,29.878,0.33,0.2245,0.72
ATOM,4503.0,N,ALA,308.0,90.36,10.402,25.771,-0.47,1.85,0.0
ATOM,4504.0,CA,ALA,308.0,89.43,11.505,25.441,0.07,2.275,0.0
ATOM,4505.0,C,ALA,308.0,89.791,12.112,24.095,0.51,2.0,0.0
ATOM,4506.0,O,ALA,308.0,88.925,12.391,23.271,-0.51,1.7,0.0
ATOM,4507.0,CB,ALA,308.0,89.449,12.57,26.503,-0.27,2.06,0.0
ATOM,4508.0,H,ALA,308.0,91.029,10.45,26.558,0.31,0.2245,0.0
ATOM,4509.0,HA,ALA,308.0,88.502,11.129,25.393,0.09,1.32,0.0
ATOM,4510.0,HB1,ALA,308.0,90.26,12.462,27.083,0.09,1.32,0.0
ATOM,4511.0,HB2,ALA,308.0,89.472,13.478,26.078,0.09,1.32,0.0
ATOM,4512.0,HB3,ALA,308.0,88.628,12.499,27.075,0.09,1.32,0.0
ATOM,4513.0,N,GLN,309.0,91.066,12.297,23.829,-0.47,1.85,0.0
ATOM,4514.0,CA,GLN,309.0,91.438,12.89,22.536,0.07,2.275,0.0
ATOM,4515.0,C,GLN,309.0,91.115,11.949,21.378,0.51,2.0,0.0
ATOM,4516.0,O,GLN,309.0,90.677,12.38,20.312,-0.51,1.7,0.0
ATOM,4517.0,CB,GLN,309.0,92.869,13.441,22.511,-0.18,2.175,0.0
ATOM,4518.0,CG,GLN,309.0,93.965,12.56,22.688,-0.18,2.175,2.13
ATOM,4519.0,CD,GLN,309.0,95.269,13.387,22.985,0.55,2.0,2.03
ATOM,4520.0,OE1,GLN,309.0,95.864,13.992,22.084,-0.55,1.7,19.52
ATOM,4521.0,NE2,GLN,309.0,95.696,13.364,24.255,-0.62,1.85,6.14
ATOM,4522.0,H,GLN,309.0,91.734,12.015,24.543,0.31,0.2245,0.0
ATOM,4523.0,HA,GLN,309.0,90.893,13.728,22.415,0.09,1.32,0.0
ATOM,4524.0,HB2,GLN,309.0,92.966,13.952,21.612,0.09,1.32,0.0
ATOM,4525.0,HB3,GLN,309.0,92.901,14.195,23.226,0.09,1.32,0.0
ATOM,4526.0,HG2,GLN,309.0,93.847,11.957,23.47,0.09,1.32,0.0
ATOM,4527.0,HG3,GLN,309.0,94.164,12.029,21.87,0.09,1.32,0.7
ATOM,4528.0,HE21,GLN,309.0,96.531,13.86,24.507,0.32,0.2245,9.73
ATOM,4529.0,HE22,GLN,309.0,95.16,12.841,24.937,0.3,0.2245,0.0
ATOM,4530.0,N,ASN,310.0,91.263,10.654,21.613,-0.47,1.85,0.0
ATOM,4531.0,CA,ASN,310.0,90.866,9.67,20.64,0.07,2.275,0.7
ATOM,4532.0,C,ASN,310.0,89.358,9.675,20.365,0.51,2.0,0.22
ATOM,4533.0,O,ASN,310.0,88.916,9.497,19.212,-0.51,1.7,3.23
ATOM,4534.0,CB,ASN,310.0,91.323,8.284,21.096,-0.18,2.175,10.32
ATOM,4535.0,CG,ASN,310.0,92.825,8.085,20.918,0.55,2.0,2.32
ATOM,4536.0,H,ASN,310.0,91.679,10.424,22.537,0.31,0.2245,0.0
ATOM,4537.0,HA,ASN,310.0,91.318,9.904,19.762,0.09,1.32,0.53
ATOM,4538.0,HB2,ASN,310.0,91.105,8.179,22.059,0.09,1.32,0.0
ATOM,4539.0,HB3,ASN,310.0,90.849,7.6,20.554,0.09,1.32,9.61
ATOM,4540.0,OD1,ASN,310.0,93.473,8.879,20.235,-0.55,1.7,21.35
ATOM,4541.0,ND2,ASN,310.0,93.39,7.032,21.54,-0.62,1.85,16.61
ATOM,4542.0,HD22,ASN,310.0,92.798,6.43,22.082,0.3,0.2245,10.87
ATOM,4543.0,HD21,ASN,310.0,94.358,6.865,21.459,0.32,0.2245,11.46
ATOM,4544.0,N,TYR,311.0,88.573,9.825,21.431,-0.47,1.85,0.55
ATOM,4545.0,CA,TYR,311.0,87.118,9.893,21.325,0.07,2.275,1.84
ATOM,4546.0,C,TYR,311.0,86.738,11.127,20.529,0.51,2.0,0.0
ATOM,4547.0,O,TYR,311.0,85.93,11.015,19.594,-0.51,1.7,0.51
ATOM,4548.0,CB,TYR,311.0,86.448,9.859,22.718,-0.18,2.175,0.15
ATOM,4549.0,CG,TYR,311.0,84.968,9.536,22.733,0.0,1.9924,0.0
ATOM,4550.0,CD1,TYR,311.0,84.53,8.216,22.702,-0.115,1.9924,1.71
ATOM,4551.0,CD2,TYR,311.0,84.014,10.523,22.785,-0.115,1.9924,0.0
ATOM,4552.0,CE1,TYR,311.0,83.222,7.89,22.729,-0.115,1.9924,1.37
ATOM,4553.0,CE2,TYR,311.0,82.66,10.197,22.819,-0.115,1.9924,0.84
ATOM,4554.0,CZ,TYR,311.0,82.272,8.866,22.77,0.11,1.9924,0.0
ATOM,4555.0,OH,TYR,311.0,80.946,8.532,22.808,-0.54,1.77,0.0
ATOM,4556.0,H,TYR,311.0,89.083,9.889,22.338,0.31,0.2245,0.0
ATOM,4557.0,HA,TYR,311.0,86.801,9.086,20.827,0.09,1.32,1.92
ATOM,4558.0,HB2,TYR,311.0,86.926,9.171,23.27,0.09,1.32,0.25
ATOM,4559.0,HB3,TYR,311.0,86.576,10.76,23.141,0.09,1.32,0.0
ATOM,4560.0,HD1,TYR,311.0,85.232,7.482,22.657,0.115,1.3582,9.88
ATOM,4561.0,HD2,TYR,311.0,84.282,11.483,22.8,0.115,1.3582,0.0
ATOM,4562.0,HE1,TYR,311.0,82.936,6.915,22.72,0.115,1.3582,1.66
ATOM,4563.0,HE2,TYR,311.0,81.972,10.919,22.878,0.115,1.3582,0.0
ATOM,4564.0,HH,TYR,311.0,80.393,9.362,22.736,0.43,0.2245,0.0
ATOM,4565.0,N,MET,312.0,87.371,12.267,20.779,-0.47,1.85,0.0
ATOM,4566.0,CA,MET,312.0,87.072,13.461,19.973,0.07,2.275,0.0
ATOM,4567.0,C,MET,312.0,87.418,13.271,18.494,0.51,2.0,0.0
ATOM,4568.0,O,MET,312.0,86.625,13.574,17.609,-0.51,1.7,0.0
ATOM,4569.0,CB,MET,312.0,87.84,14.679,20.537,-0.18,2.175,1.28
ATOM,4570.0,CG,MET,312.0,87.399,15.111,21.923,-0.14,2.175,0.0
ATOM,4571.0,SD,MET,312.0,88.347,16.506,22.575,-0.09,2.0,0.0
ATOM,4572.0,CE,MET,312.0,87.729,17.747,21.58,-0.22,2.06,0.84
ATOM,4573.0,H,MET,312.0,88.052,12.247,21.542,0.31,0.2245,0.0
ATOM,4574.0,HA,MET,312.0,86.079,13.64,20.04,0.09,1.32,0.0
ATOM,4575.0,HB2,MET,312.0,88.822,14.45,20.566,0.09,1.32,0.0
ATOM,4576.0,HB3,MET,312.0,87.718,15.454,19.902,0.09,1.32,0.0
ATOM,4577.0,HG2,MET,312.0,86.397,15.34,21.89,0.09,1.32,0.0
ATOM,4578.0,HG3,MET,312.0,87.467,14.302,22.555,0.09,1.32,0.0
ATOM,4579.0,HE1,MET,312.0,86.92,18.199,21.997,0.09,1.32,0.0
ATOM,4580.0,HE2,MET,312.0,88.419,18.473,21.408,0.09,1.32,0.0
ATOM,4581.0,HE3,MET,312.0,87.437,17.394,20.673,0.09,1.32,0.0
ATOM,4582.0,N,ARG,313.0,88.598,12.744,18.226,-0.47,1.85,0.0
ATOM,4583.0,CA,ARG,313.0,89.056,12.548,16.851,0.07,2.275,0.44
ATOM,4584.0,C,ARG,313.0,88.145,11.605,16.088,0.51,2.0,0.0
ATOM,4585.0,O,ARG,313.0,87.83,11.852,14.929,-0.51,1.7,0.0
ATOM,4586.0,CB,ARG,313.0,90.536,12.108,16.846,-0.18,2.175,10.08
ATOM,4587.0,CG,ARG,313.0,91.427,13.279,17.244,-0.18,2.175,3.14
ATOM,4588.0,CD,ARG,313.0,92.841,13.311,16.681,0.2,2.175,19.87
ATOM,4589.0,NE,ARG,313.0,93.534,14.443,17.303,-0.7,1.85,6.1
ATOM,4590.0,CZ,ARG,313.0,94.159,14.409,18.478,0.64,2.0,1.59
ATOM,4591.0,NH1,ARG,313.0,94.719,15.501,18.946,-0.8,1.85,12.97
ATOM,4592.0,NH2,ARG,313.0,94.256,13.288,19.178,-0.8,1.85,11.6
ATOM,4593.0,H,ARG,313.0,89.166,12.484,19.056,0.31,0.2245,0.0
ATOM,4594.0,HA,ARG,313.0,89.063,13.443,16.384,0.09,1.32,0.64
ATOM,4595.0,HB2,ARG,313.0,90.645,11.396,17.506,0.09,1.32,0.0
ATOM,4596.0,HB3,ARG,313.0,90.77,11.834,15.938,0.09,1.32,4.12
ATOM,4597.0,HG2,ARG,313.0,90.967,14.151,16.973,0.09,1.32,3.43
ATOM,4598.0,HG3,ARG,313.0,91.501,13.305,18.263,0.09,1.32,0.0
ATOM,4599.0,HD2,ARG,313.0,93.29,12.478,16.925,0.09,1.32,5.12
ATOM,4600.0,HD3,ARG,313.0,92.785,13.452,15.715,0.09,1.32,10.7
ATOM,4601.0,HE,ARG,313.0,93.537,15.321,16.798,0.44,0.2245,15.98
ATOM,4602.0,HH11,ARG,313.0,94.677,16.37,18.46,0.46,0.2245,8.56
ATOM,4603.0,HH12,ARG,313.0,95.213,15.469,19.833,0.46,0.2245,3.1
ATOM,4604.0,HH21,ARG,313.0,93.826,12.453,18.81,0.46,0.2245,1.28
ATOM,4605.0,HH22,ARG,313.0,94.738,13.267,20.043,0.46,0.2245,0.74
ATOM,4606.0,N,ALA,314.0,87.722,10.522,16.723,-0.47,1.85,0.63
ATOM,4607.0,CA,ALA,314.0,86.852,9.548,16.087,0.07,2.275,3.17
ATOM,4608.0,C,ALA,314.0,85.523,10.163,15.654,0.51,2.0,0.0
ATOM,4609.0,O,ALA,314.0,85.006,9.883,14.539,-0.51,1.7,1.4
ATOM,4610.0,CB,ALA,314.0,86.631,8.386,17.014,-0.27,2.06,17.9
ATOM,4611.0,H,ALA,314.0,88.063,10.432,17.704,0.31,0.2245,0.0
ATOM,4612.0,HA,ALA,314.0,87.316,9.181,15.265,0.09,1.32,4.29
ATOM,4613.0,HB1,ALA,314.0,86.231,7.616,16.511,0.09,1.32,5.0
ATOM,4614.0,HB2,ALA,314.0,87.503,8.095,17.414,0.09,1.32,4.76
ATOM,4615.0,HB3,ALA,314.0,86.007,8.65,17.753,0.09,1.32,0.72
ATOM,4616.0,N,HIS,315.0,84.985,11.049,16.492,-0.47,1.85,0.0
ATOM,4617.0,CA,HIS,315.0,83.721,11.697,16.153,0.07,2.275,0.0
ATOM,4618.0,C,HIS,315.0,83.854,12.828,15.139,0.51,2.0,0.0
ATOM,4619.0,O,HIS,315.0,82.961,13.03,14.304,-0.51,1.7,0.0
ATOM,4620.0,CB,HIS,315.0,82.983,12.106,17.434,-0.09,2.175,0.0
ATOM,4621.0,CG,HIS,315.0,81.5,11.923,17.309,-0.05,1.8,0.0
ATOM,4622.0,H,HIS,315.0,85.513,11.225,17.353,0.31,0.2245,0.0
ATOM,4623.0,HA,HIS,315.0,83.099,10.992,15.76,0.09,1.32,0.0
ATOM,4624.0,HB2,HIS,315.0,83.309,11.544,18.191,0.09,1.32,0.72
ATOM,4625.0,HB3,HIS,315.0,83.168,13.068,17.622,0.09,1.32,0.0
ATOM,4626.0,ND1,HIS,315.0,80.638,12.942,16.982,-0.36,1.85,0.0
ATOM,4627.0,CD2,HIS,315.0,80.744,10.808,17.403,0.22,1.8,0.04
ATOM,4628.0,CE1,HIS,315.0,79.418,12.452,16.848,0.25,1.8,0.0
ATOM,4629.0,NE2,HIS,315.0,79.449,11.163,17.104,-0.7,1.85,0.0
ATOM,4630.0,HD1,HIS,315.0,80.894,13.901,16.864,0.32,0.2245,0.0
ATOM,4631.0,HD2,HIS,315.0,81.061,9.893,17.645,0.1,1.468,0.41
ATOM,4632.0,HE1,HIS,315.0,78.606,12.978,16.595,0.13,0.9,0.0
ATOM,4633.0,N,ILE,316.0,84.938,13.581,15.22,-0.47,1.85,0.0
ATOM,4634.0,CA,ILE,316.0,85.235,14.574,14.189,0.07,2.275,0.0
ATOM,4635.0,C,ILE,316.0,85.359,13.859,12.832,0.51,2.0,0.0
ATOM,4636.0,O,ILE,316.0,84.837,14.341,11.829,-0.51,1.7,0.0
ATOM,4637.0,CB,ILE,316.0,86.466,15.399,14.551,-0.09,2.275,0.04
ATOM,4638.0,CG1,ILE,316.0,86.18,16.229,15.807,-0.18,2.175,0.0
ATOM,4639.0,CG2,ILE,316.0,86.908,16.275,13.376,-0.27,2.06,2.78
ATOM,4640.0,CD1,ILE,316.0,87.436,16.698,16.539,-0.27,2.06,7.69
ATOM,4641.0,H,ILE,316.0,85.537,13.415,16.044,0.31,0.2245,0.0
ATOM,4642.0,HA,ILE,316.0,84.435,15.162,14.123,0.09,1.32,0.0
ATOM,4643.0,HB,ILE,316.0,87.21,14.777,14.761,0.09,1.32,0.2
ATOM,4644.0,HG12,ILE,316.0,85.646,17.029,15.545,0.09,1.32,0.0
ATOM,4645.0,HG13,ILE,316.0,85.639,15.673,16.435,0.09,1.32,0.0
ATOM,4646.0,HG21,ILE,316.0,87.74,16.764,13.625,0.09,1.32,0.0
ATOM,4647.0,HG22,ILE,316.0,87.083,15.697,12.582,0.09,1.32,0.0
ATOM,4648.0,HG23,ILE,316.0,86.186,16.928,13.163,0.09,1.32,0.0
ATOM,4649.0,HD11,ILE,316.0,87.978,17.264,15.923,0.09,1.32,0.0
ATOM,4650.0,HD12,ILE,316.0,87.166,17.228,17.339,0.09,1.32,0.15
ATOM,4651.0,HD13,ILE,316.0,87.964,15.901,16.821,0.09,1.32,0.0
ATOM,4652.0,N,ASP,317.0,85.995,12.691,12.794,-0.47,1.85,0.0
ATOM,4653.0,CA,ASP,317.0,86.104,11.958,11.515,0.07,2.275,0.6
ATOM,4654.0,C,ASP,317.0,84.773,11.526,10.926,0.51,2.0,0.05
ATOM,4655.0,O,ASP,317.0,84.535,11.64,9.73,-0.51,1.7,3.39
ATOM,4656.0,CB,ASP,317.0,87.012,10.735,11.667,-0.28,2.175,12.54
ATOM,4657.0,CG,ASP,317.0,88.468,11.104,11.755,0.62,2.0,2.88
ATOM,4658.0,OD1,ASP,317.0,88.842,12.264,11.436,-0.76,1.7,16.9
ATOM,4659.0,OD2,ASP,317.0,89.32,10.272,12.164,-0.76,1.7,36.03
ATOM,4660.0,H,ASP,317.0,86.383,12.358,13.677,0.31,0.2245,0.0
ATOM,4661.0,HA,ASP,317.0,86.536,12.599,10.851,0.09,1.32,0.0
ATOM,4662.0,HB2,ASP,317.0,86.746,10.261,12.499,0.09,1.32,0.0
ATOM,4663.0,HB3,ASP,317.0,86.871,10.152,10.875,0.09,1.32,8.78
ATOM,4664.0,N,VAL,318.0,83.888,11.021,11.774,-0.47,1.85,0.04
ATOM,4665.0,CA,VAL,318.0,82.529,10.686,11.376,0.07,2.275,0.01
ATOM,4666.0,C,VAL,318.0,81.742,11.903,10.899,0.51,2.0,0.0
ATOM,4667.0,O,VAL,318.0,81.006,11.828,9.917,-0.51,1.7,0.0
ATOM,4668.0,CB,VAL,318.0,81.77,9.958,12.541,-0.09,2.275,0.0
ATOM,4669.0,CG1,VAL,318.0,80.279,9.912,12.28,-0.27,2.06,0.0
ATOM,4670.0,CG2,VAL,318.0,82.289,8.565,12.7,-0.27,2.06,4.07
ATOM,4671.0,H,VAL,318.0,84.248,10.885,12.746,0.31,0.2245,0.0
ATOM,4672.0,HA,VAL,318.0,82.579,10.029,10.606,0.09,1.32,0.0
ATOM,4673.0,HB,VAL,318.0,81.916,10.5,13.363,0.09,1.32,0.0
ATOM,4674.0,HG11,VAL,318.0,79.784,9.914,13.15,0.09,1.32,0.0
ATOM,4675.0,HG12,VAL,318.0,80.005,10.711,11.743,0.09,1.32,0.0
ATOM,4676.0,HG13,VAL,318.0,80.05,9.08,11.773,0.09,1.32,0.0
ATOM,4677.0,HG21,VAL,318.0,82.864,8.504,13.521,0.09,1.32,0.0
ATOM,4678.0,HG22,VAL,318.0,81.523,7.921,12.79,0.09,1.32,0.0
ATOM,4679.0,HG23,VAL,318.0,82.837,8.309,11.898,0.09,1.32,3.0
ATOM,4680.0,N,ALA,319.0,81.922,13.04,11.56,-0.47,1.85,0.0
ATOM,4681.0,CA,ALA,319.0,81.261,14.265,11.13,0.07,2.275,0.0
ATOM,4682.0,C,ALA,319.0,81.757,14.697,9.732,0.51,2.0,0.0
ATOM,4683.0,O,ALA,319.0,80.979,15.203,8.943,-0.51,1.7,0.0
ATOM,4684.0,CB,ALA,319.0,81.465,15.365,12.135,-0.27,2.06,0.0
ATOM,4685.0,H,ALA,319.0,82.55,12.981,12.378,0.31,0.2245,0.0
ATOM,4686.0,HA,ALA,319.0,80.271,14.103,11.072,0.09,1.32,0.0
ATOM,4687.0,HB1,ALA,319.0,80.703,16.015,12.092,0.09,1.32,0.0
ATOM,4688.0,HB2,ALA,319.0,81.513,14.98,13.06,0.09,1.32,0.0
ATOM,4689.0,HB3,ALA,319.0,82.319,15.853,11.941,0.09,1.32,0.0
ATOM,4690.0,N,LYS,320.0,83.043,14.489,9.441,-0.47,1.85,0.0
ATOM,4691.0,CA,LYS,320.0,83.565,14.731,8.098,0.07,2.275,0.93
ATOM,4692.0,C,LYS,320.0,82.908,13.77,7.103,0.51,2.0,0.21
ATOM,4693.0,O,LYS,320.0,82.538,14.184,5.994,-0.51,1.7,16.95
ATOM,4694.0,CB,LYS,320.0,85.079,14.571,8.059,-0.18,2.175,7.24
ATOM,4695.0,CG,LYS,320.0,85.862,15.67,8.748,-0.18,2.175,2.07
ATOM,4696.0,CD,LYS,320.0,87.389,15.407,8.663,-0.18,2.175,9.06
ATOM,4697.0,CE,LYS,320.0,88.172,16.445,9.4,0.21,2.175,3.45
ATOM,4698.0,NZ,LYS,320.0,89.663,16.215,9.352,-0.3,1.85,10.93
ATOM,4699.0,H,LYS,320.0,83.62,14.151,10.23,0.31,0.2245,0.0
ATOM,4700.0,HA,LYS,320.0,83.347,15.671,7.827,0.09,1.32,3.27
ATOM,4701.0,HB2,LYS,320.0,85.313,13.697,8.496,0.09,1.32,0.21
ATOM,4702.0,HB3,LYS,320.0,85.365,14.536,7.096,0.09,1.32,8.54
ATOM,4703.0,HG2,LYS,320.0,85.675,16.544,8.307,0.09,1.32,4.66
ATOM,4704.0,HG3,LYS,320.0,85.61,15.712,9.71,0.09,1.32,0.0
ATOM,4705.0,HD2,LYS,320.0,87.563,14.51,9.059,0.09,1.32,0.82
ATOM,4706.0,HD3,LYS,320.0,87.644,15.414,7.701,0.09,1.32,9.49
ATOM,4707.0,HE2,LYS,320.0,87.983,17.357,9.008,0.05,1.32,3.3
ATOM,4708.0,HE3,LYS,320.0,87.889,16.462,10.37,0.05,1.32,0.0
ATOM,4709.0,HZ1,LYS,320.0,90.125,17.097,9.379,0.33,0.2245,7.65
ATOM,4710.0,HZ2,LYS,320.0,89.928,15.664,10.139,0.33,0.2245,5.98
ATOM,4711.0,HZ3,LYS,320.0,89.887,15.737,8.507,0.33,0.2245,15.72
ATOM,4712.0,N,GLN,321.0,82.774,12.493,7.485,-0.47,1.85,0.42
ATOM,4713.0,CA,GLN,321.0,82.179,11.475,6.623,0.07,2.275,2.43
ATOM,4714.0,C,GLN,321.0,80.754,11.792,6.268,0.51,2.0,0.0
ATOM,4715.0,O,GLN,321.0,80.331,11.639,5.117,-0.51,1.7,23.24
ATOM,4716.0,CB,GLN,321.0,82.253,10.074,7.263,-0.18,2.175,1.83
ATOM,4717.0,CG,GLN,321.0,81.764,8.945,6.37,-0.18,2.175,12.13
ATOM,4718.0,CD,GLN,321.0,81.747,7.592,7.085,0.55,2.0,2.14
ATOM,4719.0,H,GLN,321.0,83.13,12.294,8.444,0.31,0.2245,0.0
ATOM,4720.0,HA,GLN,321.0,82.721,11.446,5.767,0.09,1.32,9.15
ATOM,4721.0,HB2,GLN,321.0,83.207,9.889,7.509,0.09,1.32,2.81
ATOM,4722.0,HB3,GLN,321.0,81.696,10.078,8.098,0.09,1.32,0.0
ATOM,4723.0,HG2,GLN,321.0,80.835,9.15,6.068,0.09,1.32,1.96
ATOM,4724.0,HG3,GLN,321.0,82.368,8.873,5.578,0.09,1.32,10.71
ATOM,4725.0,OE1,GLN,321.0,80.871,6.75,6.822,-0.55,1.7,22.65
ATOM,4726.0,NE2,GLN,321.0,82.713,7.381,7.982,-0.62,1.85,15.4
ATOM,4727.0,HE21,GLN,321.0,82.754,6.515,8.501,0.32,0.2245,10.38
ATOM,4728.0,HE22,GLN,321.0,83.407,8.11,8.131,0.3,0.2245,7.04
ATOM,4729.0,N,LEU,322.0,79.993,12.241,7.26,-0.47,1.85,0.0
ATOM,4730.0,CA,LEU,322.0,78.575,12.534,7.087,0.07,2.275,0.74
ATOM,4731.0,C,LEU,322.0,78.295,13.981,6.638,0.51,2.0,0.64
ATOM,4732.0,O,LEU,322.0,77.15,14.328,6.34,-0.51,1.7,11.27
ATOM,4733.0,CB,LEU,322.0,77.823,12.269,8.388,-0.18,2.175,0.0
ATOM,4734.0,CG,LEU,322.0,77.667,10.77,8.718,-0.09,2.275,0.0
ATOM,4735.0,CD1,LEU,322.0,76.952,10.641,10.031,-0.27,2.06,0.0
ATOM,4736.0,CD2,LEU,322.0,76.913,10.006,7.645,-0.27,2.06,13.32
ATOM,4737.0,H,LEU,322.0,80.494,12.365,8.167,0.31,0.2245,0.0
ATOM,4738.0,HA,LEU,322.0,78.199,11.911,6.378,0.09,1.32,2.67
ATOM,4739.0,HB2,LEU,322.0,78.329,12.678,9.128,0.09,1.32,0.0
ATOM,4740.0,HB3,LEU,322.0,76.918,12.645,8.306,0.09,1.32,0.0
ATOM,4741.0,HG,LEU,322.0,78.572,10.366,8.777,0.09,1.32,0.0
ATOM,4742.0,HD11,LEU,322.0,76.046,11.069,9.974,0.09,1.32,0.0
ATOM,4743.0,HD12,LEU,322.0,76.838,9.672,10.268,0.09,1.32,0.0
ATOM,4744.0,HD13,LEU,322.0,77.479,11.093,10.757,0.09,1.32,0.0
ATOM,4745.0,HD21,LEU,322.0,77.403,10.076,6.775,0.09,1.32,2.99
ATOM,4746.0,HD22,LEU,322.0,76.84,9.042,7.907,0.09,1.32,0.0
ATOM,4747.0,HD23,LEU,322.0,75.995,10.391,7.54,0.09,1.32,0.79
ATOM,4748.0,N,ASN,323.0,79.333,14.807,6.636,-0.47,1.85,0.0
ATOM,4749.0,CA,ASN,323.0,79.252,16.204,6.262,0.07,2.275,0.06
ATOM,4750.0,C,ASN,323.0,78.221,16.946,7.118,0.51,2.0,0.0
ATOM,4751.0,O,ASN,323.0,77.297,17.563,6.594,-0.51,1.7,6.83
ATOM,4752.0,CB,ASN,323.0,78.952,16.318,4.784,-0.18,2.175,11.25
ATOM,4753.0,CG,ASN,323.0,78.907,17.771,4.289,0.55,2.0,1.89
ATOM,4754.0,H,ASN,323.0,80.237,14.35,6.935,0.31,0.2245,0.0
ATOM,4755.0,HA,ASN,323.0,80.146,16.624,6.459,0.09,1.32,2.72
ATOM,4756.0,HB2,ASN,323.0,79.661,15.842,4.268,0.09,1.32,7.57
ATOM,4757.0,HB3,ASN,323.0,78.063,15.904,4.598,0.09,1.32,2.54
ATOM,4758.0,OD1,ASN,323.0,79.693,18.622,4.72,-0.55,1.7,18.56
ATOM,4759.0,ND2,ASN,323.0,77.983,18.036,3.364,-0.62,1.85,22.44
ATOM,4760.0,HD22,ASN,323.0,77.373,17.315,3.041,0.3,0.2245,17.15
ATOM,4761.0,HD21,ASN,323.0,77.902,18.963,2.993,0.32,0.2245,14.35
ATOM,4762.0,N,LYS,324.0,78.388,16.847,8.427,-0.47,1.85,0.0
ATOM,4763.0,CA,LYS,324.0,77.465,17.516,9.372,0.07,2.275,0.0
ATOM,4764.0,C,LYS,324.0,78.274,18.178,10.481,0.51,2.0,0.0
ATOM,4765.0,O,LYS,324.0,79.33,17.675,10.849,-0.51,1.7,0.0
ATOM,4766.0,CB,LYS,324.0,76.409,16.545,9.963,-0.18,2.175,0.0
ATOM,4767.0,CG,LYS,324.0,75.45,15.949,8.934,-0.18,2.175,0.62
ATOM,4768.0,CD,LYS,324.0,74.429,14.999,9.511,-0.18,2.175,0.0
ATOM,4769.0,CE,LYS,324.0,73.608,14.395,8.36,0.21,2.175,7.53
ATOM,4770.0,NZ,LYS,324.0,72.479,13.514,8.765,-0.3,1.85,0.0
ATOM,4771.0,H,LYS,324.0,79.194,16.28,8.735,0.31,0.2245,0.0
ATOM,4772.0,HA,LYS,324.0,76.956,18.216,8.875,0.09,1.32,0.0
ATOM,4773.0,HB2,LYS,324.0,76.898,15.799,10.409,0.09,1.32,0.0
ATOM,4774.0,HB3,LYS,324.0,75.876,17.051,10.637,0.09,1.32,0.0
ATOM,4775.0,HG2,LYS,324.0,74.967,16.709,8.469,0.09,1.32,3.95
ATOM,4776.0,HG3,LYS,324.0,75.995,15.462,8.233,0.09,1.32,0.0
ATOM,4777.0,HD2,LYS,324.0,74.887,14.265,9.978,0.09,1.32,0.0
ATOM,4778.0,HD3,LYS,324.0,73.814,15.491,10.1,0.09,1.32,0.0
ATOM,4779.0,HE2,LYS,324.0,73.245,15.161,7.794,0.05,1.32,8.07
ATOM,4780.0,HE3,LYS,324.0,74.242,13.868,7.761,0.05,1.32,1.83
ATOM,4781.0,HZ1,LYS,324.0,71.74,14.073,9.139,0.33,0.2245,0.0
ATOM,4782.0,HZ2,LYS,324.0,72.148,13.012,7.967,0.33,0.2245,0.02
ATOM,4783.0,HZ3,LYS,324.0,72.795,12.868,9.46,0.33,0.2245,0.0
ATOM,4784.0,N,PRO,325.0,77.756,19.268,11.062,-0.29,1.85,0.0
ATOM,4785.0,CA,PRO,325.0,78.388,19.832,12.259,0.02,2.275,0.0
ATOM,4786.0,C,PRO,325.0,78.332,18.859,13.425,0.51,2.0,0.0
ATOM,4787.0,O,PRO,325.0,77.412,18.039,13.524,-0.51,1.7,0.0
ATOM,4788.0,CB,PRO,325.0,77.573,21.086,12.54,-0.18,2.175,0.0
ATOM,4789.0,CG,PRO,325.0,76.709,21.319,11.339,-0.18,2.175,0.0
ATOM,4790.0,CD,PRO,325.0,76.5,19.969,10.736,0.0,2.175,0.0
ATOM,4791.0,HA,PRO,325.0,79.339,20.104,12.063,0.09,1.32,0.0
ATOM,4792.0,HB2,PRO,325.0,77.004,20.966,13.369,0.09,1.32,0.0
ATOM,4793.0,HB3,PRO,325.0,78.179,21.88,12.701,0.09,1.32,0.0
ATOM,4794.0,HG2,PRO,325.0,75.835,21.734,11.614,0.09,1.32,0.0
ATOM,4795.0,HG3,PRO,325.0,77.169,21.938,10.694,0.09,1.32,0.0
ATOM,4796.0,HD2,PRO,325.0,75.721,19.496,11.145,0.09,1.32,0.0
ATOM,4797.0,HD3,PRO,325.0,76.377,20.019,9.745,0.09,1.32,0.0
ATOM,4798.0,N,LEU,326.0,79.308,18.988,14.318,-0.47,1.85,0.0
ATOM,4799.0,CA,LEU,326.0,79.434,18.151,15.505,0.07,2.275,0.0
ATOM,4800.0,C,LEU,326.0,79.5,19.021,16.763,0.51,2.0,0.0
ATOM,4801.0,O,LEU,326.0,80.368,19.873,16.874,-0.51,1.7,1.11
ATOM,4802.0,CB,LEU,326.0,80.687,17.331,15.413,-0.18,2.175,0.0
ATOM,4803.0,CG,LEU,326.0,80.993,16.392,16.583,-0.09,2.275,0.0
ATOM,4804.0,CD1,LEU,326.0,79.963,15.248,16.674,-0.27,2.06,0.0
ATOM,4805.0,CD2,LEU,326.0,82.381,15.859,16.469,-0.27,2.06,0.22
ATOM,4806.0,H,LEU,326.0,79.992,19.756,14.092,0.31,0.2245,0.0
ATOM,4807.0,HA,LEU,326.0,78.625,17.562,15.573,0.09,1.32,0.0
ATOM,4808.0,HB2,LEU,326.0,80.634,16.758,14.591,0.09,1.32,0.0
ATOM,4809.0,HB3,LEU,326.0,81.469,17.952,15.329,0.09,1.32,0.0
ATOM,4810.0,HG,LEU,326.0,80.973,16.914,17.437,0.09,1.32,0.0
ATOM,4811.0,HD11,LEU,326.0,79.987,14.722,15.827,0.09,1.32,0.0
ATOM,4812.0,HD12,LEU,326.0,80.197,14.662,17.446,0.09,1.32,0.0
ATOM,4813.0,HD13,LEU,326.0,79.055,15.639,16.807,0.09,1.32,0.0
ATOM,4814.0,HD21,LEU,326.0,83.047,16.613,16.48,0.09,1.32,0.4
ATOM,4815.0,HD22,LEU,326.0,82.583,15.242,17.237,0.09,1.32,0.0
ATOM,4816.0,HD23,LEU,326.0,82.49,15.347,15.61,0.09,1.32,0.0
ATOM,4817.0,N,VAL,327.0,78.597,18.791,17.7,-0.47,1.85,0.0
ATOM,4818.0,CA,VAL,327.0,78.579,19.551,18.952,0.07,2.275,0.0
ATOM,4819.0,C,VAL,327.0,78.9,18.586,20.1,0.51,2.0,0.0
ATOM,4820.0,O,VAL,327.0,78.248,17.544,20.24,-0.51,1.7,0.0
ATOM,4821.0,CB,VAL,327.0,77.205,20.18,19.179,-0.09,2.275,0.0
ATOM,4822.0,CG1,VAL,327.0,77.177,20.94,20.519,-0.27,2.06,3.1
ATOM,4823.0,CG2,VAL,327.0,76.84,21.106,18.013,-0.27,2.06,0.0
ATOM,4824.0,H,VAL,327.0,77.913,18.041,17.481,0.31,0.2245,0.0
ATOM,4825.0,HA,VAL,327.0,79.301,20.233,18.915,0.09,1.32,0.0
ATOM,4826.0,HB,VAL,327.0,76.536,19.449,19.258,0.09,1.32,0.0
ATOM,4827.0,HG11,VAL,327.0,78.111,21.045,20.852,0.09,1.32,0.0
ATOM,4828.0,HG12,VAL,327.0,76.764,21.836,20.375,0.09,1.32,0.0
ATOM,4829.0,HG13,VAL,327.0,76.639,20.419,21.176,0.09,1.32,0.0
ATOM,4830.0,HG21,VAL,327.0,75.967,20.814,17.628,0.09,1.32,0.0
ATOM,4831.0,HG22,VAL,327.0,76.767,22.042,18.352,0.09,1.32,0.0
ATOM,4832.0,HG23,VAL,327.0,77.555,21.05,17.319,0.09,1.32,0.0
ATOM,4833.0,N,LEU,328.0,79.88,18.968,20.921,-0.47,1.85,0.0
ATOM,4834.0,CA,LEU,328.0,80.164,18.28,22.177,0.07,2.275,0.0
ATOM,4835.0,C,LEU,328.0,79.158,18.77,23.208,0.51,2.0,0.0
ATOM,4836.0,O,LEU,328.0,79.442,19.665,23.989,-0.51,1.7,0.0
ATOM,4837.0,CB,LEU,328.0,81.609,18.507,22.614,-0.18,2.175,0.0
ATOM,4838.0,CG,LEU,328.0,82.028,17.806,23.913,-0.09,2.275,0.0
ATOM,4839.0,CD1,LEU,328.0,81.782,16.275,23.832,-0.27,2.06,0.0
ATOM,4840.0,CD2,LEU,328.0,83.473,18.143,24.227,-0.27,2.06,0.0
ATOM,4841.0,H,LEU,328.0,80.421,19.796,20.588,0.31,0.2245,0.28
ATOM,4842.0,HA,LEU,328.0,80.033,17.304,22.044,0.09,1.32,0.0
ATOM,4843.0,HB2,LEU,328.0,82.205,18.171,21.893,0.09,1.32,0.0
ATOM,4844.0,HB3,LEU,328.0,81.741,19.482,22.749,0.09,1.32,0.0
ATOM,4845.0,HG,LEU,328.0,81.496,18.175,24.674,0.09,1.32,0.0
ATOM,4846.0,HD11,LEU,328.0,82.317,15.906,23.078,0.09,1.32,0.0
ATOM,4847.0,HD12,LEU,328.0,82.066,15.86,24.691,0.09,1.32,0.0
ATOM,4848.0,HD13,LEU,328.0,80.812,16.116,23.677,0.09,1.32,0.0
ATOM,4849.0,HD21,LEU,328.0,83.572,19.134,24.338,0.09,1.32,0.0
ATOM,4850.0,HD22,LEU,328.0,83.749,17.687,25.075,0.09,1.32,0.0
ATOM,4851.0,HD23,LEU,328.0,84.062,17.834,23.478,0.09,1.32,0.0
ATOM,4852.0,N,GLU,329.0,77.939,18.231,23.169,-0.47,1.85,0.0
ATOM,4853.0,CA,GLU,329.0,76.85,18.866,23.89,0.07,2.275,0.0
ATOM,4854.0,C,GLU,329.0,76.774,18.492,25.362,0.51,2.0,0.0
ATOM,4855.0,O,GLU,329.0,75.897,18.981,26.05,-0.51,1.7,0.0
ATOM,4856.0,CB,GLU,329.0,75.5,18.678,23.214,-0.18,2.175,1.02
ATOM,4857.0,CG,GLU,329.0,75.006,17.272,23.292,-0.28,2.175,0.0
ATOM,4858.0,CD,GLU,329.0,73.616,17.048,22.741,0.62,2.0,0.0
ATOM,4859.0,OE1,GLU,329.0,72.965,18.0,22.198,-0.76,1.7,1.38
ATOM,4860.0,OE2,GLU,329.0,73.177,15.876,22.888,-0.76,1.7,0.0
ATOM,4861.0,H,GLU,329.0,77.85,17.375,22.613,0.31,0.2245,0.0
ATOM,4862.0,HA,GLU,329.0,76.935,19.881,23.807,0.09,1.32,0.0
ATOM,4863.0,HB2,GLU,329.0,74.855,19.258,23.675,0.09,1.32,0.0
ATOM,4864.0,HB3,GLU,329.0,75.607,18.916,22.267,0.09,1.32,0.0
ATOM,4865.0,HG2,GLU,329.0,75.623,16.687,22.774,0.09,1.32,0.0
ATOM,4866.0,HG3,GLU,329.0,74.99,16.99,24.247,0.09,1.32,0.0
ATOM,4867.0,N,GLU,330.0,77.604,17.552,25.803,-0.47,1.85,0.0
ATOM,4868.0,CA,GLU,330.0,77.843,17.329,27.231,0.07,2.275,0.0
ATOM,4869.0,C,GLU,330.0,79.284,16.893,27.443,0.51,2.0,0.0
ATOM,4870.0,O,GLU,330.0,79.781,15.998,26.753,-0.51,1.7,0.0
ATOM,4871.0,CB,GLU,330.0,77.001,16.204,27.851,-0.18,2.175,0.0
ATOM,4872.0,CG,GLU,330.0,75.513,16.252,27.776,-0.28,2.175,0.0
ATOM,4873.0,CD,GLU,330.0,74.883,15.124,28.587,0.62,2.0,0.0
ATOM,4874.0,OE1,GLU,330.0,73.641,14.972,28.559,-0.76,1.7,0.16
ATOM,4875.0,OE2,GLU,330.0,75.617,14.409,29.283,-0.76,1.7,5.39
ATOM,4876.0,H,GLU,330.0,78.065,16.993,25.056,0.31,0.2245,0.0
ATOM,4877.0,HA,GLU,330.0,77.668,18.175,27.737,0.09,1.32,0.0
ATOM,4878.0,HB2,GLU,330.0,77.307,15.343,27.413,0.09,1.32,0.0
ATOM,4879.0,HB3,GLU,330.0,77.262,16.155,28.829,0.09,1.32,0.0
ATOM,4880.0,HG2,GLU,330.0,75.196,17.093,28.163,0.09,1.32,0.0
ATOM,4881.0,HG3,GLU,330.0,75.23,16.128,26.847,0.09,1.32,0.0
ATOM,4882.0,N,PHE,331.0,79.937,17.525,28.418,-0.47,1.85,0.0
ATOM,4883.0,CA,PHE,331.0,81.174,17.019,28.972,0.07,2.275,0.0
ATOM,4884.0,C,PHE,331.0,81.417,17.637,30.314,0.51,2.0,0.0
ATOM,4885.0,O,PHE,331.0,81.032,18.767,30.55,-0.51,1.7,0.0
ATOM,4886.0,CB,PHE,331.0,82.366,17.202,28.033,-0.18,2.175,0.0
ATOM,4887.0,CG,PHE,331.0,82.868,18.622,27.898,0.0,1.9924,0.0
ATOM,4888.0,CD1,PHE,331.0,84.141,18.961,28.334,-0.115,1.9924,0.0
ATOM,4889.0,CD2,PHE,331.0,82.107,19.593,27.295,-0.115,1.9924,0.0
ATOM,4890.0,CE1,PHE,331.0,84.631,20.257,28.196,-0.115,1.9924,0.0
ATOM,4891.0,CE2,PHE,331.0,82.609,20.9,27.137,-0.115,1.9924,0.0
ATOM,4892.0,CZ,PHE,331.0,83.869,21.214,27.592,-0.115,1.9924,0.0
ATOM,4893.0,H,PHE,331.0,79.478,18.406,28.739,0.31,0.2245,0.0
ATOM,4894.0,HA,PHE,331.0,81.048,16.032,29.116,0.09,1.32,0.0
ATOM,4895.0,HB2,PHE,331.0,83.116,16.649,28.379,0.09,1.32,0.0
ATOM,4896.0,HB3,PHE,331.0,82.093,16.892,27.129,0.09,1.32,0.0
ATOM,4897.0,HD1,PHE,331.0,84.723,18.266,28.755,0.115,1.3582,0.0
ATOM,4898.0,HD2,PHE,331.0,81.19,19.387,26.96,0.115,1.3582,0.0
ATOM,4899.0,HE1,PHE,331.0,85.553,20.47,28.551,0.115,1.3582,0.0
ATOM,4900.0,HE2,PHE,331.0,82.026,21.595,26.687,0.115,1.3582,0.0
ATOM,4901.0,HZ,PHE,331.0,84.226,22.147,27.478,0.115,1.3582,0.0
ATOM,4902.0,N,GLY,332.0,82.057,16.884,31.195,-0.47,1.85,0.0
ATOM,4903.0,CA,GLY,332.0,82.306,17.372,32.539,-0.02,2.175,0.0
ATOM,4904.0,C,GLY,332.0,83.28,16.53,33.316,0.51,2.0,0.0
ATOM,4905.0,O,GLY,332.0,83.672,15.431,32.906,-0.51,1.7,0.0
ATOM,4906.0,H,GLY,332.0,82.351,15.955,30.853,0.31,0.2245,0.0
ATOM,4907.0,HA2,GLY,332.0,82.654,18.331,32.486,0.09,1.32,0.0
ATOM,4908.0,HA3,GLY,332.0,81.42,17.42,33.045,0.09,1.32,0.0
ATOM,4909.0,N,LEU,333.0,83.673,17.038,34.479,-0.47,1.85,0.0
ATOM,4910.0,CA,LEU,333.0,84.588,16.271,35.333,0.07,2.275,0.0
ATOM,4911.0,C,LEU,333.0,84.356,16.626,36.795,0.51,2.0,0.0
ATOM,4912.0,O,LEU,333.0,83.927,17.727,37.116,-0.51,1.7,0.0
ATOM,4913.0,CB,LEU,333.0,86.039,16.525,34.957,-0.18,2.175,0.0
ATOM,4914.0,CG,LEU,333.0,87.088,15.549,35.525,-0.09,2.275,0.0
ATOM,4915.0,CD1,LEU,333.0,86.794,14.114,35.107,-0.27,2.06,0.0
ATOM,4916.0,CD2,LEU,333.0,88.459,15.925,35.075,-0.27,2.06,0.0
ATOM,4917.0,H,LEU,333.0,83.303,17.961,34.716,0.31,0.2245,0.0
ATOM,4918.0,HA,LEU,333.0,84.397,15.296,35.206,0.09,1.32,0.0
ATOM,4919.0,HB2,LEU,333.0,86.116,16.484,33.961,0.09,1.32,0.0
ATOM,4920.0,HB3,LEU,333.0,86.29,17.437,35.276,0.09,1.32,0.0
ATOM,4921.0,HG,LEU,333.0,87.078,15.615,36.524,0.09,1.32,0.0
ATOM,4922.0,HD11,LEU,333.0,86.806,14.048,34.109,0.09,1.32,0.0
ATOM,4923.0,HD12,LEU,333.0,87.49,13.506,35.49,0.09,1.32,0.0
ATOM,4924.0,HD13,LEU,333.0,85.893,13.845,35.448,0.09,1.32,0.0
ATOM,4925.0,HD21,LEU,333.0,88.688,16.853,35.388,0.09,1.32,0.0
ATOM,4926.0,HD22,LEU,333.0,89.138,15.284,35.449,0.09,1.32,0.0
ATOM,4927.0,HD23,LEU,333.0,88.516,15.902,34.071,0.09,1.32,0.0
ATOM,4928.0,N,ASP,334.0,84.684,15.694,37.671,-0.47,1.85,0.0
ATOM,4929.0,CA,ASP,334.0,84.467,15.903,39.096,0.07,2.275,0.0
ATOM,4930.0,C,ASP,334.0,85.348,17.016,39.654,0.51,2.0,0.0
ATOM,4931.0,O,ASP,334.0,86.394,17.368,39.097,-0.51,1.7,1.02
ATOM,4932.0,CB,ASP,334.0,84.802,14.605,39.838,-0.28,2.175,0.01
ATOM,4933.0,CG,ASP,334.0,84.193,13.384,39.175,0.62,2.0,0.0
ATOM,4934.0,OD1,ASP,334.0,83.159,12.887,39.672,-0.76,1.7,0.01
ATOM,4935.0,OD2,ASP,334.0,84.628,12.904,38.107,-0.76,1.7,0.0
ATOM,4936.0,H,ASP,334.0,85.094,14.833,37.273,0.31,0.2245,0.0
ATOM,4937.0,HA,ASP,334.0,83.508,16.201,39.213,0.09,1.32,0.0
ATOM,4938.0,HB2,ASP,334.0,85.789,14.505,39.849,0.09,1.32,0.33
ATOM,4939.0,HB3,ASP,334.0,84.447,14.679,40.761,0.09,1.32,1.06
ATOM,4940.0,N,ARG,335.0,84.94,17.547,40.798,-0.47,1.85,0.0
ATOM,4941.0,CA,ARG,335.0,85.802,18.428,41.58,0.07,2.275,0.0
ATOM,4942.0,C,ARG,335.0,86.969,17.609,42.114,0.51,2.0,0.0
ATOM,4943.0,O,ARG,335.0,86.962,16.364,42.083,-0.51,1.7,2.1
ATOM,4944.0,CB,ARG,335.0,85.026,19.027,42.752,-0.18,2.175,0.0
ATOM,4945.0,CG,ARG,335.0,83.73,19.753,42.347,-0.18,2.175,0.0
ATOM,4946.0,CD,ARG,335.0,83.081,20.538,43.492,0.2,2.175,0.0
ATOM,4947.0,NE,ARG,335.0,83.722,21.831,43.726,-0.7,1.85,0.0
ATOM,4948.0,CZ,ARG,335.0,83.428,22.965,43.095,0.64,2.0,0.0
ATOM,4949.0,NH1,ARG,335.0,82.528,23.001,42.117,-0.8,1.85,0.0
ATOM,4950.0,NH2,ARG,335.0,84.071,24.078,43.405,-0.8,1.85,1.97
ATOM,4951.0,H,ARG,335.0,83.977,17.289,41.084,0.31,0.2245,0.12
ATOM,4952.0,HA,ARG,335.0,86.158,19.145,40.986,0.09,1.32,0.0
ATOM,4953.0,HB2,ARG,335.0,84.776,18.293,43.375,0.09,1.32,0.0
ATOM,4954.0,HB3,ARG,335.0,85.608,19.688,43.213,0.09,1.32,0.0
ATOM,4955.0,HG2,ARG,335.0,83.934,20.397,41.606,0.09,1.32,0.0
ATOM,4956.0,HG3,ARG,335.0,83.066,19.077,42.02,0.09,1.32,0.0
ATOM,4957.0,HD2,ARG,335.0,82.121,20.681,43.257,0.09,1.32,0.0
ATOM,4958.0,HD3,ARG,335.0,83.147,19.981,44.318,0.09,1.32,0.0
ATOM,4959.0,HE,ARG,335.0,84.454,21.867,44.429,0.44,0.2245,0.0
ATOM,4960.0,HH11,ARG,335.0,82.041,22.168,41.855,0.46,0.2245,0.0
ATOM,4961.0,HH12,ARG,335.0,82.337,23.862,41.645,0.46,0.2245,0.0
ATOM,4962.0,HH21,ARG,335.0,84.766,24.069,44.13,0.46,0.2245,0.03
ATOM,4963.0,HH22,ARG,335.0,83.869,24.93,42.923,0.46,0.2245,0.0
ATOM,4964.0,N,ASP,336.0,87.949,18.298,42.671,-0.47,1.85,0.0
ATOM,4965.0,CA,ASP,336.0,89.178,17.606,43.088,0.07,2.275,0.0
ATOM,4966.0,C,ASP,336.0,88.848,16.572,44.184,0.51,2.0,0.0
ATOM,4967.0,O,ASP,336.0,88.097,16.843,45.134,-0.51,1.7,2.71
ATOM,4968.0,CB,ASP,336.0,90.263,18.594,43.509,-0.28,2.175,7.97
ATOM,4969.0,CG,ASP,336.0,90.839,19.383,42.334,0.62,2.0,0.57
ATOM,4970.0,OD1,ASP,336.0,90.665,18.962,41.16,-0.76,1.7,0.0
ATOM,4971.0,OD2,ASP,336.0,91.471,20.46,42.522,-0.76,1.7,3.63
ATOM,4972.0,H,ASP,336.0,87.793,19.303,42.784,0.31,0.2245,0.0
ATOM,4973.0,HA,ASP,336.0,89.513,17.093,42.298,0.09,1.32,0.77
ATOM,4974.0,HB2,ASP,336.0,89.865,19.237,44.154,0.09,1.32,0.02
ATOM,4975.0,HB3,ASP,336.0,91.0,18.084,43.936,0.09,1.32,4.78
ATOM,4976.0,N,MET,337.0,89.369,15.361,43.972,-0.47,1.85,0.0
ATOM,4977.0,CA,MET,337.0,89.162,14.201,44.856,0.07,2.275,0.0
ATOM,4978.0,C,MET,337.0,87.687,13.797,44.991,0.51,2.0,0.0
ATOM,4979.0,O,MET,337.0,87.296,13.076,45.915,-0.51,1.7,14.61
ATOM,4980.0,CB,MET,337.0,89.847,14.424,46.224,-0.18,2.175,10.36
ATOM,4981.0,CG,MET,337.0,91.372,14.511,46.179,-0.14,2.175,17.03
ATOM,4982.0,SD,MET,337.0,92.157,13.068,45.416,-0.09,2.0,11.37
ATOM,4983.0,CE,MET,337.0,91.843,11.882,46.648,-0.22,2.06,29.1
ATOM,4984.0,H,MET,337.0,89.956,15.3,43.099,0.31,0.2245,1.68
ATOM,4985.0,HA,MET,337.0,89.663,13.415,44.459,0.09,1.32,0.0
ATOM,4986.0,HB2,MET,337.0,89.491,15.28,46.626,0.09,1.32,4.52
ATOM,4987.0,HB3,MET,337.0,89.589,13.664,46.84,0.09,1.32,3.39
ATOM,4988.0,HG2,MET,337.0,91.631,15.371,45.678,0.09,1.32,3.76
ATOM,4989.0,HG3,MET,337.0,91.716,14.645,47.139,0.09,1.32,10.77
ATOM,4990.0,HE1,MET,337.0,92.096,10.956,46.332,0.09,1.32,0.38
ATOM,4991.0,HE2,MET,337.0,92.373,12.08,47.485,0.09,1.32,11.04
ATOM,4992.0,HE3,MET,337.0,90.864,11.868,46.896,0.09,1.32,2.95
ATOM,4993.0,N,GLY,338.0,86.862,14.2,44.017,-0.47,1.85,0.0
ATOM,4994.0,CA,GLY,338.0,85.467,13.838,44.034,-0.02,2.175,0.3
ATOM,4995.0,C,GLY,338.0,84.6,14.553,45.049,0.51,2.0,0.34
ATOM,4996.0,O,GLY,338.0,83.493,14.091,45.343,-0.51,1.7,6.63
ATOM,4997.0,H,GLY,338.0,87.31,14.774,43.282,0.31,0.2245,0.08
ATOM,4998.0,HA2,GLY,338.0,85.068,13.989,43.093,0.09,1.32,0.0
ATOM,4999.0,HA3,GLY,338.0,85.384,12.82,44.187,0.09,1.32,0.0
ATOM,5000.0,N,SER,339.0,85.065,15.692,45.556,-0.47,1.85,0.0
ATOM,5001.0,CA,SER,339.0,84.3,16.443,46.559,0.07,2.275,2.68
ATOM,5002.0,C,SER,339.0,83.038,17.013,45.912,0.51,2.0,0.0
ATOM,5003.0,O,SER,339.0,83.05,17.33,44.714,-0.51,1.7,0.45
ATOM,5004.0,CB,SER,339.0,85.132,17.597,47.128,0.05,2.175,7.71
ATOM,5005.0,OG,SER,339.0,84.399,18.312,48.124,-0.66,1.77,8.07
ATOM,5006.0,H,SER,339.0,85.983,15.994,45.195,0.31,0.2245,0.0
ATOM,5007.0,HA,SER,339.0,84.019,15.805,47.275,0.09,1.32,7.38
ATOM,5008.0,HB2,SER,339.0,85.956,17.227,47.541,0.09,1.32,6.9
ATOM,5009.0,HB3,SER,339.0,85.362,18.222,46.391,0.09,1.32,0.0
ATOM,5010.0,HG,SER,339.0,84.851,19.183,48.301,0.43,0.2245,2.86
ATOM,5011.0,N,TYR,340.0,81.958,17.112,46.689,-0.47,1.85,0.0
ATOM,5012.0,CA,TYR,340.0,80.748,17.792,46.271,0.07,2.275,0.0
ATOM,5013.0,C,TYR,340.0,80.651,19.178,46.86,0.51,2.0,0.0
ATOM,5014.0,O,TYR,340.0,79.779,19.935,46.498,-0.51,1.7,1.48
ATOM,5015.0,CB,TYR,340.0,79.512,16.972,46.659,-0.18,2.175,0.0
ATOM,5016.0,CG,TYR,340.0,79.57,15.541,46.164,0.0,1.9924,0.0
ATOM,5017.0,CD1,TYR,340.0,79.884,15.246,44.845,-0.115,1.9924,0.05
ATOM,5018.0,CD2,TYR,340.0,79.322,14.468,47.015,-0.115,1.9924,4.91
ATOM,5019.0,CE1,TYR,340.0,79.924,13.943,44.396,-0.115,1.9924,0.65
ATOM,5020.0,CE2,TYR,340.0,79.387,13.16,46.56,-0.115,1.9924,7.76
ATOM,5021.0,CZ,TYR,340.0,79.683,12.915,45.249,0.11,1.9924,0.0
ATOM,5022.0,OH,TYR,340.0,79.753,11.626,44.781,-0.54,1.77,7.66
ATOM,5023.0,H,TYR,340.0,82.065,16.654,47.625,0.31,0.2245,4.82
ATOM,5024.0,HA,TYR,340.0,80.764,17.876,45.262,0.09,1.32,0.0
ATOM,5025.0,HB2,TYR,340.0,79.446,16.957,47.649,0.09,1.32,0.0
ATOM,5026.0,HB3,TYR,340.0,78.713,17.406,46.261,0.09,1.32,0.0
ATOM,5027.0,HD1,TYR,340.0,80.085,15.995,44.207,0.115,1.3582,0.0
ATOM,5028.0,HD2,TYR,340.0,79.094,14.645,47.972,0.115,1.3582,1.7
ATOM,5029.0,HE1,TYR,340.0,80.136,13.76,43.423,0.115,1.3582,0.36
ATOM,5030.0,HE2,TYR,340.0,79.216,12.403,47.195,0.115,1.3582,12.7
ATOM,5031.0,HH,TYR,340.0,78.835,11.313,44.542,0.43,0.2245,3.86
ATOM,5032.0,N,ALA,341.0,81.575,19.526,47.745,-0.47,1.85,0.0
ATOM,5033.0,CA,ALA,341.0,81.511,20.805,48.446,0.07,2.275,0.0
ATOM,5034.0,C,ALA,341.0,81.859,21.977,47.535,0.51,2.0,0.0
ATOM,5035.0,O,ALA,341.0,82.79,21.914,46.735,-0.51,1.7,0.0
ATOM,5036.0,CB,ALA,341.0,82.448,20.776,49.646,-0.27,2.06,20.32
ATOM,5037.0,H,ALA,341.0,82.328,18.83,47.893,0.31,0.2245,0.13
ATOM,5038.0,HA,ALA,341.0,80.57,20.937,48.794,0.09,1.32,0.35
ATOM,5039.0,HB1,ALA,341.0,83.334,20.405,49.369,0.09,1.32,0.0
ATOM,5040.0,HB2,ALA,341.0,82.571,21.704,49.996,0.09,1.32,1.14
ATOM,5041.0,HB3,ALA,341.0,82.056,20.2,50.362,0.09,1.32,1.78
ATOM,5042.0,N,MET,342.0,81.114,23.069,47.659,-0.47,1.85,0.26
ATOM,5043.0,CA,MET,342.0,81.353,24.246,46.815,0.07,2.275,0.0
ATOM,5044.0,C,MET,342.0,82.695,24.91,47.092,0.51,2.0,0.0
ATOM,5045.0,O,MET,342.0,83.196,25.618,46.212,-0.51,1.7,5.63
ATOM,5046.0,CB,MET,342.0,80.185,25.259,46.961,-0.18,2.175,1.37
ATOM,5047.0,CG,MET,342.0,80.43,26.67,46.379,-0.14,2.175,2.74
ATOM,5048.0,SD,MET,342.0,78.933,27.707,46.509,-0.09,2.0,5.37
ATOM,5049.0,CE,MET,342.0,78.16,26.814,47.538,-0.22,2.06,17.8
ATOM,5050.0,H,MET,342.0,80.374,23.023,48.377,0.31,0.2245,9.04
ATOM,5051.0,HA,MET,342.0,81.347,23.94,45.849,0.09,1.32,0.0
ATOM,5052.0,HB2,MET,342.0,79.365,24.873,46.509,0.09,1.32,0.11
ATOM,5053.0,HB3,MET,342.0,79.968,25.361,47.946,0.09,1.32,3.61
ATOM,5054.0,HG2,MET,342.0,81.203,27.093,46.88,0.09,1.32,5.69
ATOM,5055.0,HG3,MET,342.0,80.715,26.573,45.411,0.09,1.32,0.0
ATOM,5056.0,HE1,MET,342.0,78.608,26.722,48.477,0.09,1.32,9.82
ATOM,5057.0,HE2,MET,342.0,77.193,27.133,47.771,0.09,1.32,0.0
ATOM,5058.0,HE3,MET,342.0,78.016,25.821,47.25,0.09,1.32,2.07
ATOM,5059.0,N,ASP,343.0,83.292,24.706,48.261,-0.47,1.85,0.44
ATOM,5060.0,CA,ASP,343.0,84.594,25.296,48.53,0.07,2.275,1.74
ATOM,5061.0,C,ASP,343.0,85.786,24.424,48.107,0.51,2.0,0.26
ATOM,5062.0,O,ASP,343.0,86.929,24.78,48.329,-0.51,1.7,22.12
ATOM,5063.0,CB,ASP,343.0,84.703,25.771,49.99,-0.28,2.175,17.99
ATOM,5064.0,CG,ASP,343.0,84.793,24.641,50.999,0.62,2.0,3.89
ATOM,5065.0,OD1,ASP,343.0,84.626,23.456,50.652,-0.76,1.7,11.88
ATOM,5066.0,OD2,ASP,343.0,85.039,24.853,52.219,-0.76,1.7,48.45
ATOM,5067.0,H,ASP,343.0,82.773,24.119,48.928,0.31,0.2245,2.05
ATOM,5068.0,HA,ASP,343.0,84.656,26.155,47.985,0.09,1.32,7.7
ATOM,5069.0,HB2,ASP,343.0,85.522,26.335,50.065,0.09,1.32,9.36
ATOM,5070.0,HB3,ASP,343.0,83.895,26.319,50.192,0.09,1.32,10.39
ATOM,5071.0,N,SER,344.0,85.522,23.28,47.489,-0.47,1.85,0.0
ATOM,5072.0,CA,SER,344.0,86.61,22.425,47.035,0.07,2.275,1.3
ATOM,5073.0,C,SER,344.0,87.192,22.952,45.729,0.51,2.0,0.09
ATOM,5074.0,O,SER,344.0,86.495,23.619,44.936,-0.51,1.7,4.89
ATOM,5075.0,CB,SER,344.0,86.17,20.975,46.892,0.05,2.175,7.36
ATOM,5076.0,OG,SER,344.0,85.106,20.833,45.973,-0.66,1.77,0.0
ATOM,5077.0,H,SER,344.0,84.525,23.061,47.365,0.31,0.2245,0.0
ATOM,5078.0,HA,SER,344.0,87.337,22.448,47.728,0.09,1.32,6.54
ATOM,5079.0,HB2,SER,344.0,86.947,20.431,46.575,0.09,1.32,1.3
ATOM,5080.0,HB3,SER,344.0,85.872,20.638,47.786,0.09,1.32,1.47
ATOM,5081.0,HG,SER,344.0,84.274,21.231,46.359,0.43,0.2245,0.0
ATOM,5082.0,N,THR,345.0,88.45,22.617,45.484,-0.47,1.85,0.0
ATOM,5083.0,CA,THR,345.0,89.12,23.05,44.269,0.07,2.275,0.04
ATOM,5084.0,C,THR,345.0,88.69,22.239,43.045,0.51,2.0,0.0
ATOM,5085.0,O,THR,345.0,88.144,21.133,43.169,-0.51,1.7,0.0
ATOM,5086.0,CB,THR,345.0,90.661,23.044,44.435,0.14,2.275,1.54
ATOM,5087.0,OG1,THR,345.0,91.133,21.743,44.798,-0.66,1.77,12.79
ATOM,5088.0,CG2,THR,345.0,91.09,23.923,45.612,-0.27,2.06,35.83
ATOM,5089.0,H,THR,345.0,88.901,22.036,46.214,0.31,0.2245,4.76
ATOM,5090.0,HA,THR,345.0,88.886,24.021,44.099,0.09,1.32,6.66
ATOM,5091.0,HB,THR,345.0,91.085,23.301,43.538,0.09,1.32,0.3
ATOM,5092.0,HG21,THR,345.0,91.79,24.571,45.309,0.09,1.32,9.33
ATOM,5093.0,HG22,THR,345.0,90.299,24.428,45.96,0.09,1.32,3.55
ATOM,5094.0,HG23,THR,345.0,91.464,23.348,46.341,0.09,1.32,9.53
ATOM,5095.0,HG1,THR,345.0,91.261,21.175,43.978,0.43,0.2245,0.0
ATOM,5096.0,N,THR,346.0,88.987,22.796,41.865,-0.47,1.85,0.0
ATOM,5097.0,CA,THR,346.0,88.56,22.23,40.587,0.07,2.275,0.0
ATOM,5098.0,C,THR,346.0,89.743,22.227,39.607,0.51,2.0,0.0
ATOM,5099.0,O,THR,346.0,89.564,22.492,38.427,-0.51,1.7,0.0
ATOM,5100.0,CB,THR,346.0,87.378,23.017,39.988,0.14,2.275,0.0
ATOM,5101.0,OG1,THR,346.0,87.73,24.412,39.802,-0.66,1.77,3.75
ATOM,5102.0,CG2,THR,346.0,86.165,22.996,40.951,-0.27,2.06,1.33
ATOM,5103.0,H,THR,346.0,89.552,23.673,41.939,0.31,0.2245,5.31
ATOM,5104.0,HA,THR,346.0,88.275,21.283,40.734,0.09,1.32,0.0
ATOM,5105.0,HB,THR,346.0,87.151,22.629,39.069,0.09,1.32,0.0
ATOM,5106.0,HG21,THR,346.0,86.49,22.844,41.882,0.09,1.32,0.0
ATOM,5107.0,HG22,THR,346.0,85.69,23.872,40.897,0.09,1.32,0.08
ATOM,5108.0,HG23,THR,346.0,85.548,22.259,40.683,0.09,1.32,0.0
ATOM,5109.0,HG1,THR,346.0,88.384,24.501,39.047,0.43,0.2245,0.0
ATOM,5110.0,N,GLU,347.0,90.946,21.921,40.096,-0.47,1.85,0.09
ATOM,5111.0,CA,GLU,347.0,92.13,21.923,39.225,0.07,2.275,0.43
ATOM,5112.0,C,GLU,347.0,92.04,20.929,38.081,0.51,2.0,0.04
ATOM,5113.0,O,GLU,347.0,92.35,21.304,36.945,-0.51,1.7,0.21
ATOM,5114.0,CB,GLU,347.0,93.423,21.74,40.036,-0.18,2.175,4.6
ATOM,5115.0,CG,GLU,347.0,93.587,22.87,41.041,-0.28,2.175,8.13
ATOM,5116.0,CD,GLU,347.0,94.902,22.851,41.792,0.62,2.0,5.44
ATOM,5117.0,OE1,GLU,347.0,95.64,21.839,41.719,-0.76,1.7,37.91
ATOM,5118.0,OE2,GLU,347.0,95.185,23.868,42.472,-0.76,1.7,42.19
ATOM,5119.0,H,GLU,347.0,90.973,21.692,41.098,0.31,0.2245,0.0
ATOM,5120.0,HA,GLU,347.0,92.265,22.86,38.852,0.09,1.32,2.71
ATOM,5121.0,HB2,GLU,347.0,93.347,20.909,40.53,0.09,1.32,0.35
ATOM,5122.0,HB3,GLU,347.0,94.168,21.779,39.418,0.09,1.32,3.14
ATOM,5123.0,HG2,GLU,347.0,93.536,23.728,40.55,0.09,1.32,9.25
ATOM,5124.0,HG3,GLU,347.0,92.861,22.797,41.709,0.09,1.32,0.0
ATOM,5125.0,N,TYR,348.0,91.645,19.688,38.351,-0.47,1.85,0.02
ATOM,5126.0,CA,TYR,348.0,91.55,18.671,37.29,0.07,2.275,0.32
ATOM,5127.0,C,TYR,348.0,90.495,19.038,36.252,0.51,2.0,0.0
ATOM,5128.0,O,TYR,348.0,90.737,18.919,35.046,-0.51,1.7,0.5
ATOM,5129.0,CB,TYR,348.0,91.338,17.259,37.851,-0.18,2.175,0.98
ATOM,5130.0,CG,TYR,348.0,92.631,16.688,38.365,0.0,1.9924,0.0
ATOM,5131.0,CD1,TYR,348.0,93.519,16.03,37.518,-0.115,1.9924,3.04
ATOM,5132.0,CD2,TYR,348.0,93.005,16.862,39.688,-0.115,1.9924,0.52
ATOM,5133.0,CE1,TYR,348.0,94.733,15.54,37.992,-0.115,1.9924,8.77
ATOM,5134.0,CE2,TYR,348.0,94.211,16.373,40.157,-0.115,1.9924,7.8
ATOM,5135.0,CZ,TYR,348.0,95.062,15.732,39.296,0.11,1.9924,1.9
ATOM,5136.0,OH,TYR,348.0,96.261,15.246,39.793,-0.54,1.77,19.0
ATOM,5137.0,H,TYR,348.0,91.416,19.501,39.34,0.31,0.2245,0.0
ATOM,5138.0,HA,TYR,348.0,92.445,18.621,36.828,0.09,1.32,0.2
ATOM,5139.0,HB2,TYR,348.0,90.698,17.316,38.597,0.09,1.32,0.38
ATOM,5140.0,HB3,TYR,348.0,91.006,16.685,37.123,0.09,1.32,0.0
ATOM,5141.0,HD1,TYR,348.0,93.284,15.905,36.554,0.115,1.3582,0.92
ATOM,5142.0,HD2,TYR,348.0,92.395,17.349,40.312,0.115,1.3582,0.0
ATOM,5143.0,HE1,TYR,348.0,95.348,15.054,37.367,0.115,1.3582,1.52
ATOM,5144.0,HE2,TYR,348.0,94.457,16.489,41.122,0.115,1.3582,14.11
ATOM,5145.0,HH,TYR,348.0,96.368,14.297,39.506,0.43,0.2245,0.0
ATOM,5146.0,N,ARG,349.0,89.332,19.483,36.723,-0.47,1.85,0.0
ATOM,5147.0,CA,ARG,349.0,88.253,19.917,35.847,0.07,2.275,0.0
ATOM,5148.0,C,ARG,349.0,88.718,21.09,34.952,0.51,2.0,0.0
ATOM,5149.0,O,ARG,349.0,88.553,21.087,33.722,-0.51,1.7,0.0
ATOM,5150.0,CB,ARG,349.0,87.051,20.373,36.699,-0.18,2.175,0.0
ATOM,5151.0,CG,ARG,349.0,85.904,20.998,35.87,-0.18,2.175,0.0
ATOM,5152.0,CD,ARG,349.0,84.816,21.572,36.757,0.2,2.175,0.0
ATOM,5153.0,NE,ARG,349.0,84.162,20.492,37.472,-0.7,1.85,0.0
ATOM,5154.0,CZ,ARG,349.0,83.207,20.675,38.353,0.64,2.0,0.0
ATOM,5155.0,NH1,ARG,349.0,82.823,21.902,38.664,-0.8,1.85,0.0
ATOM,5156.0,NH2,ARG,349.0,82.639,19.642,38.921,-0.8,1.85,0.0
ATOM,5157.0,H,ARG,349.0,89.264,19.493,37.764,0.31,0.2245,0.0
ATOM,5158.0,HA,ARG,349.0,87.985,19.157,35.249,0.09,1.32,0.0
ATOM,5159.0,HB2,ARG,349.0,86.685,19.584,37.171,0.09,1.32,0.0
ATOM,5160.0,HB3,ARG,349.0,87.365,21.058,37.341,0.09,1.32,0.0
ATOM,5161.0,HG2,ARG,349.0,86.278,21.73,35.308,0.09,1.32,0.0
ATOM,5162.0,HG3,ARG,349.0,85.505,20.291,35.294,0.09,1.32,0.0
ATOM,5163.0,HD2,ARG,349.0,85.237,22.191,37.4,0.09,1.32,0.0
ATOM,5164.0,HD3,ARG,349.0,84.161,22.035,36.181,0.09,1.32,0.0
ATOM,5165.0,HE,ARG,349.0,84.461,19.55,37.279,0.44,0.2245,0.0
ATOM,5166.0,HH11,ARG,349.0,83.227,22.703,38.231,0.46,0.2245,0.0
ATOM,5167.0,HH12,ARG,349.0,82.1,22.035,39.359,0.46,0.2245,0.0
ATOM,5168.0,HH21,ARG,349.0,82.913,18.706,38.675,0.46,0.2245,0.0
ATOM,5169.0,HH22,ARG,349.0,81.919,19.771,39.611,0.46,0.2245,0.0
ATOM,5170.0,N,ASP,350.0,89.36,22.067,35.565,-0.47,1.85,0.0
ATOM,5171.0,CA,ASP,350.0,89.811,23.241,34.831,0.07,2.275,0.0
ATOM,5172.0,C,ASP,350.0,90.847,22.885,33.736,0.51,2.0,0.0
ATOM,5173.0,O,ASP,350.0,90.759,23.375,32.594,-0.51,1.7,0.0
ATOM,5174.0,CB,ASP,350.0,90.396,24.258,35.8,-0.28,2.175,5.6
ATOM,5175.0,CG,ASP,350.0,89.331,24.942,36.66,0.62,2.0,0.0
ATOM,5176.0,OD1,ASP,350.0,88.099,24.752,36.426,-0.76,1.7,0.0
ATOM,5177.0,OD2,ASP,350.0,89.641,25.679,37.625,-0.76,1.7,4.0
ATOM,5178.0,H,ASP,350.0,89.511,21.932,36.58,0.31,0.2245,0.0
ATOM,5179.0,HA,ASP,350.0,89.011,23.627,34.35,0.09,1.32,0.0
ATOM,5180.0,HB2,ASP,350.0,91.029,23.788,36.404,0.09,1.32,0.0
ATOM,5181.0,HB3,ASP,350.0,90.869,24.956,35.276,0.09,1.32,0.0
ATOM,5182.0,N,ASN,351.0,91.809,22.032,34.082,-0.47,1.85,0.0
ATOM,5183.0,CA,ASN,351.0,92.796,21.611,33.102,0.07,2.275,0.25
ATOM,5184.0,C,ASN,351.0,92.194,20.759,31.974,0.51,2.0,0.0
ATOM,5185.0,O,ASN,351.0,92.607,20.899,30.846,-0.51,1.7,4.84
ATOM,5186.0,CB,ASN,351.0,93.962,20.931,33.778,-0.18,2.175,7.43
ATOM,5187.0,CG,ASN,351.0,94.861,21.956,34.453,0.55,2.0,2.3
ATOM,5188.0,H,ASN,351.0,91.789,21.715,35.06,0.31,0.2245,0.0
ATOM,5189.0,HA,ASN,351.0,93.166,22.447,32.666,0.09,1.32,0.0
ATOM,5190.0,HB2,ASN,351.0,93.621,20.313,34.471,0.09,1.32,0.0
ATOM,5191.0,HB3,ASN,351.0,94.495,20.449,33.098,0.09,1.32,5.64
ATOM,5192.0,OD1,ASN,351.0,94.821,23.174,34.109,-0.55,1.7,16.71
ATOM,5193.0,ND2,ASN,351.0,95.669,21.5,35.409,-0.62,1.85,17.74
ATOM,5194.0,HD22,ASN,351.0,95.662,20.526,35.64,0.3,0.2245,13.42
ATOM,5195.0,HD21,ASN,351.0,96.278,22.125,35.891,0.32,0.2245,20.63
ATOM,5196.0,N,TYR,352.0,91.188,19.954,32.304,-0.47,1.85,0.0
ATOM,5197.0,CA,TYR,352.0,90.443,19.169,31.335,0.07,2.275,0.0
ATOM,5198.0,C,TYR,352.0,89.692,20.062,30.363,0.51,2.0,0.0
ATOM,5199.0,O,TYR,352.0,89.765,19.871,29.138,-0.51,1.7,0.0
ATOM,5200.0,CB,TYR,352.0,89.495,18.225,32.059,-0.18,2.175,0.0
ATOM,5201.0,CG,TYR,352.0,88.595,17.396,31.174,0.0,1.9924,0.0
ATOM,5202.0,CD1,TYR,352.0,89.108,16.625,30.137,-0.115,1.9924,0.0
ATOM,5203.0,CD2,TYR,352.0,87.243,17.333,31.425,-0.115,1.9924,0.0
ATOM,5204.0,CE1,TYR,352.0,88.281,15.816,29.366,-0.115,1.9924,0.0
ATOM,5205.0,CE2,TYR,352.0,86.408,16.518,30.676,-0.115,1.9924,0.0
ATOM,5206.0,CZ,TYR,352.0,86.934,15.754,29.66,0.11,1.9924,0.0
ATOM,5207.0,OH,TYR,352.0,86.049,14.997,28.905,-0.54,1.77,0.0
ATOM,5208.0,H,TYR,352.0,90.979,19.936,33.334,0.31,0.2245,0.0
ATOM,5209.0,HA,TYR,352.0,91.098,18.611,30.807,0.09,1.32,0.0
ATOM,5210.0,HB2,TYR,352.0,90.044,17.596,32.62,0.09,1.32,0.0
ATOM,5211.0,HB3,TYR,352.0,88.911,18.771,32.669,0.09,1.32,0.0
ATOM,5212.0,HD1,TYR,352.0,90.09,16.651,29.939,0.115,1.3582,0.0
ATOM,5213.0,HD2,TYR,352.0,86.849,17.885,32.164,0.115,1.3582,0.0
ATOM,5214.0,HE1,TYR,352.0,88.661,15.286,28.609,0.115,1.3582,0.0
ATOM,5215.0,HE2,TYR,352.0,85.427,16.488,30.876,0.115,1.3582,0.0
ATOM,5216.0,HH,TYR,352.0,86.539,14.607,28.13,0.43,0.2245,0.0
ATOM,5217.0,N,PHE,353.0,88.983,21.049,30.891,-0.47,1.85,0.0
ATOM,5218.0,CA,PHE,353.0,88.267,21.981,30.038,0.07,2.275,0.0
ATOM,5219.0,C,PHE,353.0,89.269,22.732,29.117,0.51,2.0,0.0
ATOM,5220.0,O,PHE,353.0,89.021,22.886,27.918,-0.51,1.7,0.0
ATOM,5221.0,CB,PHE,353.0,87.471,22.971,30.861,-0.18,2.175,0.0
ATOM,5222.0,CG,PHE,353.0,86.258,22.405,31.547,0.0,1.9924,0.0
ATOM,5223.0,CD1,PHE,353.0,85.936,21.063,31.528,-0.115,1.9924,0.0
ATOM,5224.0,CD2,PHE,353.0,85.417,23.273,32.241,-0.115,1.9924,0.0
ATOM,5225.0,CE1,PHE,353.0,84.785,20.624,32.178,-0.115,1.9924,0.0
ATOM,5226.0,CE2,PHE,353.0,84.277,22.816,32.897,-0.115,1.9924,0.0
ATOM,5227.0,CZ,PHE,353.0,83.972,21.516,32.854,-0.115,1.9924,0.0
ATOM,5228.0,H,PHE,353.0,88.986,21.094,31.922,0.31,0.2245,0.0
ATOM,5229.0,HA,PHE,353.0,87.681,21.446,29.428,0.09,1.32,0.0
ATOM,5230.0,HB2,PHE,353.0,88.07,23.341,31.565,0.09,1.32,0.0
ATOM,5231.0,HB3,PHE,353.0,87.162,23.7,30.256,0.09,1.32,0.0
ATOM,5232.0,HD1,PHE,353.0,86.512,20.41,31.061,0.115,1.3582,0.0
ATOM,5233.0,HD2,PHE,353.0,85.64,24.253,32.269,0.115,1.3582,0.0
ATOM,5234.0,HE1,PHE,353.0,84.55,19.64,32.148,0.115,1.3582,0.0
ATOM,5235.0,HE2,PHE,353.0,83.701,23.491,33.395,0.115,1.3582,0.0
ATOM,5236.0,HZ,PHE,353.0,83.143,21.156,33.314,0.115,1.3582,0.0
ATOM,5237.0,N,ARG,354.0,90.42,23.154,29.648,-0.47,1.85,0.0
ATOM,5238.0,CA,ARG,354.0,91.428,23.792,28.782,0.07,2.275,0.0
ATOM,5239.0,C,ARG,354.0,91.866,22.865,27.643,0.51,2.0,0.0
ATOM,5240.0,O,ARG,354.0,92.004,23.317,26.502,-0.51,1.7,0.0
ATOM,5241.0,CB,ARG,354.0,92.665,24.22,29.58,-0.18,2.175,3.38
ATOM,5242.0,CG,ARG,354.0,92.49,25.395,30.477,-0.18,2.175,0.0
ATOM,5243.0,CD,ARG,354.0,93.78,25.689,31.241,0.2,2.175,11.1
ATOM,5244.0,NE,ARG,354.0,93.623,26.608,32.343,-0.7,1.85,3.48
ATOM,5245.0,CZ,ARG,354.0,93.642,27.892,32.259,0.64,2.0,1.96
ATOM,5246.0,NH1,ARG,354.0,93.751,28.517,31.067,-0.8,1.85,16.37
ATOM,5247.0,NH2,ARG,354.0,93.52,28.573,33.406,-0.8,1.85,17.46
ATOM,5248.0,H,ARG,354.0,90.535,23.005,30.65,0.31,0.2245,0.0
ATOM,5249.0,HA,ARG,354.0,91.025,24.625,28.382,0.09,1.32,0.0
ATOM,5250.0,HB2,ARG,354.0,92.954,23.43,30.134,0.09,1.32,0.09
ATOM,5251.0,HB3,ARG,354.0,93.395,24.425,28.917,0.09,1.32,0.0
ATOM,5252.0,HG2,ARG,354.0,92.263,26.208,29.947,0.09,1.32,0.0
ATOM,5253.0,HG3,ARG,354.0,91.778,25.216,31.15,0.09,1.32,0.0
ATOM,5254.0,HD2,ARG,354.0,94.136,24.81,31.582,0.09,1.32,1.11
ATOM,5255.0,HD3,ARG,354.0,94.442,26.063,30.58,0.09,1.32,4.1
ATOM,5256.0,HE,ARG,354.0,93.485,26.192,33.271,0.44,0.2245,2.01
ATOM,5257.0,HH11,ARG,354.0,93.798,27.977,30.233,0.46,0.2245,5.68
ATOM,5258.0,HH12,ARG,354.0,93.782,29.511,31.036,0.46,0.2245,17.46
ATOM,5259.0,HH21,ARG,354.0,93.4,28.118,34.277,0.46,0.2245,11.08
ATOM,5260.0,HH22,ARG,354.0,93.551,29.584,33.376,0.46,0.2245,17.9
ATOM,5261.0,N,GLY,355.0,92.12,21.592,27.937,-0.47,1.85,0.24
ATOM,5262.0,CA,GLY,355.0,92.586,20.666,26.916,-0.02,2.175,9.38
ATOM,5263.0,C,GLY,355.0,91.535,20.485,25.817,0.51,2.0,0.0
ATOM,5264.0,O,GLY,355.0,91.826,20.536,24.613,-0.51,1.7,0.0
ATOM,5265.0,H,GLY,355.0,91.961,21.33,28.925,0.31,0.2245,0.0
ATOM,5266.0,HA2,GLY,355.0,93.435,21.015,26.503,0.09,1.32,0.81
ATOM,5267.0,HA3,GLY,355.0,92.782,19.771,27.333,0.09,1.32,0.49
ATOM,5268.0,N,VAL,356.0,90.281,20.257,26.245,-0.47,1.85,0.0
ATOM,5269.0,CA,VAL,356.0,89.175,20.054,25.321,0.07,2.275,0.0
ATOM,5270.0,C,VAL,356.0,88.984,21.308,24.452,0.51,2.0,0.0
ATOM,5271.0,O,VAL,356.0,88.902,21.23,23.224,-0.51,1.7,0.0
ATOM,5272.0,CB,VAL,356.0,87.87,19.689,26.082,-0.09,2.275,0.0
ATOM,5273.0,CG1,VAL,356.0,86.668,19.707,25.164,-0.27,2.06,0.0
ATOM,5274.0,CG2,VAL,356.0,88.01,18.319,26.713,-0.27,2.06,0.0
ATOM,5275.0,H,VAL,356.0,90.18,20.24,27.279,0.31,0.2245,0.0
ATOM,5276.0,HA,VAL,356.0,89.405,19.294,24.71,0.09,1.32,0.0
ATOM,5277.0,HB,VAL,356.0,87.727,20.393,26.776,0.09,1.32,0.0
ATOM,5278.0,HG11,VAL,356.0,85.833,19.558,25.696,0.09,1.32,0.0
ATOM,5279.0,HG12,VAL,356.0,86.609,20.593,24.701,0.09,1.32,0.0
ATOM,5280.0,HG13,VAL,356.0,86.755,18.982,24.478,0.09,1.32,0.0
ATOM,5281.0,HG21,VAL,356.0,88.063,17.624,25.994,0.09,1.32,0.0
ATOM,5282.0,HG22,VAL,356.0,88.843,18.291,27.267,0.09,1.32,0.0
ATOM,5283.0,HG23,VAL,356.0,87.216,18.137,27.295,0.09,1.32,0.0
ATOM,5284.0,N,PHE,357.0,89.0,22.468,25.069,-0.47,1.85,0.0
ATOM,5285.0,CA,PHE,357.0,88.827,23.705,24.336,0.07,2.275,0.0
ATOM,5286.0,C,PHE,357.0,89.956,23.985,23.337,0.51,2.0,0.0
ATOM,5287.0,O,PHE,357.0,89.71,24.464,22.209,-0.51,1.7,0.0
ATOM,5288.0,CB,PHE,357.0,88.669,24.871,25.285,-0.18,2.175,0.0
ATOM,5289.0,CG,PHE,357.0,87.361,24.901,26.029,0.0,1.9924,0.0
ATOM,5290.0,CD1,PHE,357.0,86.17,24.522,25.42,-0.115,1.9924,0.0
ATOM,5291.0,CD2,PHE,357.0,87.306,25.437,27.316,-0.115,1.9924,0.0
ATOM,5292.0,CE1,PHE,357.0,84.954,24.6,26.124,-0.115,1.9924,0.0
ATOM,5293.0,CE2,PHE,357.0,86.111,25.529,28.006,-0.115,1.9924,0.0
ATOM,5294.0,CZ,PHE,357.0,84.943,25.119,27.393,-0.115,1.9924,0.0
ATOM,5295.0,H,PHE,357.0,89.143,22.423,26.096,0.31,0.2245,0.0
ATOM,5296.0,HA,PHE,357.0,87.977,23.613,23.787,0.09,1.32,0.0
ATOM,5297.0,HB2,PHE,357.0,89.397,24.824,25.959,0.09,1.32,0.0
ATOM,5298.0,HB3,PHE,357.0,88.735,25.711,24.759,0.09,1.32,0.0
ATOM,5299.0,HD1,PHE,357.0,86.165,24.192,24.486,0.115,1.3582,0.0
ATOM,5300.0,HD2,PHE,357.0,88.154,25.76,27.746,0.115,1.3582,0.0
ATOM,5301.0,HE1,PHE,357.0,84.115,24.274,25.681,0.115,1.3582,0.0
ATOM,5302.0,HE2,PHE,357.0,86.099,25.895,28.948,0.115,1.3582,0.0
ATOM,5303.0,HZ,PHE,357.0,84.066,25.203,27.89,0.115,1.3582,0.0
ATOM,5304.0,N,GLU,358.0,91.185,23.752,23.783,-0.47,1.85,0.0
ATOM,5305.0,CA,GLU,358.0,92.357,23.907,22.916,0.07,2.275,0.85
ATOM,5306.0,C,GLU,358.0,92.261,23.016,21.684,0.51,2.0,0.23
ATOM,5307.0,O,GLU,358.0,92.511,23.468,20.561,-0.51,1.7,5.19
ATOM,5308.0,CB,GLU,358.0,93.602,23.57,23.705,-0.18,2.175,3.46
ATOM,5309.0,CG,GLU,358.0,94.021,24.643,24.7,-0.28,2.175,5.3
ATOM,5310.0,CD,GLU,358.0,95.108,24.144,25.67,0.62,2.0,3.6
ATOM,5311.0,OE1,GLU,358.0,95.715,23.068,25.372,-0.76,1.7,31.4
ATOM,5312.0,OE2,GLU,358.0,95.317,24.765,26.744,-0.76,1.7,26.57
ATOM,5313.0,H,GLU,358.0,91.245,23.458,24.775,0.31,0.2245,0.0
ATOM,5314.0,HA,GLU,358.0,92.437,24.871,22.63,0.09,1.32,2.07
ATOM,5315.0,HB2,GLU,358.0,93.427,22.746,24.219,0.09,1.32,0.0
ATOM,5316.0,HB3,GLU,358.0,94.347,23.452,23.07,0.09,1.32,8.8
ATOM,5317.0,HG2,GLU,358.0,94.401,25.397,24.206,0.09,1.32,10.22
ATOM,5318.0,HG3,GLU,358.0,93.245,24.89,25.242,0.09,1.32,0.0
ATOM,5319.0,N,LEU,359.0,91.924,21.743,21.88,-0.47,1.85,0.0
ATOM,5320.0,CA,LEU,359.0,91.816,20.818,20.763,0.07,2.275,0.0
ATOM,5321.0,C,LEU,359.0,90.703,21.192,19.833,0.51,2.0,0.1
ATOM,5322.0,O,LEU,359.0,90.872,21.207,18.579,-0.51,1.7,3.44
ATOM,5323.0,CB,LEU,359.0,91.624,19.383,21.272,-0.18,2.175,0.0
ATOM,5324.0,CG,LEU,359.0,92.856,18.678,21.79,-0.09,2.275,0.27
ATOM,5325.0,CD1,LEU,359.0,92.452,17.279,22.243,-0.27,2.06,0.0
ATOM,5326.0,CD2,LEU,359.0,93.953,18.584,20.705,-0.27,2.06,22.27
ATOM,5327.0,H,LEU,359.0,91.752,21.482,22.865,0.31,0.2245,0.0
ATOM,5328.0,HA,LEU,359.0,92.691,20.836,20.252,0.09,1.32,0.11
ATOM,5329.0,HB2,LEU,359.0,90.955,19.417,22.015,0.09,1.32,0.0
ATOM,5330.0,HB3,LEU,359.0,91.257,18.844,20.515,0.09,1.32,4.73
ATOM,5331.0,HG,LEU,359.0,93.226,19.177,22.563,0.09,1.32,1.65
ATOM,5332.0,HD11,LEU,359.0,92.069,16.776,21.468,0.09,1.32,1.37
ATOM,5333.0,HD12,LEU,359.0,93.256,16.796,22.59,0.09,1.32,0.16
ATOM,5334.0,HD13,LEU,359.0,91.766,17.349,22.967,0.09,1.32,0.0
ATOM,5335.0,HD21,LEU,359.0,94.206,19.505,20.422,0.09,1.32,4.35
ATOM,5336.0,HD22,LEU,359.0,94.745,18.114,21.087,0.09,1.32,6.55
ATOM,5337.0,HD23,LEU,359.0,93.595,18.074,19.927,0.09,1.32,2.61
ATOM,5338.0,N,MET,360.0,89.555,21.55,20.404,-0.47,1.85,0.0
ATOM,5339.0,CA,MET,360.0,88.391,21.882,19.589,0.07,2.275,0.05
ATOM,5340.0,C,MET,360.0,88.583,23.183,18.828,0.51,2.0,0.0
ATOM,5341.0,O,MET,360.0,88.117,23.32,17.706,-0.51,1.7,0.0
ATOM,5342.0,CB,MET,360.0,87.12,21.966,20.435,-0.18,2.175,0.0
ATOM,5343.0,CG,MET,360.0,85.857,22.057,19.592,-0.14,2.175,0.0
ATOM,5344.0,SD,MET,360.0,84.433,22.26,20.668,-0.09,2.0,0.37
ATOM,5345.0,CE,MET,360.0,84.569,20.847,21.646,-0.22,2.06,0.74
ATOM,5346.0,H,MET,360.0,89.562,21.571,21.434,0.31,0.2245,0.0
ATOM,5347.0,HA,MET,360.0,88.26,21.141,18.914,0.09,1.32,0.07
ATOM,5348.0,HB2,MET,360.0,87.058,21.149,21.015,0.09,1.32,0.0
ATOM,5349.0,HB3,MET,360.0,87.17,22.779,21.021,0.09,1.32,0.0
ATOM,5350.0,HG2,MET,360.0,85.945,22.838,18.956,0.09,1.32,0.0
ATOM,5351.0,HG3,MET,360.0,85.774,21.217,19.036,0.09,1.32,0.5
ATOM,5352.0,HE1,MET,360.0,84.45,20.004,21.097,0.09,1.32,1.09
ATOM,5353.0,HE2,MET,360.0,85.476,20.793,22.093,0.09,1.32,0.0
ATOM,5354.0,HE3,MET,360.0,83.868,20.835,22.377,0.09,1.32,0.0
ATOM,5355.0,N,LEU,361.0,89.248,24.152,19.44,-0.47,1.85,0.0
ATOM,5356.0,CA,LEU,361.0,89.516,25.425,18.77,0.07,2.275,0.0
ATOM,5357.0,C,LEU,361.0,90.47,25.211,17.607,0.51,2.0,0.0
ATOM,5358.0,O,LEU,361.0,90.287,25.797,16.529,-0.51,1.7,0.0
ATOM,5359.0,CB,LEU,361.0,90.063,26.465,19.745,-0.18,2.175,0.1
ATOM,5360.0,CG,LEU,361.0,90.213,27.891,19.204,-0.09,2.275,1.17
ATOM,5361.0,CD1,LEU,361.0,88.994,28.354,18.377,-0.27,2.06,3.31
ATOM,5362.0,CD2,LEU,361.0,90.444,28.851,20.357,-0.27,2.06,9.07
ATOM,5363.0,H,LEU,361.0,89.554,23.939,20.405,0.31,0.2245,0.0
ATOM,5364.0,HA,LEU,361.0,88.651,25.785,18.413,0.09,1.32,0.0
ATOM,5365.0,HB2,LEU,361.0,89.444,26.51,20.526,0.09,1.32,0.0
ATOM,5366.0,HB3,LEU,361.0,90.965,26.165,20.041,0.09,1.32,1.62
ATOM,5367.0,HG,LEU,361.0,91.034,27.937,18.622,0.09,1.32,0.52
ATOM,5368.0,HD11,LEU,361.0,88.183,28.328,18.955,0.09,1.32,0.0
ATOM,5369.0,HD12,LEU,361.0,89.155,29.284,18.057,0.09,1.32,4.36
ATOM,5370.0,HD13,LEU,361.0,88.879,27.741,17.6,0.09,1.32,0.0
ATOM,5371.0,HD21,LEU,361.0,91.278,28.593,20.848,0.09,1.32,5.78
ATOM,5372.0,HD22,LEU,361.0,90.542,29.783,20.004,0.09,1.32,4.14
ATOM,5373.0,HD23,LEU,361.0,89.666,28.815,20.986,0.09,1.32,0.0
ATOM,5374.0,N,ALA,362.0,91.47,24.357,17.79,-0.47,1.85,0.62
ATOM,5375.0,CA,ALA,362.0,92.397,24.043,16.705,0.07,2.275,0.97
ATOM,5376.0,C,ALA,362.0,91.651,23.368,15.544,0.51,2.0,0.0
ATOM,5377.0,O,ALA,362.0,91.882,23.68,14.366,-0.51,1.7,0.0
ATOM,5378.0,CB,ALA,362.0,93.514,23.171,17.188,-0.27,2.06,21.83
ATOM,5379.0,H,ALA,362.0,91.534,23.947,18.736,0.31,0.2245,0.0
ATOM,5380.0,HA,ALA,362.0,92.804,24.895,16.366,0.09,1.32,0.0
ATOM,5381.0,HB1,ALA,362.0,94.229,23.104,16.487,0.09,1.32,1.45
ATOM,5382.0,HB2,ALA,362.0,93.917,23.555,18.024,0.09,1.32,5.72
ATOM,5383.0,HB3,ALA,362.0,93.172,22.249,17.389,0.09,1.32,1.87
ATOM,5384.0,N,SER,363.0,90.739,22.453,15.901,-0.47,1.85,0.54
ATOM,5385.0,CA,SER,363.0,89.889,21.749,14.945,0.07,2.275,1.99
ATOM,5386.0,C,SER,363.0,89.089,22.732,14.115,0.51,2.0,0.0
ATOM,5387.0,O,SER,363.0,89.062,22.669,12.872,-0.51,1.7,0.0
ATOM,5388.0,CB,SER,363.0,88.932,20.815,15.71,0.05,2.175,0.28
ATOM,5389.0,OG,SER,363.0,88.066,20.112,14.844,-0.66,1.77,0.0
ATOM,5390.0,H,SER,363.0,90.691,22.287,16.936,0.31,0.2245,0.0
ATOM,5391.0,HA,SER,363.0,90.486,21.228,14.325,0.09,1.32,0.04
ATOM,5392.0,HB2,SER,363.0,89.48,20.16,16.23,0.09,1.32,3.7
ATOM,5393.0,HB3,SER,363.0,88.388,21.369,16.34,0.09,1.32,0.0
ATOM,5394.0,HG,SER,363.0,88.599,19.499,14.261,0.43,0.2245,0.0
ATOM,5395.0,N,LEU,364.0,88.468,23.686,14.79,-0.47,1.85,0.0
ATOM,5396.0,CA,LEU,364.0,87.658,24.707,14.131,0.07,2.275,0.0
ATOM,5397.0,C,LEU,364.0,88.508,25.59,13.2,0.51,2.0,0.0
ATOM,5398.0,O,LEU,364.0,88.112,25.863,12.059,-0.51,1.7,7.98
ATOM,5399.0,CB,LEU,364.0,86.958,25.556,15.191,-0.18,2.175,0.0
ATOM,5400.0,CG,LEU,364.0,86.003,26.661,14.757,-0.09,2.275,2.02
ATOM,5401.0,CD1,LEU,364.0,84.97,26.149,13.808,-0.27,2.06,15.53
ATOM,5402.0,CD2,LEU,364.0,85.304,27.223,16.001,-0.27,2.06,4.48
ATOM,5403.0,H,LEU,364.0,88.604,23.649,15.824,0.31,0.2245,0.0
ATOM,5404.0,HA,LEU,364.0,86.955,24.252,13.572,0.09,1.32,0.0
ATOM,5405.0,HB2,LEU,364.0,86.434,24.927,15.786,0.09,1.32,0.0
ATOM,5406.0,HB3,LEU,364.0,87.676,25.988,15.757,0.09,1.32,0.0
ATOM,5407.0,HG,LEU,364.0,86.538,27.394,14.32,0.09,1.32,7.26
ATOM,5408.0,HD11,LEU,364.0,84.428,25.422,14.242,0.09,1.32,0.0
ATOM,5409.0,HD12,LEU,364.0,84.35,26.891,13.533,0.09,1.32,6.06
ATOM,5410.0,HD13,LEU,364.0,85.408,25.775,12.984,0.09,1.32,0.92
ATOM,5411.0,HD21,LEU,364.0,85.991,27.591,16.626,0.09,1.32,0.0
ATOM,5412.0,HD22,LEU,364.0,84.676,27.949,15.725,0.09,1.32,0.9
ATOM,5413.0,HD23,LEU,364.0,84.796,26.491,16.452,0.09,1.32,0.05
ATOM,5414.0,N,GLU,365.0,89.665,26.035,13.692,-0.47,1.85,0.0
ATOM,5415.0,CA,GLU,365.0,90.627,26.81,12.887,0.07,2.275,0.95
ATOM,5416.0,C,GLU,365.0,91.031,26.097,11.607,0.51,2.0,0.06
ATOM,5417.0,O,GLU,365.0,91.26,26.74,10.565,-0.51,1.7,30.2
ATOM,5418.0,CB,GLU,365.0,91.9,27.067,13.702,-0.18,2.175,2.67
ATOM,5419.0,CG,GLU,365.0,91.724,28.124,14.768,-0.28,2.175,9.17
ATOM,5420.0,CD,GLU,365.0,92.973,28.289,15.632,0.62,2.0,3.03
ATOM,5421.0,OE1,GLU,365.0,93.913,27.453,15.473,-0.76,1.7,26.59
ATOM,5422.0,OE2,GLU,365.0,93.006,29.26,16.439,-0.76,1.7,35.46
ATOM,5423.0,H,GLU,365.0,89.834,25.791,14.691,0.31,0.2245,0.0
ATOM,5424.0,HA,GLU,365.0,90.219,27.71,12.661,0.09,1.32,9.25
ATOM,5425.0,HB2,GLU,365.0,92.141,26.225,14.146,0.09,1.32,0.0
ATOM,5426.0,HB3,GLU,365.0,92.593,27.376,13.08,0.09,1.32,7.89
ATOM,5427.0,HG2,GLU,365.0,91.557,28.986,14.332,0.09,1.32,10.09
ATOM,5428.0,HG3,GLU,365.0,90.993,27.854,15.364,0.09,1.32,0.0
ATOM,5429.0,N,GLN,366.0,91.126,24.778,11.676,-0.47,1.85,0.0
ATOM,5430.0,CA,GLN,366.0,91.567,23.965,10.562,0.07,2.275,1.39
ATOM,5431.0,C,GLN,366.0,90.417,23.584,9.6,0.51,2.0,1.7
ATOM,5432.0,O,GLN,366.0,90.644,22.796,8.685,-0.51,1.7,25.72
ATOM,5433.0,CB,GLN,366.0,92.261,22.714,11.069,-0.18,2.175,1.22
ATOM,5434.0,CG,GLN,366.0,93.593,22.977,11.763,-0.18,2.175,12.92
ATOM,5435.0,CD,GLN,366.0,94.028,21.789,12.622,0.55,2.0,2.32
ATOM,5436.0,H,GLN,366.0,90.854,24.376,12.606,0.31,0.2245,0.0
ATOM,5437.0,HA,GLN,366.0,92.239,24.498,10.022,0.09,1.32,7.59
ATOM,5438.0,HB2,GLN,366.0,91.661,22.249,11.724,0.09,1.32,0.0
ATOM,5439.0,HB3,GLN,366.0,92.435,22.099,10.295,0.09,1.32,6.36
ATOM,5440.0,HG2,GLN,366.0,94.29,23.137,11.072,0.09,1.32,11.44
ATOM,5441.0,HG3,GLN,366.0,93.498,23.773,12.351,0.09,1.32,0.16
ATOM,5442.0,OE1,GLN,366.0,93.644,20.636,12.335,-0.55,1.7,23.04
ATOM,5443.0,NE2,GLN,366.0,94.794,22.051,13.68,-0.62,1.85,14.77
ATOM,5444.0,HE21,GLN,366.0,95.103,21.316,14.294,0.32,0.2245,17.23
ATOM,5445.0,HE22,GLN,366.0,95.063,23.021,13.856,0.3,0.2245,10.17
ATOM,5446.0,N,GLY,367.0,89.22,24.108,9.855,-0.47,1.85,0.16
ATOM,5447.0,CA,GLY,367.0,88.053,23.943,8.992,-0.02,2.175,17.75
ATOM,5448.0,C,GLY,367.0,87.296,22.639,9.192,0.51,2.0,0.93
ATOM,5449.0,O,GLY,367.0,86.49,22.249,8.349,-0.51,1.7,32.27
ATOM,5450.0,H,GLY,367.0,89.184,24.664,10.751,0.31,0.2245,0.0
ATOM,5451.0,HA2,GLY,367.0,87.414,24.726,9.144,0.09,1.32,9.16
ATOM,5452.0,HA3,GLY,367.0,88.35,24.01,8.016,0.09,1.32,10.14
ATOM,5453.0,N,GLU,368.0,87.545,21.965,10.309,-0.47,1.85,0.0
ATOM,5454.0,CA,GLU,368.0,86.866,20.71,10.613,0.07,2.275,0.43
ATOM,5455.0,C,GLU,368.0,85.49,21.01,11.206,0.51,2.0,0.07
ATOM,5456.0,O,GLU,368.0,85.246,22.13,11.682,-0.51,1.7,5.19
ATOM,5457.0,CB,GLU,368.0,87.699,19.887,11.615,-0.18,2.175,0.0
ATOM,5458.0,CG,GLU,368.0,89.073,19.492,11.134,-0.28,2.175,3.0
ATOM,5459.0,CD,GLU,368.0,89.792,18.54,12.084,0.62,2.0,0.0
ATOM,5460.0,OE1,GLU,368.0,89.628,18.618,13.318,-0.76,1.7,7.38
ATOM,5461.0,OE2,GLU,368.0,90.564,17.713,11.583,-0.76,1.7,19.13
ATOM,5462.0,H,GLU,368.0,88.251,22.4,10.934,0.31,0.2245,0.0
ATOM,5463.0,HA,GLU,368.0,86.759,20.17,9.778,0.09,1.32,1.37
ATOM,5464.0,HB2,GLU,368.0,87.806,20.44,12.428,0.09,1.32,0.0
ATOM,5465.0,HB3,GLU,368.0,87.192,19.061,11.807,0.09,1.32,0.0
ATOM,5466.0,HG2,GLU,368.0,88.984,19.028,10.27,0.09,1.32,0.59
ATOM,5467.0,HG3,GLU,368.0,89.628,20.302,11.06,0.09,1.32,0.0
ATOM,5468.0,N,PRO,369.0,84.585,20.028,11.165,-0.29,1.85,0.06
ATOM,5469.0,CA,PRO,369.0,83.205,20.24,11.616,0.02,2.275,0.55
ATOM,5470.0,C,PRO,369.0,82.984,20.331,13.112,0.51,2.0,0.0
ATOM,5471.0,O,PRO,369.0,81.881,20.093,13.557,-0.51,1.7,0.0
ATOM,5472.0,CB,PRO,369.0,82.428,19.053,11.014,-0.18,2.175,0.01
ATOM,5473.0,CG,PRO,369.0,83.43,18.063,10.571,-0.18,2.175,1.44
ATOM,5474.0,CD,PRO,369.0,84.769,18.695,10.585,0.0,2.175,1.85
ATOM,5475.0,HA,PRO,369.0,82.808,21.07,11.143,0.09,1.32,0.95
ATOM,5476.0,HB2,PRO,369.0,81.803,18.66,11.71,0.09,1.32,0.0
ATOM,5477.0,HB3,PRO,369.0,81.855,19.371,10.241,0.09,1.32,0.0
ATOM,5478.0,HG2,PRO,369.0,83.409,17.24,11.18,0.09,1.32,0.0
ATOM,5479.0,HG3,PRO,369.0,83.198,17.72,9.634,0.09,1.32,2.31
ATOM,5480.0,HD2,PRO,369.0,85.431,18.162,11.14,0.09,1.32,0.0
ATOM,5481.0,HD3,PRO,369.0,85.159,18.772,9.65,0.09,1.32,2.68
ATOM,5482.0,N,SER,370.0,83.98,20.736,13.877,-0.47,1.85,0.0
ATOM,5483.0,CA,SER,370.0,83.745,21.026,15.283,0.07,2.275,0.5
ATOM,5484.0,C,SER,370.0,82.957,22.324,15.37,0.51,2.0,0.04
ATOM,5485.0,O,SER,370.0,83.422,23.383,14.929,-0.51,1.7,1.27
ATOM,5486.0,CB,SER,370.0,85.094,21.12,16.002,0.05,2.175,1.18
ATOM,5487.0,OG,SER,370.0,85.649,19.815,16.16,-0.66,1.77,1.43
ATOM,5488.0,H,SER,370.0,84.894,20.825,13.415,0.31,0.2245,0.0
ATOM,5489.0,HA,SER,370.0,83.182,20.298,15.664,0.09,1.32,0.15
ATOM,5490.0,HB2,SER,370.0,85.712,21.668,15.458,0.09,1.32,0.0
ATOM,5491.0,HB3,SER,370.0,84.954,21.519,16.896,0.09,1.32,0.0
ATOM,5492.0,HG,SER,370.0,86.554,19.79,15.741,0.43,0.2245,0.0
ATOM,5493.0,N,ALA,371.0,81.742,22.258,15.912,-0.47,1.85,0.0
ATOM,5494.0,CA,ALA,371.0,80.825,23.388,15.851,0.07,2.275,0.08
ATOM,5495.0,C,ALA,371.0,80.422,23.921,17.228,0.51,2.0,0.0
ATOM,5496.0,O,ALA,371.0,79.55,24.795,17.327,-0.51,1.7,0.0
ATOM,5497.0,CB,ALA,371.0,79.612,22.992,15.079,-0.27,2.06,0.35
ATOM,5498.0,H,ALA,371.0,81.515,21.356,16.368,0.31,0.2245,0.0
ATOM,5499.0,HA,ALA,371.0,81.272,24.143,15.336,0.09,1.32,1.56
ATOM,5500.0,HB1,ALA,371.0,79.434,22.009,15.188,0.09,1.32,0.0
ATOM,5501.0,HB2,ALA,371.0,78.809,23.501,15.404,0.09,1.32,0.0
ATOM,5502.0,HB3,ALA,371.0,79.74,23.187,14.102,0.09,1.32,0.09
ATOM,5503.0,N,GLY,372.0,81.089,23.422,18.271,-0.47,1.85,0.0
ATOM,5504.0,CA,GLY,372.0,80.964,23.979,19.598,-0.02,2.175,0.0
ATOM,5505.0,C,GLY,372.0,80.63,22.937,20.65,0.51,2.0,0.0
ATOM,5506.0,O,GLY,372.0,80.877,21.722,20.486,-0.51,1.7,0.23
ATOM,5507.0,H,GLY,372.0,81.697,22.607,18.039,0.31,0.2245,0.15
ATOM,5508.0,HA2,GLY,372.0,81.833,24.443,19.855,0.09,1.32,0.0
ATOM,5509.0,HA3,GLY,372.0,80.241,24.695,19.599,0.09,1.32,0.0
ATOM,5510.0,N,TYR,373.0,80.084,23.413,21.748,-0.47,1.85,0.0
ATOM,5511.0,CA,TYR,373.0,80.033,22.6,22.943,0.07,2.275,0.0
ATOM,5512.0,C,TYR,373.0,78.975,23.116,23.923,0.51,2.0,0.0
ATOM,5513.0,O,TYR,373.0,78.579,24.29,23.893,-0.51,1.7,0.0
ATOM,5514.0,CB,TYR,373.0,81.391,22.603,23.653,-0.18,2.175,0.0
ATOM,5515.0,CG,TYR,373.0,81.931,24.0,23.901,0.0,1.9924,0.0
ATOM,5516.0,CD1,TYR,373.0,81.553,24.719,25.006,-0.115,1.9924,0.0
ATOM,5517.0,CD2,TYR,373.0,82.799,24.583,22.988,-0.115,1.9924,0.0
ATOM,5518.0,CE1,TYR,373.0,82.019,26.033,25.211,-0.115,1.9924,0.0
ATOM,5519.0,CE2,TYR,373.0,83.271,25.875,23.161,-0.115,1.9924,0.0
ATOM,5520.0,CZ,TYR,373.0,82.9,26.593,24.285,0.11,1.9924,0.0
ATOM,5521.0,OH,TYR,373.0,83.388,27.881,24.449,-0.54,1.77,0.0
ATOM,5522.0,H,TYR,373.0,79.713,24.373,21.684,0.31,0.2245,0.0
ATOM,5523.0,HA,TYR,373.0,79.778,21.659,22.684,0.09,1.32,0.0
ATOM,5524.0,HB2,TYR,373.0,81.286,22.15,24.53,0.09,1.32,0.0
ATOM,5525.0,HB3,TYR,373.0,82.043,22.116,23.084,0.09,1.32,0.0
ATOM,5526.0,HD1,TYR,373.0,80.937,24.322,25.688,0.115,1.3582,0.0
ATOM,5527.0,HD2,TYR,373.0,83.092,24.058,22.186,0.115,1.3582,0.0
ATOM,5528.0,HE1,TYR,373.0,81.723,26.549,26.006,0.115,1.3582,0.67
ATOM,5529.0,HE2,TYR,373.0,83.875,26.286,22.479,0.115,1.3582,0.0
ATOM,5530.0,HH,TYR,373.0,82.807,28.365,25.098,0.43,0.2245,0.0
ATOM,5531.0,N,ASN,374.0,78.611,22.237,24.837,-0.47,1.85,0.0
ATOM,5532.0,CA,ASN,374.0,77.865,22.614,26.044,0.07,2.275,0.0
ATOM,5533.0,C,ASN,374.0,78.471,21.939,27.261,0.51,2.0,0.0
ATOM,5534.0,O,ASN,374.0,78.427,20.72,27.362,-0.51,1.7,0.0
ATOM,5535.0,CB,ASN,374.0,76.367,22.264,26.005,-0.18,2.175,0.0
ATOM,5536.0,CG,ASN,374.0,75.613,22.913,24.873,0.55,2.0,0.0
ATOM,5537.0,OD1,ASN,374.0,75.707,22.48,23.667,-0.55,1.7,2.3
ATOM,5538.0,ND2,ASN,374.0,74.878,23.962,25.2,-0.62,1.85,0.0
ATOM,5539.0,H,ASN,374.0,78.894,21.252,24.636,0.31,0.2245,0.0
ATOM,5540.0,HA,ASN,374.0,77.981,23.603,26.162,0.09,1.32,0.0
ATOM,5541.0,HB2,ASN,374.0,76.285,21.269,25.92,0.09,1.32,0.0
ATOM,5542.0,HB3,ASN,374.0,75.961,22.554,26.874,0.09,1.32,0.0
ATOM,5543.0,HD22,ASN,374.0,74.844,24.291,26.143,0.3,0.2245,0.0
ATOM,5544.0,HD21,ASN,374.0,74.344,24.44,24.494,0.32,0.2245,0.0
ATOM,5545.0,N,ILE,375.0,79.005,22.713,28.202,-0.47,1.85,0.0
ATOM,5546.0,CA,ILE,375.0,79.55,22.126,29.434,0.07,2.275,0.0
ATOM,5547.0,C,ILE,375.0,78.399,21.511,30.242,0.51,2.0,0.0
ATOM,5548.0,O,ILE,375.0,77.308,22.059,30.308,-0.51,1.7,0.0
ATOM,5549.0,CB,ILE,375.0,80.308,23.177,30.282,-0.09,2.275,0.0
ATOM,5550.0,CG1,ILE,375.0,81.627,23.581,29.593,-0.18,2.175,0.0
ATOM,5551.0,CG2,ILE,375.0,80.534,22.711,31.678,-0.27,2.06,0.4
ATOM,5552.0,CD1,ILE,375.0,82.128,24.891,30.092,-0.27,2.06,0.34
ATOM,5553.0,H,ILE,375.0,79.004,23.722,28.002,0.31,0.2245,0.0
ATOM,5554.0,HA,ILE,375.0,80.132,21.37,29.15,0.09,1.32,0.0
ATOM,5555.0,HB,ILE,375.0,79.737,23.987,30.347,0.09,1.32,0.0
ATOM,5556.0,HG12,ILE,375.0,82.294,22.871,29.773,0.09,1.32,0.0
ATOM,5557.0,HG13,ILE,375.0,81.452,23.639,28.618,0.09,1.32,0.0
ATOM,5558.0,HG21,ILE,375.0,80.956,23.439,32.226,0.09,1.32,0.0
ATOM,5559.0,HG22,ILE,375.0,79.663,22.454,32.106,0.09,1.32,0.0
ATOM,5560.0,HG23,ILE,375.0,81.142,21.912,31.686,0.09,1.32,0.0
ATOM,5561.0,HD11,ILE,375.0,82.295,24.841,31.08,0.09,1.32,0.0
ATOM,5562.0,HD12,ILE,375.0,82.985,25.13,29.629,0.09,1.32,0.0
ATOM,5563.0,HD13,ILE,375.0,81.45,25.609,29.913,0.09,1.32,0.29
ATOM,5564.0,N,TRP,376.0,78.639,20.352,30.838,-0.47,1.85,0.0
ATOM,5565.0,CA,TRP,376.0,77.729,19.764,31.815,0.07,2.275,0.0
ATOM,5566.0,C,TRP,376.0,78.396,19.927,33.182,0.51,2.0,0.0
ATOM,5567.0,O,TRP,376.0,79.419,19.274,33.435,-0.51,1.7,0.0
ATOM,5568.0,CB,TRP,376.0,77.466,18.263,31.551,-0.18,2.175,0.0
ATOM,5569.0,CG,TRP,376.0,76.469,17.727,32.495,-0.03,1.9924,0.0
ATOM,5570.0,CD1,TRP,376.0,76.653,17.401,33.822,0.035,1.9924,0.0
ATOM,5571.0,CD2,TRP,376.0,75.085,17.468,32.212,-0.02,1.8,0.0
ATOM,5572.0,NE1,TRP,376.0,75.466,16.969,34.364,-0.61,1.85,2.4
ATOM,5573.0,CE2,TRP,376.0,74.488,17.008,33.399,0.13,1.8,0.91
ATOM,5574.0,CE3,TRP,376.0,74.282,17.56,31.061,-0.115,1.9924,0.0
ATOM,5575.0,CZ2,TRP,376.0,73.149,16.645,33.459,-0.115,1.9924,5.61
ATOM,5576.0,CZ3,TRP,376.0,72.939,17.216,31.143,-0.115,1.9924,0.0
ATOM,5577.0,CH2,TRP,376.0,72.391,16.763,32.328,-0.115,1.9924,1.88
ATOM,5578.0,H,TRP,376.0,79.535,19.895,30.549,0.31,0.2245,0.0
ATOM,5579.0,HA,TRP,376.0,76.898,20.301,31.823,0.09,1.32,0.0
ATOM,5580.0,HB2,TRP,376.0,77.113,18.168,30.638,0.09,1.32,0.0
ATOM,5581.0,HB3,TRP,376.0,78.31,17.776,31.679,0.09,1.32,0.0
ATOM,5582.0,HD1,TRP,376.0,77.516,17.469,34.31,0.115,1.3582,0.0
ATOM,5583.0,HE1,TRP,376.0,75.331,16.673,35.309,0.38,0.2245,0.0
ATOM,5584.0,HE3,TRP,376.0,74.669,17.869,30.194,0.115,1.3582,0.0
ATOM,5585.0,HZ2,TRP,376.0,72.757,16.302,34.327,0.115,1.3582,0.0
ATOM,5586.0,HZ3,TRP,376.0,72.373,17.302,30.326,0.115,1.3582,0.0
ATOM,5587.0,HH2,TRP,376.0,71.419,16.518,32.356,0.115,1.3582,0.0
ATOM,5588.0,N,ALA,377.0,77.887,20.795,34.05,-0.47,1.85,0.0
ATOM,5589.0,CA,ALA,377.0,76.639,21.559,33.888,0.07,2.275,0.0
ATOM,5590.0,C,ALA,377.0,76.69,22.821,34.71,0.51,2.0,0.09
ATOM,5591.0,O,ALA,377.0,77.685,23.078,35.375,-0.51,1.7,0.02
ATOM,5592.0,CB,ALA,377.0,75.415,20.727,34.319,-0.27,2.06,0.02
ATOM,5593.0,H,ALA,377.0,78.488,20.904,34.928,0.31,0.2245,0.0
ATOM,5594.0,HA,ALA,377.0,76.541,21.799,32.917,0.09,1.32,0.0
ATOM,5595.0,HB1,ALA,377.0,75.151,20.126,33.57,0.09,1.32,0.0
ATOM,5596.0,HB2,ALA,377.0,75.656,20.186,35.12,0.09,1.32,0.0
ATOM,5597.0,HB3,ALA,377.0,74.664,21.344,34.54,0.09,1.32,0.0
ATOM,5598.0,N,TRP,378.0,75.626,23.621,34.625,-0.47,1.85,0.0
ATOM,5599.0,CA,TRP,378.0,75.586,24.923,35.281,0.07,2.275,0.0
ATOM,5600.0,C,TRP,378.0,74.75,24.917,36.567,0.51,2.0,0.0
ATOM,5601.0,O,TRP,378.0,73.543,24.675,36.521,-0.51,1.7,0.0
ATOM,5602.0,CB,TRP,378.0,75.045,25.959,34.319,-0.18,2.175,0.0
ATOM,5603.0,CG,TRP,378.0,75.107,27.343,34.883,-0.03,1.9924,0.0
ATOM,5604.0,CD1,TRP,378.0,74.069,28.087,35.311,0.035,1.9924,0.0
ATOM,5605.0,CD2,TRP,378.0,76.28,28.112,35.093,-0.02,1.8,0.0
ATOM,5606.0,NE1,TRP,378.0,74.514,29.304,35.755,-0.61,1.85,0.0
ATOM,5607.0,CE2,TRP,378.0,75.876,29.348,35.641,0.13,1.8,0.0
ATOM,5608.0,CE3,TRP,378.0,77.639,27.889,34.872,-0.115,1.9924,0.0
ATOM,5609.0,CZ2,TRP,378.0,76.784,30.364,35.967,-0.115,1.9924,0.0
ATOM,5610.0,CZ3,TRP,378.0,78.534,28.889,35.176,-0.115,1.9924,0.0
ATOM,5611.0,CH2,TRP,378.0,78.105,30.108,35.746,-0.115,1.9924,0.0
ATOM,5612.0,H,TRP,378.0,74.842,23.24,34.059,0.31,0.2245,0.0
ATOM,5613.0,HA,TRP,378.0,76.534,25.168,35.541,0.09,1.32,0.0
ATOM,5614.0,HB2,TRP,378.0,75.588,25.955,33.492,0.09,1.32,0.0
ATOM,5615.0,HB3,TRP,378.0,74.095,25.763,34.126,0.09,1.32,0.0
ATOM,5616.0,HD1,TRP,378.0,73.108,27.802,35.309,0.115,1.3582,0.0
ATOM,5617.0,HE1,TRP,378.0,73.938,30.043,36.106,0.38,0.2245,0.0
ATOM,5618.0,HE3,TRP,378.0,77.961,27.018,34.5,0.115,1.3582,0.45
ATOM,5619.0,HZ2,TRP,378.0,76.455,31.231,36.343,0.115,1.3582,0.0
ATOM,5620.0,HZ3,TRP,378.0,79.504,28.755,34.992,0.115,1.3582,0.0
ATOM,5621.0,HH2,TRP,378.0,78.799,30.787,35.987,0.115,1.3582,0.0
ATOM,5622.0,N,ASN,379.0,75.406,25.182,37.704,-0.47,1.85,0.0
ATOM,5623.0,CA,ASN,379.0,74.761,25.316,39.012,0.07,2.275,0.0
ATOM,5624.0,C,ASN,379.0,74.47,26.775,39.35,0.51,2.0,0.0
ATOM,5625.0,O,ASN,379.0,73.433,27.075,39.902,-0.51,1.7,0.0
ATOM,5626.0,CB,ASN,379.0,75.614,24.699,40.105,-0.18,2.175,0.0
ATOM,5627.0,CG,ASN,379.0,75.594,23.165,40.072,0.55,2.0,0.0
ATOM,5628.0,H,ASN,379.0,76.446,25.288,37.574,0.31,0.2245,0.0
ATOM,5629.0,HA,ASN,379.0,73.872,24.844,38.953,0.09,1.32,0.0
ATOM,5630.0,HB2,ASN,379.0,76.557,24.996,39.988,0.09,1.32,0.0
ATOM,5631.0,HB3,ASN,379.0,75.267,24.992,40.991,0.09,1.32,0.0
ATOM,5632.0,OD1,ASN,379.0,74.94,22.568,39.233,-0.55,1.7,0.0
ATOM,5633.0,ND2,ASN,379.0,76.411,22.544,40.922,-0.62,1.85,0.0
ATOM,5634.0,HD22,ASN,379.0,76.987,23.083,41.538,0.3,0.2245,0.0
ATOM,5635.0,HD21,ASN,379.0,76.447,21.548,40.945,0.32,0.2245,0.0
ATOM,5636.0,N,GLY,380.0,75.351,27.677,38.955,-0.47,1.85,0.0
ATOM,5637.0,CA,GLY,380.0,75.1,29.092,39.127,-0.02,2.175,0.0
ATOM,5638.0,C,GLY,380.0,74.886,29.457,40.577,0.51,2.0,0.0
ATOM,5639.0,O,GLY,380.0,75.726,29.123,41.425,-0.51,1.7,0.0
ATOM,5640.0,H,GLY,380.0,76.212,27.292,38.524,0.31,0.2245,0.0
ATOM,5641.0,HA2,GLY,380.0,75.884,29.621,38.76,0.09,1.32,0.0
ATOM,5642.0,HA3,GLY,380.0,74.282,29.357,38.59,0.09,1.32,0.0
ATOM,5643.0,N,TYR,381.0,73.765,30.13,40.846,-0.47,1.85,0.0
ATOM,5644.0,CA,TYR,381.0,73.435,30.622,42.179,0.07,2.275,0.06
ATOM,5645.0,C,TYR,381.0,72.748,29.55,43.019,0.51,2.0,0.0
ATOM,5646.0,O,TYR,381.0,72.454,29.784,44.192,-0.51,1.7,9.66
ATOM,5647.0,CB,TYR,381.0,72.534,31.856,42.085,-0.18,2.175,7.94
ATOM,5648.0,CG,TYR,381.0,73.166,33.004,41.322,0.0,1.9924,0.75
ATOM,5649.0,CD1,TYR,381.0,74.374,33.556,41.735,-0.115,1.9924,8.99
ATOM,5650.0,CD2,TYR,381.0,72.588,33.509,40.161,-0.115,1.9924,2.24
ATOM,5651.0,CE1,TYR,381.0,74.959,34.625,41.024,-0.115,1.9924,10.19
ATOM,5652.0,CE2,TYR,381.0,73.169,34.549,39.452,-0.115,1.9924,0.19
ATOM,5653.0,CZ,TYR,381.0,74.361,35.103,39.883,0.11,1.9924,1.39
ATOM,5654.0,OH,TYR,381.0,74.968,36.146,39.164,-0.54,1.77,21.04
ATOM,5655.0,H,TYR,381.0,73.144,30.273,40.016,0.31,0.2245,0.0
ATOM,5656.0,HA,TYR,381.0,74.294,30.88,42.643,0.09,1.32,0.0
ATOM,5657.0,HB2,TYR,381.0,71.696,31.597,41.618,0.09,1.32,0.0
ATOM,5658.0,HB3,TYR,381.0,72.335,32.17,43.007,0.09,1.32,8.57
ATOM,5659.0,HD1,TYR,381.0,74.84,33.202,42.54,0.115,1.3582,2.74
ATOM,5660.0,HD2,TYR,381.0,71.73,33.109,39.829,0.115,1.3582,0.0
ATOM,5661.0,HE1,TYR,381.0,75.813,35.026,41.364,0.115,1.3582,7.56
ATOM,5662.0,HE2,TYR,381.0,72.724,34.901,38.624,0.115,1.3582,0.0
ATOM,5663.0,HH,TYR,381.0,74.453,36.29,38.326,0.43,0.2245,4.5
ATOM,5664.0,N,GLY,382.0,72.509,28.37,42.442,-0.47,1.85,0.0
ATOM,5665.0,CA,GLY,382.0,71.853,27.293,43.169,-0.02,2.175,0.0
ATOM,5666.0,C,GLY,382.0,72.713,26.797,44.303,0.51,2.0,0.0
ATOM,5667.0,O,GLY,382.0,73.919,26.76,44.19,-0.51,1.7,0.0
ATOM,5668.0,H,GLY,382.0,72.824,28.295,41.459,0.31,0.2245,0.0
ATOM,5669.0,HA2,GLY,382.0,70.971,27.625,43.532,0.09,1.32,0.0
ATOM,5670.0,HA3,GLY,382.0,71.658,26.533,42.534,0.09,1.32,0.0
ATOM,5671.0,N,ARG,383.0,72.075,26.413,45.396,-0.47,1.85,0.0
ATOM,5672.0,CA,ARG,383.0,72.788,25.945,46.604,0.07,2.275,0.0
ATOM,5673.0,C,ARG,383.0,72.048,24.757,47.186,0.51,2.0,0.09
ATOM,5674.0,O,ARG,383.0,70.811,24.646,47.044,-0.51,1.7,5.37
ATOM,5675.0,CB,ARG,383.0,72.83,27.021,47.67,-0.18,2.175,8.35
ATOM,5676.0,CG,ARG,383.0,73.524,28.285,47.229,-0.18,2.175,9.56
ATOM,5677.0,CD,ARG,383.0,74.984,28.082,47.096,0.2,2.175,1.88
ATOM,5678.0,NE,ARG,383.0,75.745,29.302,46.795,-0.7,1.85,1.77
ATOM,5679.0,CZ,ARG,383.0,76.11,29.707,45.571,0.64,2.0,0.15
ATOM,5680.0,NH1,ARG,383.0,75.801,29.016,44.488,-0.8,1.85,0.0
ATOM,5681.0,NH2,ARG,383.0,76.813,30.837,45.44,-0.8,1.85,6.8
ATOM,5682.0,H,ARG,383.0,71.037,26.464,45.344,0.31,0.2245,0.0
ATOM,5683.0,HA,ARG,383.0,73.707,25.662,46.336,0.09,1.32,0.0
ATOM,5684.0,HB2,ARG,383.0,71.893,27.252,47.922,0.09,1.32,5.64
ATOM,5685.0,HB3,ARG,383.0,73.315,26.661,48.463,0.09,1.32,2.24
ATOM,5686.0,HG2,ARG,383.0,73.152,28.572,46.344,0.09,1.32,0.0
ATOM,5687.0,HG3,ARG,383.0,73.356,29.005,47.905,0.09,1.32,11.12
ATOM,5688.0,HD2,ARG,383.0,75.342,27.692,47.957,0.09,1.32,3.57
ATOM,5689.0,HD3,ARG,383.0,75.157,27.413,46.358,0.09,1.32,0.0
ATOM,5690.0,HE,ARG,383.0,76.017,29.886,47.576,0.44,0.2245,13.67
ATOM,5691.0,HH11,ARG,383.0,75.262,28.174,44.567,0.46,0.2245,0.0
ATOM,5692.0,HH12,ARG,383.0,76.101,29.33,43.586,0.46,0.2245,0.0
ATOM,5693.0,HH21,ARG,383.0,77.041,31.376,46.25,0.46,0.2245,13.67
ATOM,5694.0,HH22,ARG,383.0,77.106,31.138,44.535,0.46,0.2245,0.0
ATOM,5695.0,N,THR,384.0,72.805,23.871,47.828,-0.47,1.85,0.0
ATOM,5696.0,CA,THR,384.0,72.231,22.819,48.676,0.07,2.275,0.5
ATOM,5697.0,C,THR,384.0,72.818,22.979,50.096,0.51,2.0,0.0
ATOM,5698.0,O,THR,384.0,73.993,23.322,50.262,-0.51,1.7,17.08
ATOM,5699.0,CB,THR,384.0,72.525,21.395,48.107,0.14,2.275,0.55
ATOM,5700.0,OG1,THR,384.0,71.92,20.415,48.949,-0.66,1.77,0.3
ATOM,5701.0,CG2,THR,384.0,73.996,21.036,48.131,-0.27,2.06,2.72
ATOM,5702.0,H,THR,384.0,73.829,23.984,47.681,0.31,0.2245,1.06
ATOM,5703.0,HA,THR,384.0,71.249,22.952,48.732,0.09,1.32,2.46
ATOM,5704.0,HB,THR,384.0,72.109,21.331,47.18,0.09,1.32,0.78
ATOM,5705.0,HG21,THR,384.0,74.554,21.871,48.119,0.09,1.32,3.2
ATOM,5706.0,HG22,THR,384.0,74.209,20.515,48.962,0.09,1.32,0.26
ATOM,5707.0,HG23,THR,384.0,74.227,20.478,47.329,0.09,1.32,0.0
ATOM,5708.0,HG1,THR,384.0,72.366,19.521,48.826,0.43,0.2245,0.0
ATOM,5709.0,N,THR,385.0,71.989,22.749,51.092,-0.47,1.85,0.0
ATOM,5710.0,CA,THR,385.0,72.478,22.565,52.457,0.07,2.275,3.31
ATOM,5711.0,C,THR,385.0,72.16,21.167,52.958,0.51,2.0,0.39
ATOM,5712.0,O,THR,385.0,72.191,20.933,54.155,-0.51,1.7,21.52
ATOM,5713.0,CB,THR,385.0,71.859,23.579,53.389,0.14,2.275,7.72
ATOM,5714.0,OG1,THR,385.0,70.431,23.47,53.297,-0.66,1.77,22.14
ATOM,5715.0,CG2,THR,385.0,72.219,24.99,52.955,-0.27,2.06,34.94
ATOM,5716.0,H,THR,385.0,70.985,22.71,50.837,0.31,0.2245,3.78
ATOM,5717.0,HA,THR,385.0,73.477,22.684,52.455,0.09,1.32,6.3
ATOM,5718.0,HB,THR,385.0,72.126,23.368,54.35,0.09,1.32,8.43
ATOM,5719.0,HG21,THR,385.0,71.385,25.503,52.738,0.09,1.32,8.62
ATOM,5720.0,HG22,THR,385.0,72.709,25.459,53.693,0.09,1.32,11.75
ATOM,5721.0,HG23,THR,385.0,72.805,24.958,52.142,0.09,1.32,0.72
ATOM,5722.0,HG1,THR,385.0,70.112,23.812,52.407,0.43,0.2245,12.61
ATOM,5723.0,N,ARG,386.0,71.886,20.232,52.055,-0.47,1.85,0.0
ATOM,5724.0,CA,ARG,386.0,71.732,18.839,52.455,0.07,2.275,0.0
ATOM,5725.0,C,ARG,386.0,73.089,18.209,52.752,0.51,2.0,0.1
ATOM,5726.0,O,ARG,386.0,74.027,18.262,51.92,-0.51,1.7,3.43
ATOM,5727.0,CB,ARG,386.0,71.054,18.016,51.353,-0.18,2.175,0.02
ATOM,5728.0,CG,ARG,386.0,69.699,18.532,50.915,-0.18,2.175,0.0
ATOM,5729.0,CD,ARG,386.0,68.65,18.486,52.038,0.2,2.175,2.72
ATOM,5730.0,NE,ARG,386.0,67.353,18.938,51.565,-0.7,1.85,2.68
ATOM,5731.0,CZ,ARG,386.0,66.287,19.046,52.341,0.64,2.0,1.77
ATOM,5732.0,NH1,ARG,386.0,66.35,18.723,53.632,-0.8,1.85,15.98
ATOM,5733.0,NH2,ARG,386.0,65.153,19.481,51.826,-0.8,1.85,10.03
ATOM,5734.0,H,ARG,386.0,71.796,20.567,51.084,0.31,0.2245,0.0
ATOM,5735.0,HA,ARG,386.0,71.171,18.799,53.289,0.09,1.32,1.79
ATOM,5736.0,HB2,ARG,386.0,71.658,18.01,50.557,0.09,1.32,0.0
ATOM,5737.0,HB3,ARG,386.0,70.938,17.083,51.692,0.09,1.32,0.57
ATOM,5738.0,HG2,ARG,386.0,69.779,19.484,50.616,0.09,1.32,0.51
ATOM,5739.0,HG3,ARG,386.0,69.353,17.976,50.157,0.09,1.32,0.0
ATOM,5740.0,HD2,ARG,386.0,68.586,17.546,52.351,0.09,1.32,2.07
ATOM,5741.0,HD3,ARG,386.0,68.968,19.078,52.769,0.09,1.32,2.29
ATOM,5742.0,HE,ARG,386.0,67.26,19.182,50.595,0.44,0.2245,0.0
ATOM,5743.0,HH11,ARG,386.0,67.207,18.414,54.036,0.46,0.2245,10.38
ATOM,5744.0,HH12,ARG,386.0,65.527,18.793,54.201,0.46,0.2245,17.11
ATOM,5745.0,HH21,ARG,386.0,65.102,19.747,50.861,0.46,0.2245,0.0
ATOM,5746.0,HH22,ARG,386.0,64.332,19.55,52.399,0.46,0.2245,16.75
ATOM,5747.0,N,ALA,387.0,73.223,17.566,53.918,-0.47,1.85,0.04
ATOM,5748.0,CA,ALA,387.0,74.522,16.988,54.325,0.07,2.275,2.76
ATOM,5749.0,C,ALA,387.0,74.988,15.921,53.358,0.51,2.0,0.36
ATOM,5750.0,O,ALA,387.0,76.178,15.84,53.04,-0.51,1.7,13.87
ATOM,5751.0,CB,ALA,387.0,74.438,16.415,55.728,-0.27,2.06,39.09
ATOM,5752.0,H,ALA,387.0,72.371,17.509,54.492,0.31,0.2245,9.95
ATOM,5753.0,HA,ALA,387.0,75.202,17.733,54.348,0.09,1.32,10.73
ATOM,5754.0,HB1,ALA,387.0,75.323,16.028,55.987,0.09,1.32,10.43
ATOM,5755.0,HB2,ALA,387.0,74.193,17.139,56.373,0.09,1.32,11.6
ATOM,5756.0,HB3,ALA,387.0,73.742,15.697,55.757,0.09,1.32,8.42
ATOM,5757.0,N,ASN,388.0,74.03,15.161,52.821,-0.47,1.85,0.0
ATOM,5758.0,CA,ASN,388.0,74.353,14.104,51.851,0.07,2.275,2.41
ATOM,5759.0,C,ASN,388.0,74.28,14.553,50.389,0.51,2.0,0.0
ATOM,5760.0,O,ASN,388.0,74.412,13.734,49.501,-0.51,1.7,4.53
ATOM,5761.0,CB,ASN,388.0,73.455,12.88,52.044,-0.18,2.175,13.14
ATOM,5762.0,CG,ASN,388.0,71.962,13.156,51.779,0.55,2.0,1.03
ATOM,5763.0,H,ASN,388.0,73.071,15.373,53.136,0.31,0.2245,1.77
ATOM,5764.0,HA,ASN,388.0,75.315,13.827,52.027,0.09,1.32,6.71
ATOM,5765.0,HB2,ASN,388.0,73.751,12.163,51.415,0.09,1.32,8.6
ATOM,5766.0,HB3,ASN,388.0,73.546,12.562,52.986,0.09,1.32,10.08
ATOM,5767.0,OD1,ASN,388.0,71.562,14.258,51.374,-0.55,1.7,1.9
ATOM,5768.0,ND2,ASN,388.0,71.109,12.132,52.065,-0.62,1.85,23.99
ATOM,5769.0,HD22,ASN,388.0,71.483,11.284,52.426,0.3,0.2245,17.44
ATOM,5770.0,HD21,ASN,388.0,70.139,12.249,51.91,0.32,0.2245,13.21
ATOM,5771.0,N,TYR,389.0,74.125,15.85,50.168,-0.47,1.85,0.0
ATOM,5772.0,CA,TYR,389.0,74.079,16.469,48.86,0.07,2.275,0.0
ATOM,5773.0,C,TYR,389.0,72.989,15.877,47.949,0.51,2.0,0.0
ATOM,5774.0,O,TYR,389.0,73.097,15.948,46.716,-0.51,1.7,0.0
ATOM,5775.0,CB,TYR,389.0,75.447,16.414,48.186,-0.18,2.175,0.0
ATOM,5776.0,CG,TYR,389.0,76.583,17.039,48.972,0.0,1.9924,0.0
ATOM,5777.0,CD1,TYR,389.0,76.849,18.395,48.892,-0.115,1.9924,0.02
ATOM,5778.0,CD2,TYR,389.0,77.421,16.253,49.771,-0.115,1.9924,0.25
ATOM,5779.0,CE1,TYR,389.0,77.911,18.956,49.614,-0.115,1.9924,6.47
ATOM,5780.0,CE2,TYR,389.0,78.489,16.808,50.474,-0.115,1.9924,3.13
ATOM,5781.0,CZ,TYR,389.0,78.714,18.16,50.38,0.11,1.9924,1.41
ATOM,5782.0,OH,TYR,389.0,79.758,18.74,51.053,-0.54,1.77,25.65
ATOM,5783.0,H,TYR,389.0,74.034,16.417,51.064,0.31,0.2245,0.0
ATOM,5784.0,HA,TYR,389.0,73.875,17.457,48.975,0.09,1.32,0.0
ATOM,5785.0,HB2,TYR,389.0,75.678,15.452,48.02,0.09,1.32,0.0
ATOM,5786.0,HB3,TYR,389.0,75.384,16.89,47.305,0.09,1.32,0.0
ATOM,5787.0,HD1,TYR,389.0,76.287,18.986,48.319,0.115,1.3582,0.01
ATOM,5788.0,HD2,TYR,389.0,77.248,15.271,49.839,0.115,1.3582,3.97
ATOM,5789.0,HE1,TYR,389.0,78.069,19.948,49.559,0.115,1.3582,7.49
ATOM,5790.0,HE2,TYR,389.0,79.075,16.228,51.032,0.115,1.3582,15.76
ATOM,5791.0,HH,TYR,389.0,80.225,19.383,50.447,0.43,0.2245,0.3
ATOM,5792.0,N,TRP,390.0,71.952,15.284,48.538,-0.47,1.85,0.0
ATOM,5793.0,CA,TRP,390.0,70.878,14.676,47.757,0.07,2.275,0.0
ATOM,5794.0,C,TRP,390.0,69.652,15.602,47.618,0.51,2.0,0.0
ATOM,5795.0,O,TRP,390.0,69.03,16.027,48.6,-0.51,1.7,0.0
ATOM,5796.0,CB,TRP,390.0,70.51,13.31,48.303,-0.18,2.175,2.49
ATOM,5797.0,CG,TRP,390.0,69.983,12.453,47.245,-0.03,1.9924,1.01
ATOM,5798.0,CD1,TRP,390.0,68.68,12.202,46.992,0.035,1.9924,10.51
ATOM,5799.0,CD2,TRP,390.0,70.733,11.766,46.224,-0.02,1.8,1.79
ATOM,5800.0,NE1,TRP,390.0,68.549,11.389,45.886,-0.61,1.85,4.45
ATOM,5801.0,CE2,TRP,390.0,69.793,11.106,45.394,0.13,1.8,1.6
ATOM,5802.0,CE3,TRP,390.0,72.091,11.635,45.929,-0.115,1.9924,6.57
ATOM,5803.0,CZ2,TRP,390.0,70.173,10.32,44.314,-0.115,1.9924,5.67
ATOM,5804.0,CZ3,TRP,390.0,72.462,10.85,44.853,-0.115,1.9924,7.1
ATOM,5805.0,CH2,TRP,390.0,71.507,10.206,44.065,-0.115,1.9924,6.34
ATOM,5806.0,H,TRP,390.0,71.974,15.292,49.574,0.31,0.2245,0.0
ATOM,5807.0,HA,TRP,390.0,71.229,14.508,46.825,0.09,1.32,0.0
ATOM,5808.0,HB2,TRP,390.0,71.321,12.886,48.671,0.09,1.32,0.81
ATOM,5809.0,HB3,TRP,390.0,69.811,13.42,48.991,0.09,1.32,1.25
ATOM,5810.0,HD1,TRP,390.0,67.906,12.552,47.526,0.115,1.3582,5.75
ATOM,5811.0,HE1,TRP,390.0,67.685,11.062,45.508,0.38,0.2245,0.0
ATOM,5812.0,HE3,TRP,390.0,72.783,12.096,46.479,0.115,1.3582,0.0
ATOM,5813.0,HZ2,TRP,390.0,69.479,9.861,43.751,0.115,1.3582,0.0
ATOM,5814.0,HZ3,TRP,390.0,73.431,10.745,44.641,0.115,1.3582,1.51
ATOM,5815.0,HH2,TRP,390.0,71.824,9.644,43.293,0.115,1.3582,1.91
ATOM,5816.0,N,TRP,391.0,69.258,15.88,46.378,-0.47,1.85,0.0
ATOM,5817.0,CA,TRP,391.0,68.146,16.767,46.119,0.07,2.275,0.0
ATOM,5818.0,C,TRP,391.0,66.826,16.187,46.673,0.51,2.0,0.0
ATOM,5819.0,O,TRP,391.0,66.533,14.994,46.54,-0.51,1.7,4.65
ATOM,5820.0,CB,TRP,391.0,68.001,16.997,44.607,-0.18,2.175,0.06
ATOM,5821.0,CG,TRP,391.0,66.959,17.98,44.202,-0.03,1.9924,0.0
ATOM,5822.0,CD1,TRP,391.0,67.124,19.326,44.066,0.035,1.9924,0.36
ATOM,5823.0,CD2,TRP,391.0,65.587,17.715,43.882,-0.02,1.8,0.0
ATOM,5824.0,NE1,TRP,391.0,65.946,19.903,43.67,-0.61,1.85,0.0
ATOM,5825.0,CE2,TRP,391.0,64.984,18.944,43.562,0.13,1.8,0.0
ATOM,5826.0,CE3,TRP,391.0,64.802,16.565,43.839,-0.115,1.9924,0.6
ATOM,5827.0,CZ2,TRP,391.0,63.638,19.052,43.207,-0.115,1.9924,0.0
ATOM,5828.0,CZ3,TRP,391.0,63.451,16.675,43.476,-0.115,1.9924,0.83
ATOM,5829.0,CH2,TRP,391.0,62.9,17.902,43.17,-0.115,1.9924,0.0
ATOM,5830.0,H,TRP,391.0,69.811,15.411,45.633,0.31,0.2245,0.0
ATOM,5831.0,HA,TRP,391.0,68.31,17.633,46.605,0.09,1.32,0.14
ATOM,5832.0,HB2,TRP,391.0,68.878,17.324,44.251,0.09,1.32,0.0
ATOM,5833.0,HB3,TRP,391.0,67.775,16.123,44.174,0.09,1.32,0.0
ATOM,5834.0,HD1,TRP,391.0,67.976,19.82,44.23,0.115,1.3582,0.06
ATOM,5835.0,HE1,TRP,391.0,65.812,20.882,43.487,0.38,0.2245,0.0
ATOM,5836.0,HE3,TRP,391.0,65.18,15.669,44.059,0.115,1.3582,2.88
ATOM,5837.0,HZ2,TRP,391.0,63.243,19.95,42.991,0.115,1.3582,0.44
ATOM,5838.0,HZ3,TRP,391.0,62.903,15.846,43.446,0.115,1.3582,1.08
ATOM,5839.0,HH2,TRP,391.0,61.927,17.95,42.912,0.115,1.3582,0.0
ATOM,5840.0,N,GLN,392.0,66.059,17.071,47.314,-0.47,1.85,0.0
ATOM,5841.0,CA,GLN,392.0,64.687,16.802,47.762,0.07,2.275,0.09
ATOM,5842.0,C,GLN,392.0,63.735,17.819,47.134,0.51,2.0,0.0
ATOM,5843.0,O,GLN,392.0,64.115,18.953,46.864,-0.51,1.7,0.0
ATOM,5844.0,CB,GLN,392.0,64.584,16.892,49.284,-0.18,2.175,1.31
ATOM,5845.0,CG,GLN,392.0,65.457,15.875,50.019,-0.18,2.175,5.37
ATOM,5846.0,CD,GLN,392.0,65.094,15.731,51.493,0.55,2.0,2.12
ATOM,5847.0,H,GLN,392.0,66.53,18.0,47.476,0.31,0.2245,0.0
ATOM,5848.0,HA,GLN,392.0,64.428,15.894,47.432,0.09,1.32,4.16
ATOM,5849.0,HB2,GLN,392.0,64.866,17.806,49.574,0.09,1.32,0.0
ATOM,5850.0,HB3,GLN,392.0,63.634,16.734,49.555,0.09,1.32,3.38
ATOM,5851.0,HG2,GLN,392.0,65.349,14.984,49.578,0.09,1.32,6.4
ATOM,5852.0,HG3,GLN,392.0,66.411,16.167,49.954,0.09,1.32,0.0
ATOM,5853.0,OE1,GLN,392.0,63.902,15.795,51.841,-0.55,1.7,32.16
ATOM,5854.0,NE2,GLN,392.0,66.099,15.528,52.356,-0.62,1.85,15.24
ATOM,5855.0,HE21,GLN,392.0,65.927,15.439,53.34,0.32,0.2245,17.1
ATOM,5856.0,HE22,GLN,392.0,67.047,15.465,51.983,0.3,0.2245,1.87
ATOM,5857.0,N,GLU,393.0,62.473,17.426,46.982,-0.47,1.85,0.38
ATOM,5858.0,CA,GLU,393.0,61.473,18.296,46.395,0.07,2.275,0.0
ATOM,5859.0,C,GLU,393.0,61.421,19.637,47.16,0.51,2.0,0.0
ATOM,5860.0,O,GLU,393.0,61.416,19.663,48.411,-0.51,1.7,19.5
ATOM,5861.0,CB,GLU,393.0,60.117,17.578,46.35,-0.18,2.175,5.56
ATOM,5862.0,CG,GLU,393.0,59.081,18.388,45.598,-0.28,2.175,7.55
ATOM,5863.0,CD,GLU,393.0,57.81,17.62,45.324,0.62,2.0,3.56
ATOM,5864.0,OE1,GLU,393.0,57.703,16.44,45.754,-0.76,1.7,24.17
ATOM,5865.0,OE2,GLU,393.0,56.934,18.21,44.631,-0.76,1.7,23.87
ATOM,5866.0,H,GLU,393.0,62.276,16.462,47.315,0.31,0.2245,8.67
ATOM,5867.0,HA,GLU,393.0,61.692,18.48,45.434,0.09,1.32,0.0
ATOM,5868.0,HB2,GLU,393.0,60.244,16.736,45.876,0.09,1.32,0.0
ATOM,5869.0,HB3,GLU,393.0,59.809,17.47,47.267,0.09,1.32,8.41
ATOM,5870.0,HG2,GLU,393.0,58.844,19.172,46.146,0.09,1.32,6.56
ATOM,5871.0,HG3,GLU,393.0,59.464,18.651,44.729,0.09,1.32,0.0
ATOM,5872.0,N,GLY,394.0,61.489,20.734,46.405,-0.47,1.85,0.3
ATOM,5873.0,CA,GLY,394.0,61.567,22.079,46.956,-0.02,2.175,20.94
ATOM,5874.0,C,GLY,394.0,62.951,22.682,46.999,0.51,2.0,1.1
ATOM,5875.0,O,GLY,394.0,63.112,23.905,47.072,-0.51,1.7,31.21
ATOM,5876.0,H,GLY,394.0,61.481,20.54,45.373,0.31,0.2245,3.4
ATOM,5877.0,HA2,GLY,394.0,60.948,22.695,46.414,0.09,1.32,12.95
ATOM,5878.0,HA3,GLY,394.0,61.174,22.071,47.905,0.09,1.32,8.51
ATOM,5879.0,N,ASP,395.0,63.979,21.841,46.923,-0.47,1.85,0.0
ATOM,5880.0,CA,ASP,395.0,65.367,22.308,46.94,0.07,2.275,0.35
ATOM,5881.0,C,ASP,395.0,65.717,23.048,45.634,0.51,2.0,0.0
ATOM,5882.0,O,ASP,395.0,65.067,22.792,44.599,-0.51,1.7,4.72
ATOM,5883.0,CB,ASP,395.0,66.344,21.126,47.088,-0.28,2.175,2.21
ATOM,5884.0,CG,ASP,395.0,66.307,20.478,48.47,0.62,2.0,2.64
ATOM,5885.0,OD1,ASP,395.0,65.514,20.939,49.359,-0.76,1.7,10.88
ATOM,5886.0,OD2,ASP,395.0,67.038,19.483,48.721,-0.76,1.7,0.18
ATOM,5887.0,H,ASP,395.0,63.717,20.838,46.851,0.31,0.2245,0.0
ATOM,5888.0,HA,ASP,395.0,65.448,22.98,47.683,0.09,1.32,5.98
ATOM,5889.0,HB2,ASP,395.0,66.099,20.442,46.41,0.09,1.32,0.0
ATOM,5890.0,HB3,ASP,395.0,67.262,21.467,46.921,0.09,1.32,1.08
ATOM,5891.0,N,ASP,396.0,66.702,23.963,45.685,-0.47,1.85,0.3
ATOM,5892.0,CA,ASP,396.0,67.196,24.663,44.498,0.07,2.275,0.39
ATOM,5893.0,C,ASP,396.0,67.507,23.634,43.398,0.51,2.0,0.0
ATOM,5894.0,O,ASP,396.0,68.187,22.638,43.666,-0.51,1.7,0.54
ATOM,5895.0,CB,ASP,396.0,68.502,25.417,44.755,-0.28,2.175,0.0
ATOM,5896.0,CG,ASP,396.0,68.325,26.706,45.526,0.62,2.0,1.12
ATOM,5897.0,OD1,ASP,396.0,67.169,27.108,45.786,-0.76,1.7,28.73
ATOM,5898.0,OD2,ASP,396.0,69.317,27.404,45.833,-0.76,1.7,14.59
ATOM,5899.0,H,ASP,396.0,67.079,24.127,46.644,0.31,0.2245,5.6
ATOM,5900.0,HA,ASP,396.0,66.452,25.235,44.157,0.09,1.32,5.23
ATOM,5901.0,HB2,ASP,396.0,69.107,24.813,45.273,0.09,1.32,0.0
ATOM,5902.0,HB3,ASP,396.0,68.915,25.625,43.87,0.09,1.32,0.0
ATOM,5903.0,N,PHE,397.0,67.053,23.891,42.17,-0.47,1.85,0.0
ATOM,5904.0,CA,PHE,397.0,67.517,23.108,41.025,0.07,2.275,0.0
ATOM,5905.0,C,PHE,397.0,68.959,23.472,40.703,0.51,2.0,0.0
ATOM,5906.0,O,PHE,397.0,69.378,24.654,40.793,-0.51,1.7,0.0
ATOM,5907.0,CB,PHE,397.0,66.648,23.342,39.778,-0.18,2.175,0.0
ATOM,5908.0,CG,PHE,397.0,65.23,22.928,39.94,0.0,1.9924,0.0
ATOM,5909.0,CD1,PHE,397.0,64.9,21.595,40.232,-0.115,1.9924,0.0
ATOM,5910.0,CD2,PHE,397.0,64.206,23.836,39.747,-0.115,1.9924,2.14
ATOM,5911.0,CE1,PHE,397.0,63.555,21.195,40.345,-0.115,1.9924,0.0
ATOM,5912.0,CE2,PHE,397.0,62.885,23.432,39.867,-0.115,1.9924,2.75
ATOM,5913.0,CZ,PHE,397.0,62.564,22.125,40.151,-0.115,1.9924,4.94
ATOM,5914.0,H,PHE,397.0,66.373,24.661,42.103,0.31,0.2245,1.83
ATOM,5915.0,HA,PHE,397.0,67.515,22.147,41.309,0.09,1.32,0.0
ATOM,5916.0,HB2,PHE,397.0,66.673,24.312,39.579,0.09,1.32,0.0
ATOM,5917.0,HB3,PHE,397.0,67.047,22.818,39.038,0.09,1.32,0.0
ATOM,5918.0,HD1,PHE,397.0,65.617,20.924,40.362,0.115,1.3582,0.0
ATOM,5919.0,HD2,PHE,397.0,64.415,24.785,39.522,0.115,1.3582,0.0
ATOM,5920.0,HE1,PHE,397.0,63.348,20.241,40.563,0.115,1.3582,0.0
ATOM,5921.0,HE2,PHE,397.0,62.144,24.126,39.739,0.115,1.3582,0.0
ATOM,5922.0,HZ,PHE,397.0,61.599,21.847,40.218,0.115,1.3582,0.36
ATOM,5923.0,N,MET,398.0,69.724,22.446,40.355,-0.47,1.85,0.0
ATOM,5924.0,CA,MET,398.0,71.119,22.578,39.989,0.07,2.275,0.0
ATOM,5925.0,C,MET,398.0,71.36,21.83,38.683,0.51,2.0,0.0
ATOM,5926.0,O,MET,398.0,70.57,20.993,38.276,-0.51,1.7,0.0
ATOM,5927.0,CB,MET,398.0,72.031,21.921,41.078,-0.18,2.175,0.0
ATOM,5928.0,CG,MET,398.0,72.091,22.603,42.327,-0.14,2.175,0.0
ATOM,5929.0,SD,MET,398.0,73.657,22.191,43.111,-0.09,2.0,0.0
ATOM,5930.0,CE,MET,398.0,73.152,22.91,44.579,-0.22,2.06,0.07
ATOM,5931.0,H,MET,398.0,69.223,21.519,40.368,0.31,0.2245,0.04
ATOM,5932.0,HA,MET,398.0,71.317,23.545,39.831,0.09,1.32,0.0
ATOM,5933.0,HB2,MET,398.0,71.69,20.963,41.196,0.09,1.32,0.0
ATOM,5934.0,HB3,MET,398.0,72.961,21.836,40.658,0.09,1.32,0.0
ATOM,5935.0,HG2,MET,398.0,72.03,23.61,42.206,0.09,1.32,0.0
ATOM,5936.0,HG3,MET,398.0,71.326,22.332,42.939,0.09,1.32,0.0
ATOM,5937.0,HE1,MET,398.0,73.683,23.749,44.789,0.09,1.32,0.0
ATOM,5938.0,HE2,MET,398.0,72.172,23.176,44.55,0.09,1.32,0.0
ATOM,5939.0,HE3,MET,398.0,73.267,22.279,45.366,0.09,1.32,0.0
ATOM,5940.0,N,GLY,399.0,72.505,22.07,38.071,-0.47,1.85,0.0
ATOM,5941.0,CA,GLY,399.0,72.887,21.402,36.835,-0.02,2.175,0.0
ATOM,5942.0,C,GLY,399.0,73.038,19.906,37.01,0.51,2.0,0.0
ATOM,5943.0,O,GLY,399.0,72.794,19.128,36.09,-0.51,1.7,0.0
ATOM,5944.0,H,GLY,399.0,73.112,22.777,38.546,0.31,0.2245,0.0
ATOM,5945.0,HA2,GLY,399.0,72.187,21.588,36.125,0.09,1.32,0.0
ATOM,5946.0,HA3,GLY,399.0,73.762,21.791,36.502,0.09,1.32,0.0
ATOM,5947.0,N,ASP,400.0,73.425,19.52,38.218,-0.47,1.85,0.0
ATOM,5948.0,CA,ASP,400.0,73.39,18.116,38.637,0.07,2.275,0.0
ATOM,5949.0,C,ASP,400.0,71.916,17.743,38.823,0.51,2.0,0.0
ATOM,5950.0,O,ASP,400.0,71.262,18.352,39.654,-0.51,1.7,0.03
ATOM,5951.0,CB,ASP,400.0,74.116,18.022,39.958,-0.28,2.175,0.0
ATOM,5952.0,CG,ASP,400.0,75.594,18.39,39.844,0.62,2.0,0.0
ATOM,5953.0,OD1,ASP,400.0,76.284,17.677,39.096,-0.76,1.7,0.0
ATOM,5954.0,OD2,ASP,400.0,76.146,19.342,40.45,-0.76,1.7,0.0
ATOM,5955.0,H,ASP,400.0,73.753,20.289,38.839,0.31,0.2245,0.0
ATOM,5956.0,HA,ASP,400.0,73.734,17.573,37.882,0.09,1.32,0.0
ATOM,5957.0,HB2,ASP,400.0,73.689,18.648,40.601,0.09,1.32,0.0
ATOM,5958.0,HB3,ASP,400.0,74.054,17.088,40.291,0.09,1.32,0.0
ATOM,5959.0,N,PRO,401.0,71.351,16.797,38.069,-0.29,1.85,0.0
ATOM,5960.0,CA,PRO,401.0,69.929,16.471,38.264,0.02,2.275,0.0
ATOM,5961.0,C,PRO,401.0,69.697,15.589,39.503,0.51,2.0,0.0
ATOM,5962.0,O,PRO,401.0,70.667,15.266,40.194,-0.51,1.7,0.0
ATOM,5963.0,CB,PRO,401.0,69.515,15.775,36.967,-0.18,2.175,0.0
ATOM,5964.0,CG,PRO,401.0,70.723,15.915,36.061,-0.18,2.175,0.0
ATOM,5965.0,CD,PRO,401.0,71.94,15.988,37.001,0.0,2.175,0.0
ATOM,5966.0,HA,PRO,401.0,69.375,17.314,38.323,0.09,1.32,0.0
ATOM,5967.0,HB2,PRO,401.0,69.31,14.809,37.127,0.09,1.32,0.0
ATOM,5968.0,HB3,PRO,401.0,68.719,16.22,36.558,0.09,1.32,0.0
ATOM,5969.0,HG2,PRO,401.0,70.8,15.124,35.455,0.09,1.32,0.0
ATOM,5970.0,HG3,PRO,401.0,70.656,16.749,35.515,0.09,1.32,0.0
ATOM,5971.0,HD2,PRO,401.0,72.185,15.094,37.318,0.09,1.32,0.0
ATOM,5972.0,HD3,PRO,401.0,72.686,16.453,36.565,0.09,1.32,0.0
ATOM,5973.0,N,PRO,402.0,68.442,15.286,39.825,-0.29,1.85,0.01
ATOM,5974.0,CA,PRO,402.0,68.094,14.62,41.095,0.02,2.275,0.0
ATOM,5975.0,C,PRO,402.0,68.633,13.194,41.3,0.51,2.0,0.0
ATOM,5976.0,O,PRO,402.0,68.471,12.69,42.407,-0.51,1.7,0.08
ATOM,5977.0,CB,PRO,402.0,66.568,14.629,41.067,-0.18,2.175,0.15
ATOM,5978.0,CG,PRO,402.0,66.247,15.838,40.29,-0.18,2.175,0.22
ATOM,5979.0,CD,PRO,402.0,67.242,15.779,39.124,0.0,2.175,0.18
ATOM,5980.0,HA,PRO,402.0,68.369,15.217,41.89,0.09,1.32,0.0
ATOM,5981.0,HB2,PRO,402.0,66.221,13.802,40.621,0.09,1.32,0.0
ATOM,5982.0,HB3,PRO,402.0,66.2,14.68,41.997,0.09,1.32,0.34
ATOM,5983.0,HG2,PRO,402.0,65.315,15.816,39.941,0.09,1.32,0.0
ATOM,5984.0,HG3,PRO,402.0,66.396,16.667,40.821,0.09,1.32,0.24
ATOM,5985.0,HD2,PRO,402.0,66.942,15.138,38.439,0.09,1.32,0.0
ATOM,5986.0,HD3,PRO,402.0,67.394,16.677,38.746,0.09,1.32,0.0
ATOM,5987.0,N,GLN,403.0,69.329,12.618,40.315,-0.47,1.85,0.0
ATOM,5988.0,CA,GLN,403.0,69.899,11.288,40.444,0.07,2.275,0.0
ATOM,5989.0,C,GLN,403.0,71.391,11.31,40.812,0.51,2.0,0.0
ATOM,5990.0,O,GLN,403.0,72.015,10.265,40.96,-0.51,1.7,3.63
ATOM,5991.0,CB,GLN,403.0,69.66,10.473,39.14,-0.18,2.175,0.0
ATOM,5992.0,CG,GLN,403.0,70.733,10.468,38.071,-0.18,2.175,3.14
ATOM,5993.0,CD,GLN,403.0,71.044,11.796,37.44,0.55,2.0,0.0
ATOM,5994.0,H,GLN,403.0,69.423,13.204,39.458,0.31,0.2245,0.0
ATOM,5995.0,HA,GLN,403.0,69.412,10.806,41.191,0.09,1.32,0.0
ATOM,5996.0,HB2,GLN,403.0,69.478,9.505,39.413,0.09,1.32,0.0
ATOM,5997.0,HB3,GLN,403.0,68.793,10.816,38.719,0.09,1.32,0.0
ATOM,5998.0,HG2,GLN,403.0,71.588,10.097,38.479,0.09,1.32,1.96
ATOM,5999.0,HG3,GLN,403.0,70.451,9.821,37.339,0.09,1.32,0.62
ATOM,6000.0,OE1,GLN,403.0,70.454,12.805,37.798,-0.55,1.7,0.0
ATOM,6001.0,NE2,GLN,403.0,71.955,11.794,36.445,-0.62,1.85,3.68
ATOM,6002.0,HE21,GLN,403.0,72.201,12.649,35.967,0.32,0.2245,3.21
ATOM,6003.0,HE22,GLN,403.0,72.386,10.909,36.191,0.3,0.2245,10.98
ATOM,6004.0,N,GLU,404.0,71.978,12.5,40.935,-0.47,1.85,0.0
ATOM,6005.0,CA,GLU,404.0,73.369,12.675,41.298,0.07,2.275,0.0
ATOM,6006.0,C,GLU,404.0,73.505,13.674,42.433,0.51,2.0,0.0
ATOM,6007.0,O,GLU,404.0,72.704,14.605,42.58,-0.51,1.7,0.0
ATOM,6008.0,CB,GLU,404.0,74.211,13.089,40.073,-0.18,2.175,0.0
ATOM,6009.0,CG,GLU,404.0,74.494,11.897,39.173,-0.28,2.175,4.61
ATOM,6010.0,CD,GLU,404.0,75.039,12.209,37.792,0.62,2.0,0.0
ATOM,6011.0,OE1,GLU,404.0,75.009,13.383,37.321,-0.76,1.7,3.23
ATOM,6012.0,OE2,GLU,404.0,75.482,11.214,37.159,-0.76,1.7,18.08
ATOM,6013.0,H,GLU,404.0,71.331,13.31,40.742,0.31,0.2245,0.0
ATOM,6014.0,HA,GLU,404.0,73.763,11.791,41.58,0.09,1.32,0.87
ATOM,6015.0,HB2,GLU,404.0,73.691,13.733,39.565,0.09,1.32,0.0
ATOM,6016.0,HB3,GLU,404.0,75.06,13.427,40.401,0.09,1.32,0.0
ATOM,6017.0,HG2,GLU,404.0,75.164,11.316,39.632,0.09,1.32,2.7
ATOM,6018.0,HG3,GLU,404.0,73.641,11.394,39.048,0.09,1.32,0.0
ATOM,6019.0,N,GLU,405.0,74.594,13.557,43.181,-0.47,1.85,0.0
ATOM,6020.0,CA,GLU,405.0,74.836,14.552,44.201,0.07,2.275,0.0
ATOM,6021.0,C,GLU,405.0,74.907,15.961,43.627,0.51,2.0,0.0
ATOM,6022.0,O,GLU,405.0,75.527,16.212,42.575,-0.51,1.7,0.0
ATOM,6023.0,CB,GLU,405.0,76.133,14.244,44.957,-0.18,2.175,0.0
ATOM,6024.0,CG,GLU,405.0,75.973,13.139,45.989,-0.28,2.175,0.23
ATOM,6025.0,CD,GLU,405.0,76.066,11.733,45.433,0.62,2.0,0.0
ATOM,6026.0,OE1,GLU,405.0,76.235,11.516,44.186,-0.76,1.7,6.19
ATOM,6027.0,OE2,GLU,405.0,76.002,10.81,46.304,-0.76,1.7,30.56
ATOM,6028.0,H,GLU,405.0,75.195,12.76,42.982,0.31,0.2245,0.0
ATOM,6029.0,HA,GLU,405.0,74.101,14.515,44.899,0.09,1.32,0.0
ATOM,6030.0,HB2,GLU,405.0,76.797,13.946,44.301,0.09,1.32,0.0
ATOM,6031.0,HB3,GLU,405.0,76.404,15.058,45.43,0.09,1.32,0.0
ATOM,6032.0,HG2,GLU,405.0,76.692,13.241,46.663,0.09,1.32,0.44
ATOM,6033.0,HG3,GLU,405.0,75.08,13.235,46.409,0.09,1.32,0.0
ATOM,6034.0,N,GLN,406.0,74.35,16.877,44.396,-0.47,1.85,0.0
ATOM,6035.0,CA,GLN,406.0,74.276,18.306,44.07,0.07,2.275,0.0
ATOM,6036.0,C,GLN,406.0,75.646,18.88,44.372,0.51,2.0,0.0
ATOM,6037.0,O,GLN,406.0,76.048,19.037,45.53,-0.51,1.7,0.25
ATOM,6038.0,CB,GLN,406.0,73.166,18.939,44.907,-0.18,2.175,0.0
ATOM,6039.0,CG,GLN,406.0,71.819,18.262,44.78,-0.18,2.175,0.0
ATOM,6040.0,CD,GLN,406.0,71.23,18.36,43.383,0.55,2.0,0.0
ATOM,6041.0,H,GLN,406.0,73.947,16.492,45.296,0.31,0.2245,0.0
ATOM,6042.0,HA,GLN,406.0,74.112,18.388,43.098,0.09,1.32,0.0
ATOM,6043.0,HB2,GLN,406.0,73.44,18.914,45.874,0.09,1.32,0.0
ATOM,6044.0,HB3,GLN,406.0,73.062,19.9,44.627,0.09,1.32,0.0
ATOM,6045.0,HG2,GLN,406.0,71.92,17.292,45.012,0.09,1.32,0.0
ATOM,6046.0,HG3,GLN,406.0,71.179,18.688,45.423,0.09,1.32,0.58
ATOM,6047.0,OE1,GLN,406.0,71.405,17.435,42.536,-0.55,1.7,0.0
ATOM,6048.0,NE2,GLN,406.0,70.615,19.461,43.107,-0.62,1.85,0.0
ATOM,6049.0,HE21,GLN,406.0,70.194,19.621,42.173,0.32,0.2245,0.66
ATOM,6050.0,HE22,GLN,406.0,70.533,20.197,43.812,0.3,0.2245,0.35
ATOM,6051.0,N,GLY,407.0,76.395,19.141,43.301,-0.47,1.85,0.0
ATOM,6052.0,CA,GLY,407.0,77.801,19.474,43.383,-0.02,2.175,0.0
ATOM,6053.0,C,GLY,407.0,78.747,18.499,42.686,0.51,2.0,0.0
ATOM,6054.0,O,GLY,407.0,79.961,18.714,42.696,-0.51,1.7,0.0
ATOM,6055.0,H,GLY,407.0,75.871,19.083,42.393,0.31,0.2245,0.0
ATOM,6056.0,HA2,GLY,407.0,77.951,20.411,42.991,0.09,1.32,0.0
ATOM,6057.0,HA3,GLY,407.0,78.075,19.547,44.37,0.09,1.32,0.0
ATOM,6058.0,N,MET,408.0,78.223,17.42,42.103,-0.47,1.85,0.0
ATOM,6059.0,CA,MET,408.0,79.071,16.462,41.404,0.07,2.275,0.0
ATOM,6060.0,C,MET,408.0,79.853,17.065,40.214,0.51,2.0,0.0
ATOM,6061.0,O,MET,408.0,81.092,17.072,40.187,-0.51,1.7,0.33
ATOM,6062.0,CB,MET,408.0,78.262,15.246,40.96,-0.18,2.175,0.0
ATOM,6063.0,CG,MET,408.0,79.083,14.235,40.287,-0.14,2.175,0.0
ATOM,6064.0,SD,MET,408.0,78.109,12.77,39.826,-0.09,2.0,0.12
ATOM,6065.0,CE,MET,408.0,77.942,12.025,41.387,-0.22,2.06,8.19
ATOM,6066.0,H,MET,408.0,77.199,17.329,42.189,0.31,0.2245,0.0
ATOM,6067.0,HA,MET,408.0,79.756,16.102,42.063,0.09,1.32,0.33
ATOM,6068.0,HB2,MET,408.0,77.824,14.844,41.776,0.09,1.32,0.0
ATOM,6069.0,HB3,MET,408.0,77.532,15.564,40.339,0.09,1.32,0.0
ATOM,6070.0,HG2,MET,408.0,79.519,14.634,39.448,0.09,1.32,0.0
ATOM,6071.0,HG3,MET,408.0,79.863,13.951,40.891,0.09,1.32,0.15
ATOM,6072.0,HE1,MET,408.0,78.797,11.561,41.661,0.09,1.32,0.55
ATOM,6073.0,HE2,MET,408.0,77.721,12.712,42.095,0.09,1.32,0.0
ATOM,6074.0,HE3,MET,408.0,77.203,11.336,41.383,0.09,1.32,3.66
ATOM,6075.0,N,TYR,409.0,79.109,17.601,39.26,-0.47,1.85,0.0
ATOM,6076.0,CA,TYR,409.0,79.664,18.12,38.024,0.07,2.275,0.0
ATOM,6077.0,C,TYR,409.0,79.363,19.598,37.778,0.51,2.0,0.0
ATOM,6078.0,O,TYR,409.0,79.964,20.204,36.903,-0.51,1.7,0.0
ATOM,6079.0,CB,TYR,409.0,79.128,17.325,36.852,-0.18,2.175,0.0
ATOM,6080.0,CG,TYR,409.0,79.717,15.932,36.718,0.0,1.9924,0.0
ATOM,6081.0,CD1,TYR,409.0,81.094,15.751,36.68,-0.115,1.9924,0.0
ATOM,6082.0,CD2,TYR,409.0,78.919,14.84,36.53,-0.115,1.9924,0.51
ATOM,6083.0,CE1,TYR,409.0,81.657,14.486,36.495,-0.115,1.9924,0.0
ATOM,6084.0,CE2,TYR,409.0,79.468,13.57,36.345,-0.115,1.9924,0.97
ATOM,6085.0,CZ,TYR,409.0,80.834,13.409,36.321,0.11,1.9924,0.0
ATOM,6086.0,OH,TYR,409.0,81.396,12.175,36.064,-0.54,1.77,0.01
ATOM,6087.0,H,TYR,409.0,78.082,17.618,39.475,0.31,0.2245,0.0
ATOM,6088.0,HA,TYR,409.0,80.678,18.012,38.058,0.09,1.32,0.0
ATOM,6089.0,HB2,TYR,409.0,78.138,17.23,36.955,0.09,1.32,0.0
ATOM,6090.0,HB3,TYR,409.0,79.329,17.823,36.008,0.09,1.32,0.0
ATOM,6091.0,HD1,TYR,409.0,81.702,16.541,36.786,0.115,1.3582,0.0
ATOM,6092.0,HD2,TYR,409.0,77.922,14.936,36.523,0.115,1.3582,0.04
ATOM,6093.0,HE1,TYR,409.0,82.652,14.383,36.493,0.115,1.3582,0.0
ATOM,6094.0,HE2,TYR,409.0,78.861,12.781,36.23,0.115,1.3582,0.17
ATOM,6095.0,HH,TYR,409.0,82.296,12.131,36.493,0.43,0.2245,0.0
ATOM,6096.0,N,GLY,410.0,78.46,20.175,38.547,-0.47,1.85,0.0
ATOM,6097.0,CA,GLY,410.0,78.044,21.533,38.271,-0.02,2.175,0.0
ATOM,6098.0,C,GLY,410.0,79.024,22.626,38.598,0.51,2.0,0.0
ATOM,6099.0,O,GLY,410.0,79.787,22.548,39.542,-0.51,1.7,0.0
ATOM,6100.0,H,GLY,410.0,78.097,19.602,39.32,0.31,0.2245,0.0
ATOM,6101.0,HA2,GLY,410.0,77.784,21.603,37.27,0.09,1.32,0.0
ATOM,6102.0,HA3,GLY,410.0,77.156,21.716,38.773,0.09,1.32,0.0
ATOM,6103.0,N,VAL,411.0,78.996,23.675,37.77,-0.47,1.85,0.0
ATOM,6104.0,CA,VAL,411.0,79.843,24.85,37.959,0.07,2.275,0.0
ATOM,6105.0,C,VAL,411.0,79.02,25.923,38.691,0.51,2.0,0.0
ATOM,6106.0,O,VAL,411.0,77.945,26.327,38.221,-0.51,1.7,0.0
ATOM,6107.0,CB,VAL,411.0,80.306,25.38,36.618,-0.09,2.275,0.0
ATOM,6108.0,CG1,VAL,411.0,81.176,26.632,36.816,-0.27,2.06,0.0
ATOM,6109.0,CG2,VAL,411.0,81.035,24.272,35.851,-0.27,2.06,0.0
ATOM,6110.0,H,VAL,411.0,78.319,23.58,36.981,0.31,0.2245,0.0
ATOM,6111.0,HA,VAL,411.0,80.605,24.599,38.547,0.09,1.32,0.0
ATOM,6112.0,HB,VAL,411.0,79.509,25.674,36.1,0.09,1.32,0.0
ATOM,6113.0,HG11,VAL,411.0,80.588,27.437,36.847,0.09,1.32,0.0
ATOM,6114.0,HG12,VAL,411.0,81.679,26.547,37.673,0.09,1.32,0.0
ATOM,6115.0,HG13,VAL,411.0,81.815,26.709,36.054,0.09,1.32,0.0
ATOM,6116.0,HG21,VAL,411.0,81.728,23.868,36.445,0.09,1.32,0.0
ATOM,6117.0,HG22,VAL,411.0,80.373,23.576,35.578,0.09,1.32,0.0
ATOM,6118.0,HG23,VAL,411.0,81.467,24.667,35.042,0.09,1.32,0.0
ATOM,6119.0,N,PHE,412.0,79.506,26.343,39.861,-0.47,1.85,0.0
ATOM,6120.0,CA,PHE,412.0,78.83,27.331,40.691,0.07,2.275,0.0
ATOM,6121.0,C,PHE,412.0,79.291,28.707,40.218,0.51,2.0,0.0
ATOM,6122.0,O,PHE,412.0,80.38,28.84,39.702,-0.51,1.7,0.0
ATOM,6123.0,CB,PHE,412.0,79.249,27.122,42.159,-0.18,2.175,0.0
ATOM,6124.0,CG,PHE,412.0,78.695,25.862,42.779,0.0,1.9924,0.0
ATOM,6125.0,CD1,PHE,412.0,77.377,25.832,43.261,-0.115,1.9924,0.0
ATOM,6126.0,CD2,PHE,412.0,79.454,24.733,42.885,-0.115,1.9924,0.0
ATOM,6127.0,CE1,PHE,412.0,76.848,24.717,43.848,-0.115,1.9924,0.23
ATOM,6128.0,CE2,PHE,412.0,78.928,23.577,43.479,-0.115,1.9924,0.0
ATOM,6129.0,CZ,PHE,412.0,77.619,23.573,43.96,-0.115,1.9924,2.27
ATOM,6130.0,H,PHE,412.0,80.416,25.899,40.128,0.31,0.2245,0.0
ATOM,6131.0,HA,PHE,412.0,77.86,27.27,40.49,0.09,1.32,0.0
ATOM,6132.0,HB2,PHE,412.0,80.234,27.068,42.184,0.09,1.32,0.0
ATOM,6133.0,HB3,PHE,412.0,78.914,27.891,42.678,0.09,1.32,0.0
ATOM,6134.0,HD1,PHE,412.0,76.815,26.66,43.165,0.115,1.3582,0.0
ATOM,6135.0,HD2,PHE,412.0,80.393,24.713,42.541,0.115,1.3582,0.0
ATOM,6136.0,HE1,PHE,412.0,75.903,24.727,44.199,0.115,1.3582,0.0
ATOM,6137.0,HE2,PHE,412.0,79.505,22.752,43.556,0.115,1.3582,0.0
ATOM,6138.0,HZ,PHE,412.0,77.242,22.752,44.381,0.115,1.3582,0.89
ATOM,6139.0,N,ASP,413.0,78.497,29.737,40.483,-0.47,1.85,0.0
ATOM,6140.0,CA,ASP,413.0,78.874,31.111,40.179,0.07,2.275,0.0
ATOM,6141.0,C,ASP,413.0,80.19,31.541,40.866,0.51,2.0,0.0
ATOM,6142.0,O,ASP,413.0,80.881,32.427,40.373,-0.51,1.7,14.59
ATOM,6143.0,CB,ASP,413.0,77.72,32.061,40.569,-0.28,2.175,0.08
ATOM,6144.0,CG,ASP,413.0,77.597,32.285,42.07,0.62,2.0,0.0
ATOM,6145.0,OD1,ASP,413.0,77.37,31.327,42.827,-0.76,1.7,0.0
ATOM,6146.0,OD2,ASP,413.0,77.717,33.439,42.606,-0.76,1.7,18.79
ATOM,6147.0,H,ASP,413.0,77.587,29.48,40.924,0.31,0.2245,0.0
ATOM,6148.0,HA,ASP,413.0,79.041,31.168,39.182,0.09,1.32,0.0
ATOM,6149.0,HB2,ASP,413.0,77.887,32.936,40.127,0.09,1.32,2.02
ATOM,6150.0,HB3,ASP,413.0,76.873,31.662,40.234,0.09,1.32,0.0
ATOM,6151.0,N,THR,414.0,80.514,30.91,41.996,-0.47,1.85,0.0
ATOM,6152.0,CA,THR,414.0,81.732,31.173,42.757,0.07,2.275,0.7
ATOM,6153.0,C,THR,414.0,82.986,30.409,42.279,0.51,2.0,0.0
ATOM,6154.0,O,THR,414.0,84.088,30.533,42.87,-0.51,1.7,15.34
ATOM,6155.0,CB,THR,414.0,81.447,30.872,44.267,0.14,2.275,6.76
ATOM,6156.0,OG1,THR,414.0,80.843,29.585,44.398,-0.66,1.77,0.0
ATOM,6157.0,CG2,THR,414.0,80.412,31.788,44.825,-0.27,2.06,16.22
ATOM,6158.0,H,THR,414.0,79.803,30.193,42.297,0.31,0.2245,0.0
ATOM,6159.0,HA,THR,414.0,81.94,32.173,42.698,0.09,1.32,5.42
ATOM,6160.0,HB,THR,414.0,82.338,30.867,44.762,0.09,1.32,8.5
ATOM,6161.0,HG21,THR,414.0,79.493,31.519,44.511,0.09,1.32,0.0
ATOM,6162.0,HG22,THR,414.0,80.422,31.764,45.833,0.09,1.32,10.66
ATOM,6163.0,HG23,THR,414.0,80.581,32.737,44.53,0.09,1.32,8.02
ATOM,6164.0,HG1,THR,414.0,81.534,28.86,44.296,0.43,0.2245,1.08
ATOM,6165.0,N,ASP,415.0,82.829,29.575,41.252,-0.47,1.85,0.0
ATOM,6166.0,CA,ASP,415.0,83.936,28.807,40.683,0.07,2.275,1.69
ATOM,6167.0,C,ASP,415.0,84.723,29.698,39.719,0.51,2.0,0.0
ATOM,6168.0,O,ASP,415.0,84.711,29.53,38.493,-0.51,1.7,0.0
ATOM,6169.0,CB,ASP,415.0,83.431,27.54,39.967,-0.28,2.175,0.15
ATOM,6170.0,CG,ASP,415.0,82.967,26.466,40.919,0.62,2.0,0.0
ATOM,6171.0,OD1,ASP,415.0,83.28,26.546,42.144,-0.76,1.7,3.34
ATOM,6172.0,OD2,ASP,415.0,82.304,25.478,40.535,-0.76,1.7,0.0
ATOM,6173.0,H,ASP,415.0,81.851,29.517,40.89,0.31,0.2245,0.0
ATOM,6174.0,HA,ASP,415.0,84.553,28.573,41.434,0.09,1.32,4.56
ATOM,6175.0,HB2,ASP,415.0,82.671,27.808,39.383,0.09,1.32,0.0
ATOM,6176.0,HB3,ASP,415.0,84.18,27.187,39.417,0.09,1.32,0.0
ATOM,6177.0,N,THR,416.0,85.446,30.64,40.304,-0.47,1.85,0.0
ATOM,6178.0,CA,THR,416.0,86.068,31.723,39.563,0.07,2.275,0.0
ATOM,6179.0,C,THR,416.0,87.01,31.256,38.477,0.51,2.0,0.0
ATOM,6180.0,O,THR,416.0,86.953,31.75,37.364,-0.51,1.7,0.48
ATOM,6181.0,CB,THR,416.0,86.795,32.632,40.569,0.14,2.275,6.7
ATOM,6182.0,OG1,THR,416.0,85.84,33.02,41.567,-0.66,1.77,21.01
ATOM,6183.0,CG2,THR,416.0,87.221,33.94,39.911,-0.27,2.06,39.57
ATOM,6184.0,H,THR,416.0,85.53,30.537,41.343,0.31,0.2245,2.81
ATOM,6185.0,HA,THR,416.0,85.33,32.278,39.13,0.09,1.32,2.45
ATOM,6186.0,HB,THR,416.0,87.529,32.101,41.021,0.09,1.32,8.54
ATOM,6187.0,HG21,THR,416.0,86.644,34.689,40.242,0.09,1.32,9.84
ATOM,6188.0,HG22,THR,416.0,88.177,34.137,40.137,0.09,1.32,11.7
ATOM,6189.0,HG23,THR,416.0,87.126,33.865,38.916,0.09,1.32,2.1
ATOM,6190.0,HG1,THR,416.0,85.364,32.211,41.928,0.43,0.2245,0.93
ATOM,6191.0,N,SER,417.0,87.826,30.254,38.785,-0.47,1.85,0.16
ATOM,6192.0,CA,SER,417.0,88.84,29.787,37.836,0.07,2.275,3.07
ATOM,6193.0,C,SER,417.0,88.163,29.135,36.628,0.51,2.0,0.0
ATOM,6194.0,O,SER,417.0,88.544,29.373,35.475,-0.51,1.7,0.87
ATOM,6195.0,CB,SER,417.0,89.842,28.845,38.517,0.05,2.175,22.26
ATOM,6196.0,OG,SER,417.0,89.207,27.666,38.998,-0.66,1.77,9.69
ATOM,6197.0,H,SER,417.0,87.689,29.844,39.723,0.31,0.2245,3.68
ATOM,6198.0,HA,SER,417.0,89.351,30.584,37.509,0.09,1.32,5.14
ATOM,6199.0,HB2,SER,417.0,90.541,28.588,37.855,0.09,1.32,4.95
ATOM,6200.0,HB3,SER,417.0,90.259,29.323,39.286,0.09,1.32,10.99
ATOM,6201.0,HG,SER,417.0,89.414,26.906,38.385,0.43,0.2245,0.0
ATOM,6202.0,N,THR,418.0,87.13,28.341,36.882,-0.47,1.85,0.0
ATOM,6203.0,CA,THR,418.0,86.405,27.679,35.797,0.07,2.275,0.0
ATOM,6204.0,C,THR,418.0,85.703,28.67,34.891,0.51,2.0,0.0
ATOM,6205.0,O,THR,418.0,85.758,28.611,33.667,-0.51,1.7,0.0
ATOM,6206.0,CB,THR,418.0,85.357,26.685,36.38,0.14,2.275,0.0
ATOM,6207.0,OG1,THR,418.0,85.953,25.853,37.378,-0.66,1.77,0.0
ATOM,6208.0,CG2,THR,418.0,84.891,25.74,35.311,-0.27,2.06,0.0
ATOM,6209.0,H,THR,418.0,86.889,28.234,37.88,0.31,0.2245,0.0
ATOM,6210.0,HA,THR,418.0,87.073,27.155,35.245,0.09,1.32,0.0
ATOM,6211.0,HB,THR,418.0,84.608,27.228,36.816,0.09,1.32,0.0
ATOM,6212.0,HG21,THR,418.0,83.907,25.555,35.411,0.09,1.32,0.0
ATOM,6213.0,HG22,THR,418.0,85.051,26.135,34.4,0.09,1.32,0.0
ATOM,6214.0,HG23,THR,418.0,85.388,24.868,35.373,0.09,1.32,0.0
ATOM,6215.0,HG1,THR,418.0,86.776,25.403,37.014,0.43,0.2245,0.0
ATOM,6216.0,N,ILE,419.0,85.047,29.631,35.506,-0.47,1.85,0.0
ATOM,6217.0,CA,ILE,419.0,84.347,30.669,34.763,0.07,2.275,0.0
ATOM,6218.0,C,ILE,419.0,85.302,31.503,33.905,0.51,2.0,0.0
ATOM,6219.0,O,ILE,419.0,84.982,31.851,32.772,-0.51,1.7,0.0
ATOM,6220.0,CB,ILE,419.0,83.522,31.51,35.73,-0.09,2.275,0.0
ATOM,6221.0,CG1,ILE,419.0,82.351,30.655,36.215,-0.18,2.175,0.0
ATOM,6222.0,CG2,ILE,419.0,83.063,32.809,35.087,-0.27,2.06,12.36
ATOM,6223.0,CD1,ILE,419.0,81.699,31.167,37.444,-0.27,2.06,1.26
ATOM,6224.0,H,ILE,419.0,85.069,29.589,36.544,0.31,0.2245,0.0
ATOM,6225.0,HA,ILE,419.0,83.73,30.195,34.122,0.09,1.32,0.0
ATOM,6226.0,HB,ILE,419.0,84.083,31.729,36.511,0.09,1.32,0.0
ATOM,6227.0,HG12,ILE,419.0,81.679,30.602,35.472,0.09,1.32,0.0
ATOM,6228.0,HG13,ILE,419.0,82.699,29.728,36.383,0.09,1.32,0.0
ATOM,6229.0,HG21,ILE,419.0,82.544,33.346,35.751,0.09,1.32,4.91
ATOM,6230.0,HG22,ILE,419.0,83.859,33.333,34.787,0.09,1.32,2.39
ATOM,6231.0,HG23,ILE,419.0,82.483,32.606,34.299,0.09,1.32,0.0
ATOM,6232.0,HD11,ILE,419.0,81.337,32.09,37.286,0.09,1.32,1.17
ATOM,6233.0,HD12,ILE,419.0,80.941,30.565,37.711,0.09,1.32,0.0
ATOM,6234.0,HD13,ILE,419.0,82.362,31.205,38.198,0.09,1.32,0.0
ATOM,6235.0,N,ALA,420.0,86.49,31.784,34.404,-0.47,1.85,0.15
ATOM,6236.0,CA,ALA,420.0,87.456,32.532,33.602,0.07,2.275,1.8
ATOM,6237.0,C,ALA,420.0,87.858,31.773,32.342,0.51,2.0,0.22
ATOM,6238.0,O,ALA,420.0,88.083,32.384,31.285,-0.51,1.7,4.55
ATOM,6239.0,CB,ALA,420.0,88.688,32.888,34.421,-0.27,2.06,29.95
ATOM,6240.0,H,ALA,420.0,86.671,31.45,35.357,0.31,0.2245,0.0
ATOM,6241.0,HA,ALA,420.0,87.038,33.411,33.328,0.09,1.32,2.4
ATOM,6242.0,HB1,ALA,420.0,88.498,33.697,34.977,0.09,1.32,9.46
ATOM,6243.0,HB2,ALA,420.0,88.925,32.123,35.019,0.09,1.32,0.02
ATOM,6244.0,HB3,ALA,420.0,89.454,33.079,33.807,0.09,1.32,9.42
ATOM,6245.0,N,ILE,421.0,88.0,30.448,32.446,-0.47,1.85,0.03
ATOM,6246.0,CA,ILE,421.0,88.333,29.603,31.29,0.07,2.275,0.39
ATOM,6247.0,C,ILE,421.0,87.176,29.599,30.283,0.51,2.0,0.0
ATOM,6248.0,O,ILE,421.0,87.399,29.692,29.076,-0.51,1.7,0.0
ATOM,6249.0,CB,ILE,421.0,88.658,28.153,31.778,-0.09,2.275,0.0
ATOM,6250.0,CG1,ILE,421.0,89.975,28.148,32.59,-0.18,2.175,1.21
ATOM,6251.0,CG2,ILE,421.0,88.722,27.187,30.639,-0.27,2.06,0.0
ATOM,6252.0,CD1,ILE,421.0,90.127,26.931,33.451,-0.27,2.06,0.0
ATOM,6253.0,H,ILE,421.0,87.857,30.07,33.403,0.31,0.2245,0.0
ATOM,6254.0,HA,ILE,421.0,89.106,30.045,30.834,0.09,1.32,2.0
ATOM,6255.0,HB,ILE,421.0,87.927,27.868,32.379,0.09,1.32,0.0
ATOM,6256.0,HG12,ILE,421.0,90.731,28.2,31.945,0.09,1.32,0.0
ATOM,6257.0,HG13,ILE,421.0,89.978,28.962,33.163,0.09,1.32,0.62
ATOM,6258.0,HG21,ILE,421.0,88.876,26.257,30.981,0.09,1.32,0.0
ATOM,6259.0,HG22,ILE,421.0,87.862,27.202,30.123,0.09,1.32,0.0
ATOM,6260.0,HG23,ILE,421.0,89.473,27.43,30.02,0.09,1.32,0.0
ATOM,6261.0,HD11,ILE,421.0,90.122,26.109,32.879,0.09,1.32,0.0
ATOM,6262.0,HD12,ILE,421.0,90.992,26.977,33.953,0.09,1.32,0.0
ATOM,6263.0,HD13,ILE,421.0,89.37,26.882,34.104,0.09,1.32,0.0
ATOM,6264.0,N,MET,422.0,85.949,29.461,30.792,-0.47,1.85,0.0
ATOM,6265.0,CA,MET,422.0,84.747,29.538,29.943,0.07,2.275,0.0
ATOM,6266.0,C,MET,422.0,84.7,30.884,29.23,0.51,2.0,0.0
ATOM,6267.0,O,MET,422.0,84.411,30.93,28.044,-0.51,1.7,0.0
ATOM,6268.0,CB,MET,422.0,83.457,29.363,30.771,-0.18,2.175,0.01
ATOM,6269.0,CG,MET,422.0,83.262,27.994,31.355,-0.14,2.175,0.0
ATOM,6270.0,SD,MET,422.0,81.926,27.885,32.628,-0.09,2.0,0.0
ATOM,6271.0,CE,MET,422.0,80.482,28.3,31.573,-0.22,2.06,0.3
ATOM,6272.0,H,MET,422.0,85.914,29.299,31.813,0.31,0.2245,0.0
ATOM,6273.0,HA,MET,422.0,84.813,28.818,29.251,0.09,1.32,0.0
ATOM,6274.0,HB2,MET,422.0,83.469,30.044,31.522,0.09,1.32,0.0
ATOM,6275.0,HB3,MET,422.0,82.667,29.583,30.175,0.09,1.32,0.0
ATOM,6276.0,HG2,MET,422.0,83.064,27.323,30.596,0.09,1.32,0.04
ATOM,6277.0,HG3,MET,422.0,84.151,27.666,31.765,0.09,1.32,0.0
ATOM,6278.0,HE1,MET,422.0,79.802,28.754,32.137,0.09,1.32,0.0
ATOM,6279.0,HE2,MET,422.0,80.789,28.902,30.844,0.09,1.32,0.0
ATOM,6280.0,HE3,MET,422.0,80.116,27.456,31.197,0.09,1.32,0.0
ATOM,6281.0,N,LYS,423.0,84.932,31.973,29.966,-0.47,1.85,0.0
ATOM,6282.0,CA,LYS,423.0,84.817,33.316,29.391,0.07,2.275,0.0
ATOM,6283.0,C,LYS,423.0,85.816,33.482,28.252,0.51,2.0,0.0
ATOM,6284.0,O,LYS,423.0,85.475,33.984,27.168,-0.51,1.7,1.37
ATOM,6285.0,CB,LYS,423.0,85.032,34.388,30.462,-0.18,2.175,0.09
ATOM,6286.0,CG,LYS,423.0,84.679,35.769,30.005,-0.18,2.175,5.05
ATOM,6287.0,CD,LYS,423.0,84.575,36.77,31.182,-0.18,2.175,7.61
ATOM,6288.0,CE,LYS,423.0,84.227,38.176,30.681,0.21,2.175,14.81
ATOM,6289.0,NZ,LYS,423.0,84.426,39.22,31.773,-0.3,1.85,14.92
ATOM,6290.0,H,LYS,423.0,85.192,31.791,30.949,0.31,0.2245,0.0
ATOM,6291.0,HA,LYS,423.0,83.89,33.434,29.028,0.09,1.32,0.0
ATOM,6292.0,HB2,LYS,423.0,84.465,34.151,31.249,0.09,1.32,0.0
ATOM,6293.0,HB3,LYS,423.0,85.996,34.368,30.724,0.09,1.32,1.86
ATOM,6294.0,HG2,LYS,423.0,85.38,36.112,29.374,0.09,1.32,6.13
ATOM,6295.0,HG3,LYS,423.0,83.794,35.76,29.533,0.09,1.32,1.46
ATOM,6296.0,HD2,LYS,423.0,83.859,36.462,31.791,0.09,1.32,1.93
ATOM,6297.0,HD3,LYS,423.0,85.449,36.804,31.643,0.09,1.32,8.05
ATOM,6298.0,HE2,LYS,423.0,84.818,38.406,29.912,0.05,1.32,9.41
ATOM,6299.0,HE3,LYS,423.0,83.272,38.196,30.395,0.05,1.32,0.0
ATOM,6300.0,HZ1,LYS,423.0,85.402,39.354,31.905,0.33,0.2245,18.83
ATOM,6301.0,HZ2,LYS,423.0,83.995,40.066,31.48,0.33,0.2245,20.16
ATOM,6302.0,HZ3,LYS,423.0,84.004,38.885,32.608,0.33,0.2245,17.13
ATOM,6303.0,N,GLU,424.0,87.032,33.009,28.493,-0.47,1.85,0.33
ATOM,6304.0,CA,GLU,424.0,88.099,33.085,27.526,0.07,2.275,1.84
ATOM,6305.0,C,GLU,424.0,87.724,32.339,26.277,0.51,2.0,0.0
ATOM,6306.0,O,GLU,424.0,87.814,32.874,25.174,-0.51,1.7,0.0
ATOM,6307.0,CB,GLU,424.0,89.401,32.52,28.118,-0.18,2.175,3.47
ATOM,6308.0,CG,GLU,424.0,90.533,32.306,27.111,-0.28,2.175,6.2
ATOM,6309.0,CD,GLU,424.0,91.082,33.593,26.529,0.62,2.0,3.16
ATOM,6310.0,OE1,GLU,424.0,90.772,34.686,27.062,-0.76,1.7,21.27
ATOM,6311.0,OE2,GLU,424.0,91.833,33.51,25.521,-0.76,1.7,24.97
ATOM,6312.0,H,GLU,424.0,87.143,32.579,29.442,0.31,0.2245,0.0
ATOM,6313.0,HA,GLU,424.0,88.289,34.05,27.303,0.09,1.32,2.08
ATOM,6314.0,HB2,GLU,424.0,89.724,33.162,28.795,0.09,1.32,6.08
ATOM,6315.0,HB3,GLU,424.0,89.191,31.643,28.519,0.09,1.32,0.0
ATOM,6316.0,HG2,GLU,424.0,91.271,31.848,27.577,0.09,1.32,8.0
ATOM,6317.0,HG3,GLU,424.0,90.18,31.766,26.365,0.09,1.32,0.0
ATOM,6318.0,N,PHE,425.0,87.381,31.068,26.4,-0.47,1.85,0.0
ATOM,6319.0,CA,PHE,425.0,87.161,30.277,25.217,0.07,2.275,0.0
ATOM,6320.0,C,PHE,425.0,85.838,30.596,24.51,0.51,2.0,0.0
ATOM,6321.0,O,PHE,425.0,85.771,30.569,23.276,-0.51,1.7,0.0
ATOM,6322.0,CB,PHE,425.0,87.343,28.787,25.544,-0.18,2.175,0.0
ATOM,6323.0,CG,PHE,425.0,88.771,28.389,25.584,0.0,1.9924,0.0
ATOM,6324.0,CD1,PHE,425.0,89.494,28.247,24.4,-0.115,1.9924,0.0
ATOM,6325.0,CD2,PHE,425.0,89.444,28.227,26.805,-0.115,1.9924,0.0
ATOM,6326.0,CE1,PHE,425.0,90.825,27.894,24.429,-0.115,1.9924,3.72
ATOM,6327.0,CE2,PHE,425.0,90.788,27.89,26.816,-0.115,1.9924,1.81
ATOM,6328.0,CZ,PHE,425.0,91.457,27.709,25.617,-0.115,1.9924,7.62
ATOM,6329.0,H,PHE,425.0,87.292,30.721,27.363,0.31,0.2245,0.0
ATOM,6330.0,HA,PHE,425.0,87.897,30.507,24.556,0.09,1.32,0.0
ATOM,6331.0,HB2,PHE,425.0,86.945,28.629,26.43,0.09,1.32,0.0
ATOM,6332.0,HB3,PHE,425.0,86.89,28.273,24.837,0.09,1.32,0.0
ATOM,6333.0,HD1,PHE,425.0,89.041,28.404,23.527,0.115,1.3582,0.0
ATOM,6334.0,HD2,PHE,425.0,88.95,28.356,27.657,0.115,1.3582,0.0
ATOM,6335.0,HE1,PHE,425.0,91.322,27.774,23.551,0.115,1.3582,2.4
ATOM,6336.0,HE2,PHE,425.0,91.271,27.777,27.697,0.115,1.3582,0.04
ATOM,6337.0,HZ,PHE,425.0,92.432,27.435,25.635,0.115,1.3582,5.4
ATOM,6338.0,N,ASN,426.0,84.814,30.96,25.267,-0.47,1.85,0.0
ATOM,6339.0,CA,ASN,426.0,83.553,31.393,24.666,0.07,2.275,0.0
ATOM,6340.0,C,ASN,426.0,83.833,32.564,23.71,0.51,2.0,0.23
ATOM,6341.0,O,ASN,426.0,83.242,32.622,22.624,-0.51,1.7,0.68
ATOM,6342.0,CB,ASN,426.0,82.46,31.807,25.69,-0.18,2.175,0.0
ATOM,6343.0,CG,ASN,426.0,81.883,30.663,26.514,0.55,2.0,0.0
ATOM,6344.0,OD1,ASN,426.0,82.026,29.479,26.121,-0.55,1.7,0.37
ATOM,6345.0,ND2,ASN,426.0,81.249,30.958,27.614,-0.62,1.85,0.0
ATOM,6346.0,H,ASN,426.0,84.976,30.914,26.286,0.31,0.2245,0.0
ATOM,6347.0,HA,ASN,426.0,83.214,30.64,24.107,0.09,1.32,0.0
ATOM,6348.0,HB2,ASN,426.0,82.866,32.479,26.314,0.09,1.32,0.0
ATOM,6349.0,HB3,ASN,426.0,81.714,32.243,25.18,0.09,1.32,0.0
ATOM,6350.0,HD22,ASN,426.0,81.152,31.929,27.886,0.3,0.2245,0.0
ATOM,6351.0,HD21,ASN,426.0,80.856,30.247,28.194,0.32,0.2245,0.98
ATOM,6352.0,N,ALA,427.0,84.754,33.46,24.066,-0.47,1.85,0.08
ATOM,6353.0,CA,ALA,427.0,85.119,34.565,23.206,0.07,2.275,2.57
ATOM,6354.0,C,ALA,427.0,85.966,34.09,22.031,0.51,2.0,0.0
ATOM,6355.0,O,ALA,427.0,85.764,34.529,20.915,-0.51,1.7,7.68
ATOM,6356.0,CB,ALA,427.0,85.843,35.652,23.973,-0.27,2.06,18.81
ATOM,6357.0,H,ALA,427.0,85.177,33.292,25.003,0.31,0.2245,0.0
ATOM,6358.0,HA,ALA,427.0,84.28,34.991,22.841,0.09,1.32,4.72
ATOM,6359.0,HB1,ALA,427.0,85.661,35.553,24.952,0.09,1.32,0.75
ATOM,6360.0,HB2,ALA,427.0,86.828,35.58,23.812,0.09,1.32,0.0
ATOM,6361.0,HB3,ALA,427.0,85.524,36.55,23.668,0.09,1.32,11.86
ATOM,6362.0,N,ARG,428.0,86.891,33.171,22.271,-0.47,1.85,0.0
ATOM,6363.0,CA,ARG,428.0,87.788,32.724,21.219,0.07,2.275,0.52
ATOM,6364.0,C,ARG,428.0,87.061,31.922,20.141,0.51,2.0,0.0
ATOM,6365.0,O,ARG,428.0,87.474,31.939,18.969,-0.51,1.7,14.67
ATOM,6366.0,CB,ARG,428.0,88.942,31.891,21.802,-0.18,2.175,0.51
ATOM,6367.0,CG,ARG,428.0,89.869,32.614,22.77,-0.18,2.175,1.1
ATOM,6368.0,CD,ARG,428.0,90.277,34.045,22.37,0.2,2.175,12.72
ATOM,6369.0,NE,ARG,428.0,90.057,34.998,23.487,-0.7,1.85,2.16
ATOM,6370.0,CZ,ARG,428.0,89.611,36.262,23.388,0.64,2.0,1.89
ATOM,6371.0,NH1,ARG,428.0,89.486,36.979,24.505,-0.8,1.85,18.27
ATOM,6372.0,NH2,ARG,428.0,89.292,36.816,22.211,-0.8,1.85,18.32
ATOM,6373.0,H,ARG,428.0,86.916,32.813,23.241,0.31,0.2245,0.0
ATOM,6374.0,HA,ARG,428.0,88.211,33.534,20.782,0.09,1.32,2.6
ATOM,6375.0,HB2,ARG,428.0,88.543,31.106,22.283,0.09,1.32,0.0
ATOM,6376.0,HB3,ARG,428.0,89.496,31.554,21.037,0.09,1.32,1.04
ATOM,6377.0,HG2,ARG,428.0,89.427,32.67,23.68,0.09,1.32,0.0
ATOM,6378.0,HG3,ARG,428.0,90.722,32.079,22.881,0.09,1.32,5.27
ATOM,6379.0,HD2,ARG,428.0,91.237,34.036,22.137,0.09,1.32,10.76
ATOM,6380.0,HD3,ARG,428.0,89.721,34.317,21.599,0.09,1.32,0.24
ATOM,6381.0,HE,ARG,428.0,90.266,34.657,24.424,0.44,0.2245,0.0
ATOM,6382.0,HH11,ARG,428.0,89.728,36.62,25.394,0.46,0.2245,4.99
ATOM,6383.0,HH12,ARG,428.0,89.131,37.927,24.439,0.46,0.2245,17.24
ATOM,6384.0,HH21,ARG,428.0,89.418,36.249,21.386,0.46,0.2245,9.06
ATOM,6385.0,HH22,ARG,428.0,88.952,37.734,22.159,0.46,0.2245,17.15
ATOM,6386.0,N,PHE,429.0,86.002,31.198,20.53,-0.47,1.85,0.0
ATOM,6387.0,CA,PHE,429.0,85.273,30.347,19.591,0.07,2.275,0.0
ATOM,6388.0,C,PHE,429.0,84.342,31.175,18.67,0.51,2.0,0.0
ATOM,6389.0,O,PHE,429.0,83.938,30.716,17.594,-0.51,1.7,3.12
ATOM,6390.0,CB,PHE,429.0,84.481,29.278,20.333,-0.18,2.175,0.0
ATOM,6391.0,CG,PHE,429.0,85.247,28.01,20.578,0.0,1.9924,0.0
ATOM,6392.0,CD1,PHE,429.0,85.094,26.913,19.753,-0.115,1.9924,0.0
ATOM,6393.0,CD2,PHE,429.0,86.082,27.885,21.67,-0.115,1.9924,0.0
ATOM,6394.0,CE1,PHE,429.0,85.792,25.741,19.999,-0.115,1.9924,0.0
ATOM,6395.0,CE2,PHE,429.0,86.762,26.717,21.918,-0.115,1.9924,0.0
ATOM,6396.0,CZ,PHE,429.0,86.616,25.646,21.083,-0.115,1.9924,0.0
ATOM,6397.0,H,PHE,429.0,85.755,31.295,21.53,0.31,0.2245,0.0
ATOM,6398.0,HA,PHE,429.0,85.954,29.917,18.988,0.09,1.32,0.13
ATOM,6399.0,HB2,PHE,429.0,84.216,29.649,21.212,0.09,1.32,0.0
ATOM,6400.0,HB3,PHE,429.0,83.686,29.053,19.787,0.09,1.32,0.0
ATOM,6401.0,HD1,PHE,429.0,84.478,26.958,18.97,0.115,1.3582,0.0
ATOM,6402.0,HD2,PHE,429.0,86.194,28.667,22.296,0.115,1.3582,0.0
ATOM,6403.0,HE1,PHE,429.0,85.678,24.961,19.363,0.115,1.3582,0.0
ATOM,6404.0,HE2,PHE,429.0,87.375,26.658,22.732,0.115,1.3582,0.0
ATOM,6405.0,HZ,PHE,429.0,87.112,24.79,21.263,0.115,1.3582,0.0
ATOM,6406.0,N,GLN,430.0,84.03,32.403,19.089,-0.47,1.85,0.0
ATOM,6407.0,CA,GLN,430.0,83.218,33.313,18.274,0.07,2.275,0.0
ATOM,6408.0,C,GLN,430.0,83.98,33.888,17.062,0.51,2.0,0.06
ATOM,6409.0,CB,GLN,430.0,82.617,34.451,19.125,-0.18,2.175,11.31
ATOM,6410.0,CG,GLN,430.0,81.539,33.974,20.08,-0.18,2.175,11.18
ATOM,6411.0,CD,GLN,430.0,80.557,32.977,19.43,0.55,2.0,1.15
ATOM,6412.0,O,GLN,430.0,85.127,34.361,17.242,-0.51,1.7,15.77
ATOM,6413.0,H,GLN,430.0,84.404,32.654,20.023,0.31,0.2245,0.0
ATOM,6414.0,HA,GLN,430.0,82.43,32.789,17.914,0.09,1.32,0.0
ATOM,6415.0,HB2,GLN,430.0,83.35,34.867,19.657,0.09,1.32,1.02
ATOM,6416.0,HB3,GLN,430.0,82.218,35.127,18.509,0.09,1.32,5.64
ATOM,6417.0,HG2,GLN,430.0,81.968,33.517,20.858,0.09,1.32,0.0
ATOM,6418.0,HG3,GLN,430.0,81.012,34.76,20.399,0.09,1.32,11.61
ATOM,6419.0,OE1,GLN,430.0,80.01,33.255,18.364,-0.55,1.7,12.74
ATOM,6420.0,NE2,GLN,430.0,80.354,31.82,20.059,-0.62,1.85,0.38
ATOM,6421.0,HE21,GLN,430.0,79.718,31.138,19.694,0.32,0.2245,0.0
ATOM,6422.0,HE22,GLN,430.0,80.866,31.645,20.926,0.3,0.2245,0.0
ATOM,6423.0,N,PRO,431.0,83.328,33.732,15.905,-0.29,1.85,0.0
ATOM,6424.0,CA,PRO,431.0,83.89,34.13,14.604,0.02,2.275,3.01
ATOM,6425.0,C,PRO,431.0,84.282,35.61,14.508,0.34,2.0,0.74
ATOM,6426.0,O,PRO,431.0,83.625,36.423,15.16,-0.67,1.7,29.97
ATOM,6427.0,CB,PRO,431.0,82.747,33.817,13.632,-0.18,2.175,8.57
ATOM,6428.0,CG,PRO,431.0,81.957,32.708,14.334,-0.18,2.175,0.56
ATOM,6429.0,CD,PRO,431.0,81.979,33.133,15.757,0.0,2.175,0.25
ATOM,6430.0,OXT,PRO,431.0,85.159,36.161,13.882,-0.67,1.7,46.57
ATOM,6431.0,HA,PRO,431.0,84.687,33.537,14.367,0.09,1.32,12.51
ATOM,6432.0,HB2,PRO,431.0,82.165,34.614,13.491,0.09,1.32,8.22
ATOM,6433.0,HB3,PRO,431.0,83.095,33.489,12.759,0.09,1.32,5.39
ATOM,6434.0,HG2,PRO,431.0,81.034,32.677,13.967,0.09,1.32,0.0
ATOM,6435.0,HG3,PRO,431.0,82.416,31.838,14.196,0.09,1.32,4.06
ATOM,6436.0,HD2,PRO,431.0,81.278,33.817,15.957,0.09,1.32,5.97
ATOM,6437.0,HD3,PRO,431.0,81.877,32.359,16.384,0.09,1.32,0.0
