atom,serial,name,resname,resid,x,y,z,charges,radius,sasa
ATOM,1.0,N,GLY,1.0,-0.821,17.738,53.552,-0.3,1.85,14.3
ATOM,2.0,CA,GLY,1.0,-0.638,19.229,53.612,0.13,2.175,20.92
ATOM,3.0,C,GLY,1.0,-1.276,19.949,52.442,0.51,2.0,1.88
ATOM,4.0,O,GLY,1.0,-1.965,19.327,51.634,-0.51,1.7,21.53
ATOM,5.0,H,GLY,1.0,-1.795,17.534,53.556,0.33,0.2245,16.91
ATOM,6.0,HA2,GLY,1.0,-1.036,19.558,54.481,0.09,1.32,12.08
ATOM,7.0,HA3,GLY,1.0,0.355,19.421,53.639,0.09,1.32,11.59
ATOM,8.0,H2,GLY,1.0,-0.403,17.397,52.716,0.33,0.2245,17.57
ATOM,9.0,H3,GLY,1.0,-0.382,17.329,54.346,0.33,0.2245,20.52
ATOM,10.0,N,ALA,2.0,-1.055,21.26,52.372,-0.47,1.85,4.11
ATOM,11.0,CA,ALA,2.0,-1.58,22.103,51.29,0.07,2.275,3.18
ATOM,12.0,C,ALA,2.0,-1.094,21.593,49.928,0.51,2.0,0.0
ATOM,13.0,O,ALA,2.0,0.062,21.142,49.808,-0.51,1.7,6.92
ATOM,14.0,CB,ALA,2.0,-1.136,23.567,51.513,-0.27,2.06,32.88
ATOM,15.0,H,ALA,2.0,-0.475,21.642,53.154,0.31,0.2245,10.99
ATOM,16.0,HA,ALA,2.0,-2.583,22.062,51.307,0.09,1.32,8.49
ATOM,17.0,HB1,ALA,2.0,-1.415,23.853,52.425,0.09,1.32,10.45
ATOM,18.0,HB2,ALA,2.0,-0.145,23.62,51.427,0.09,1.32,0.0
ATOM,19.0,HB3,ALA,2.0,-1.57,24.143,50.827,0.09,1.32,8.61
ATOM,20.0,N,ASN,3.0,-1.963,21.627,48.905,-0.47,1.85,0.58
ATOM,21.0,CA,ASN,3.0,-1.523,21.327,47.531,0.07,2.275,0.06
ATOM,22.0,C,ASN,3.0,-0.294,22.119,47.128,0.51,2.0,0.18
ATOM,23.0,O,ASN,3.0,-0.122,23.292,47.509,-0.51,1.7,16.21
ATOM,24.0,CB,ASN,3.0,-2.639,21.586,46.524,-0.18,2.175,15.01
ATOM,25.0,CG,ASN,3.0,-3.857,20.781,46.824,0.55,2.0,2.73
ATOM,26.0,H,ASN,3.0,-2.929,21.872,49.157,0.31,0.2245,5.17
ATOM,27.0,HA,ASN,3.0,-1.27,20.348,47.515,0.09,1.32,5.68
ATOM,28.0,HB2,ASN,3.0,-2.869,22.555,46.558,0.09,1.32,6.81
ATOM,29.0,HB3,ASN,3.0,-2.301,21.346,45.618,0.09,1.32,6.24
ATOM,30.0,OD1,ASN,3.0,-3.784,19.557,46.912,-0.55,1.7,36.81
ATOM,31.0,ND2,ASN,3.0,-4.997,21.457,47.013,-0.62,1.85,24.1
ATOM,32.0,HD22,ASN,3.0,-4.992,22.455,46.942,0.3,0.2245,16.57
ATOM,33.0,HD21,ASN,3.0,-5.838,20.969,47.221,0.32,0.2245,21.67
ATOM,34.0,N,LYS,4.0,0.591,21.469,46.379,-0.47,1.85,0.03
ATOM,35.0,CA,LYS,4.0,1.772,22.153,45.873,0.07,2.275,0.77
ATOM,36.0,C,LYS,4.0,1.749,22.059,44.376,0.51,2.0,1.53
ATOM,37.0,O,LYS,4.0,1.124,21.168,43.811,-0.51,1.7,6.59
ATOM,38.0,CB,LYS,4.0,3.08,21.517,46.387,-0.18,2.175,7.77
ATOM,39.0,CG,LYS,4.0,3.267,21.583,47.894,-0.18,2.175,10.2
ATOM,40.0,CD,LYS,4.0,3.76,22.957,48.4,-0.18,2.175,10.82
ATOM,41.0,CE,LYS,4.0,3.973,22.936,49.922,0.21,2.175,15.85
ATOM,42.0,NZ,LYS,4.0,3.545,24.154,50.661,-0.3,1.85,10.98
ATOM,43.0,H,LYS,4.0,0.374,20.479,46.197,0.31,0.2245,9.3
ATOM,44.0,HA,LYS,4.0,1.731,23.112,46.146,0.09,1.32,2.12
ATOM,45.0,HB2,LYS,4.0,3.083,20.557,46.109,0.09,1.32,9.45
ATOM,46.0,HB3,LYS,4.0,3.843,21.994,45.951,0.09,1.32,4.1
ATOM,47.0,HG2,LYS,4.0,2.39,21.38,48.347,0.09,1.32,0.0
ATOM,48.0,HG3,LYS,4.0,3.938,20.887,48.177,0.09,1.32,10.79
ATOM,49.0,HD2,LYS,4.0,4.622,23.162,47.963,0.09,1.32,10.17
ATOM,50.0,HD3,LYS,4.0,3.075,23.636,48.187,0.09,1.32,2.88
ATOM,51.0,HE2,LYS,4.0,3.477,22.127,50.3,0.05,1.32,5.39
ATOM,52.0,HE3,LYS,4.0,4.965,22.771,50.101,0.05,1.32,12.51
ATOM,53.0,HZ1,LYS,4.0,3.432,23.932,51.629,0.33,0.2245,17.52
ATOM,54.0,HZ2,LYS,4.0,4.24,24.865,50.56,0.33,0.2245,19.79
ATOM,55.0,HZ3,LYS,4.0,2.676,24.48,50.289,0.33,0.2245,7.51
ATOM,56.0,N,THR,5.0,2.447,22.979,43.75,-0.47,1.85,0.58
ATOM,57.0,CA,THR,5.0,2.647,22.895,42.312,0.07,2.275,0.0
ATOM,58.0,C,THR,5.0,3.399,21.605,41.949,0.51,2.0,0.0
ATOM,59.0,O,THR,5.0,4.419,21.278,42.564,-0.51,1.7,7.55
ATOM,60.0,CB,THR,5.0,3.365,24.137,41.857,0.14,2.275,6.92
ATOM,61.0,OG1,THR,5.0,2.499,25.251,42.186,-0.66,1.77,18.96
ATOM,62.0,CG2,THR,5.0,3.458,24.165,40.278,-0.27,2.06,6.64
ATOM,63.0,H,THR,5.0,2.826,23.736,44.339,0.31,0.2245,5.48
ATOM,64.0,HA,THR,5.0,1.751,22.868,41.86,0.09,1.32,0.0
ATOM,65.0,HB,THR,5.0,4.221,24.253,42.38,0.09,1.32,10.02
ATOM,66.0,HG21,THR,5.0,3.05,25.012,39.959,0.09,1.32,6.96
ATOM,67.0,HG22,THR,5.0,4.416,24.119,40.023,0.09,1.32,1.1
ATOM,68.0,HG23,THR,5.0,2.963,23.381,39.924,0.09,1.32,0.0
ATOM,69.0,HG1,THR,5.0,2.059,25.091,43.073,0.43,0.2245,11.8
ATOM,70.0,N,VAL,6.0,2.881,20.886,40.962,-0.47,1.85,0.0
ATOM,71.0,CA,VAL,6.0,3.432,19.571,40.54,0.07,2.275,0.27
ATOM,72.0,C,VAL,6.0,4.611,19.88,39.627,0.51,2.0,0.0
ATOM,73.0,O,VAL,6.0,4.445,20.674,38.69,-0.51,1.7,0.0
ATOM,74.0,CB,VAL,6.0,2.333,18.78,39.758,-0.09,2.275,0.0
ATOM,75.0,CG1,VAL,6.0,2.918,17.565,39.012,-0.27,2.06,0.0
ATOM,76.0,CG2,VAL,6.0,1.193,18.344,40.712,-0.27,2.06,11.8
ATOM,77.0,H,VAL,6.0,2.05,21.313,40.497,0.31,0.2245,0.0
ATOM,78.0,HA,VAL,6.0,3.77,19.115,41.346,0.09,1.32,1.18
ATOM,79.0,HB,VAL,6.0,1.962,19.393,39.065,0.09,1.32,0.0
ATOM,80.0,HG11,VAL,6.0,3.751,17.844,38.541,0.09,1.32,0.0
ATOM,81.0,HG12,VAL,6.0,3.125,16.848,39.672,0.09,1.32,0.0
ATOM,82.0,HG13,VAL,6.0,2.248,17.236,38.352,0.09,1.32,0.0
ATOM,83.0,HG21,VAL,6.0,1.347,17.397,40.977,0.09,1.32,0.74
ATOM,84.0,HG22,VAL,6.0,1.208,18.935,41.513,0.09,1.32,0.0
ATOM,85.0,HG23,VAL,6.0,0.326,18.434,40.231,0.09,1.32,0.0
ATOM,86.0,N,VAL,7.0,5.793,19.314,39.893,-0.47,1.85,0.0
ATOM,87.0,CA,VAL,7.0,6.965,19.601,39.075,0.07,2.275,0.0
ATOM,88.0,C,VAL,7.0,6.975,18.557,37.962,0.51,2.0,0.0
ATOM,89.0,O,VAL,7.0,7.055,17.353,38.236,-0.51,1.7,0.0
ATOM,90.0,CB,VAL,7.0,8.277,19.556,39.911,-0.09,2.275,0.55
ATOM,91.0,CG1,VAL,7.0,9.523,19.652,38.977,-0.27,2.06,6.09
ATOM,92.0,CG2,VAL,7.0,8.318,20.707,40.922,-0.27,2.06,27.69
ATOM,93.0,H,VAL,7.0,5.798,18.676,40.705,0.31,0.2245,0.0
ATOM,94.0,HA,VAL,7.0,6.848,20.491,38.66,0.09,1.32,0.0
ATOM,95.0,HB,VAL,7.0,8.327,18.671,40.351,0.09,1.32,0.24
ATOM,96.0,HG11,VAL,7.0,9.826,20.598,38.953,0.09,1.32,1.63
ATOM,97.0,HG12,VAL,7.0,10.238,19.067,39.344,0.09,1.32,0.0
ATOM,98.0,HG13,VAL,7.0,9.259,19.349,38.068,0.09,1.32,0.0
ATOM,99.0,HG21,VAL,7.0,8.528,21.555,40.44,0.09,1.32,4.44
ATOM,100.0,HG22,VAL,7.0,7.428,20.779,41.368,0.09,1.32,0.0
ATOM,101.0,HG23,VAL,7.0,9.025,20.518,41.601,0.09,1.32,10.18
ATOM,102.0,N,VAL,8.0,6.861,19.024,36.717,-0.47,1.85,0.0
ATOM,103.0,CA,VAL,8.0,6.833,18.137,35.579,0.07,2.275,0.0
ATOM,104.0,C,VAL,8.0,8.197,18.175,34.939,0.51,2.0,0.0
ATOM,105.0,O,VAL,8.0,8.716,19.272,34.66,-0.51,1.7,0.0
ATOM,106.0,CB,VAL,8.0,5.781,18.566,34.527,-0.09,2.275,0.0
ATOM,107.0,CG1,VAL,8.0,5.827,17.554,33.357,-0.27,2.06,0.0
ATOM,108.0,CG2,VAL,8.0,4.365,18.636,35.157,-0.27,2.06,0.11
ATOM,109.0,H,VAL,8.0,6.796,20.059,36.65,0.31,0.2245,0.0
ATOM,110.0,HA,VAL,8.0,6.666,17.209,35.904,0.09,1.32,0.0
ATOM,111.0,HB,VAL,8.0,6.058,19.434,34.158,0.09,1.32,0.0
ATOM,112.0,HG11,VAL,8.0,5.588,18.027,32.514,0.09,1.32,0.0
ATOM,113.0,HG12,VAL,8.0,6.748,17.181,33.291,0.09,1.32,0.0
ATOM,114.0,HG13,VAL,8.0,5.174,16.824,33.538,0.09,1.32,0.0
ATOM,115.0,HG21,VAL,8.0,4.462,18.799,36.134,0.09,1.32,0.0
ATOM,116.0,HG22,VAL,8.0,3.866,19.382,34.728,0.09,1.32,0.0
ATOM,117.0,HG23,VAL,8.0,3.904,17.769,34.994,0.09,1.32,0.0
ATOM,118.0,N,THR,9.0,8.811,17.011,34.732,-0.47,1.85,0.0
ATOM,119.0,CA,THR,9.0,10.082,16.986,34.0,0.07,2.275,0.0
ATOM,120.0,C,THR,9.0,9.752,16.557,32.586,0.51,2.0,0.0
ATOM,121.0,O,THR,9.0,8.857,15.702,32.319,-0.51,1.7,0.0
ATOM,122.0,CB,THR,9.0,11.175,16.141,34.666,0.14,2.275,0.0
ATOM,123.0,OG1,THR,9.0,12.354,16.133,33.823,-0.66,1.77,0.0
ATOM,124.0,CG2,THR,9.0,10.743,14.61,34.794,-0.27,2.06,0.0
ATOM,125.0,H,THR,9.0,8.345,16.184,35.107,0.31,0.2245,0.0
ATOM,126.0,HA,THR,9.0,10.45,17.904,33.979,0.09,1.32,0.0
ATOM,127.0,HB,THR,9.0,11.433,16.566,35.554,0.09,1.32,0.0
ATOM,128.0,HG21,THR,9.0,10.907,14.326,35.729,0.09,1.32,0.0
ATOM,129.0,HG22,THR,9.0,9.781,14.547,34.566,0.09,1.32,0.0
ATOM,130.0,HG23,THR,9.0,11.295,14.086,34.16,0.09,1.32,0.0
ATOM,131.0,HG1,THR,9.0,13.174,16.282,34.381,0.43,0.2245,0.0
ATOM,132.0,N,THR,10.0,10.385,17.263,31.672,-0.47,1.85,0.0
ATOM,133.0,CA,THR,10.0,10.189,16.956,30.245,0.07,2.275,0.0
ATOM,134.0,C,THR,10.0,11.462,17.259,29.492,0.51,2.0,0.0
ATOM,135.0,O,THR,10.0,12.469,17.614,30.101,-0.51,1.7,0.0
ATOM,136.0,CB,THR,10.0,8.924,17.631,29.703,0.14,2.275,0.61
ATOM,137.0,OG1,THR,10.0,8.6,17.097,28.408,-0.66,1.77,0.0
ATOM,138.0,CG2,THR,10.0,9.105,19.139,29.51,-0.27,2.06,0.09
ATOM,139.0,H,THR,10.0,10.998,18.01,32.014,0.31,0.2245,0.0
ATOM,140.0,HA,THR,10.0,9.986,15.98,30.162,0.09,1.32,0.0
ATOM,141.0,HB,THR,10.0,8.143,17.429,30.331,0.09,1.32,0.0
ATOM,142.0,HG21,THR,10.0,10.08,19.353,29.433,0.09,1.32,0.0
ATOM,143.0,HG22,THR,10.0,8.635,19.429,28.675,0.09,1.32,0.0
ATOM,144.0,HG23,THR,10.0,8.719,19.626,30.295,0.09,1.32,0.0
ATOM,145.0,HG1,THR,10.0,7.893,16.388,28.492,0.43,0.2245,0.0
ATOM,146.0,N,ILE,11.0,11.432,17.099,28.195,-0.47,1.85,0.0
ATOM,147.0,CA,ILE,11.0,12.673,17.177,27.427,0.07,2.275,0.0
ATOM,148.0,C,ILE,11.0,12.412,17.94,26.159,0.51,2.0,0.0
ATOM,149.0,O,ILE,11.0,11.318,17.872,25.596,-0.51,1.7,0.0
ATOM,150.0,CB,ILE,11.0,13.241,15.747,27.192,-0.09,2.275,0.0
ATOM,151.0,CG1,ILE,11.0,14.657,15.842,26.64,-0.18,2.175,3.94
ATOM,152.0,CG2,ILE,11.0,12.289,14.865,26.304,-0.27,2.06,0.0
ATOM,153.0,CD1,ILE,11.0,15.412,14.522,26.758,-0.27,2.06,2.83
ATOM,154.0,H,ILE,11.0,10.511,16.922,27.775,0.31,0.2245,0.0
ATOM,155.0,HA,ILE,11.0,13.303,17.724,27.977,0.09,1.32,0.0
ATOM,156.0,HB,ILE,11.0,13.275,15.293,28.071,0.09,1.32,0.0
ATOM,157.0,HG12,ILE,11.0,14.613,16.099,25.684,0.09,1.32,0.15
ATOM,158.0,HG13,ILE,11.0,15.152,16.533,27.151,0.09,1.32,0.19
ATOM,159.0,HG21,ILE,11.0,12.668,13.951,26.26,0.09,1.32,0.0
ATOM,160.0,HG22,ILE,11.0,11.394,14.854,26.728,0.09,1.32,0.0
ATOM,161.0,HG23,ILE,11.0,12.245,15.271,25.402,0.09,1.32,0.0
ATOM,162.0,HD11,ILE,11.0,14.923,13.821,26.246,0.09,1.32,0.0
ATOM,163.0,HD12,ILE,11.0,16.329,14.637,26.384,0.09,1.32,1.3
ATOM,164.0,HD13,ILE,11.0,15.467,14.264,27.719,0.09,1.32,0.0
ATOM,165.0,N,LEU,12.0,13.402,18.72,25.724,-0.47,1.85,0.0
ATOM,166.0,CA,LEU,12.0,13.211,19.456,24.462,0.07,2.275,0.0
ATOM,167.0,C,LEU,12.0,13.49,18.556,23.289,0.51,2.0,0.96
ATOM,168.0,O,LEU,12.0,14.655,18.264,22.979,-0.51,1.7,23.14
ATOM,169.0,CB,LEU,12.0,14.11,20.694,24.414,-0.18,2.175,6.04
ATOM,170.0,CG,LEU,12.0,13.735,21.763,25.426,-0.09,2.275,0.0
ATOM,171.0,CD1,LEU,12.0,14.825,22.843,25.526,-0.27,2.06,22.06
ATOM,172.0,CD2,LEU,12.0,12.36,22.384,25.101,-0.27,2.06,0.0
ATOM,173.0,H,LEU,12.0,14.237,18.76,26.295,0.31,0.2245,1.6
ATOM,174.0,HA,LEU,12.0,12.255,19.762,24.423,0.09,1.32,0.0
ATOM,175.0,HB2,LEU,12.0,15.034,20.405,24.608,0.09,1.32,6.42
ATOM,176.0,HB3,LEU,12.0,14.034,21.089,23.514,0.09,1.32,6.86
ATOM,177.0,HG,LEU,12.0,13.615,21.342,26.327,0.09,1.32,0.0
ATOM,178.0,HD11,LEU,12.0,14.941,23.273,24.633,0.09,1.32,8.05
ATOM,179.0,HD12,LEU,12.0,14.547,23.527,26.197,0.09,1.32,1.13
ATOM,180.0,HD13,LEU,12.0,15.681,22.417,25.811,0.09,1.32,7.95
ATOM,181.0,HD21,LEU,12.0,11.668,21.666,25.119,0.09,1.32,0.0
ATOM,182.0,HD22,LEU,12.0,12.149,23.079,25.784,0.09,1.32,0.0
ATOM,183.0,HD23,LEU,12.0,12.398,22.798,24.195,0.09,1.32,0.11
ATOM,184.0,N,GLU,13.0,12.405,18.114,22.662,-0.47,1.85,0.1
ATOM,185.0,CA,GLU,13.0,12.452,17.126,21.582,0.07,2.275,0.16
ATOM,186.0,C,GLU,13.0,11.27,17.466,20.737,0.51,2.0,0.0
ATOM,187.0,O,GLU,13.0,10.157,17.28,21.166,-0.51,1.7,0.0
ATOM,188.0,CB,GLU,13.0,12.29,15.729,22.181,-0.18,2.175,0.0
ATOM,189.0,CG,GLU,13.0,12.429,14.562,21.199,-0.28,2.175,1.17
ATOM,190.0,CD,GLU,13.0,13.864,14.295,20.807,0.62,2.0,0.86
ATOM,191.0,OE1,GLU,13.0,14.608,13.781,21.665,-0.76,1.7,9.37
ATOM,192.0,OE2,GLU,13.0,14.252,14.625,19.645,-0.76,1.7,7.98
ATOM,193.0,H,GLU,13.0,11.508,18.533,23.006,0.31,0.2245,0.0
ATOM,194.0,HA,GLU,13.0,13.286,17.232,21.075,0.09,1.32,2.16
ATOM,195.0,HB2,GLU,13.0,12.989,15.614,22.874,0.09,1.32,0.0
ATOM,196.0,HB3,GLU,13.0,11.384,15.672,22.577,0.09,1.32,0.0
ATOM,197.0,HG2,GLU,13.0,12.08,13.755,21.637,0.09,1.32,0.29
ATOM,198.0,HG3,GLU,13.0,11.931,14.79,20.384,0.09,1.32,0.0
ATOM,199.0,N,SER,14.0,11.485,18.024,19.548,-0.47,1.85,0.04
ATOM,200.0,CA,SER,14.0,10.354,18.369,18.665,0.07,2.275,0.0
ATOM,201.0,C,SER,14.0,9.696,17.088,18.099,0.51,2.0,0.0
ATOM,202.0,O,SER,14.0,10.432,16.135,17.773,-0.51,1.7,1.96
ATOM,203.0,CB,SER,14.0,10.857,19.194,17.476,0.05,2.175,8.37
ATOM,204.0,OG,SER,14.0,11.734,20.25,17.829,-0.66,1.77,20.4
ATOM,205.0,H,SER,14.0,12.469,18.189,19.303,0.31,0.2245,6.52
ATOM,206.0,HA,SER,14.0,9.666,18.845,19.214,0.09,1.32,0.0
ATOM,207.0,HB2,SER,14.0,11.335,18.577,16.837,0.09,1.32,4.9
ATOM,208.0,HB3,SER,14.0,10.059,19.584,16.997,0.09,1.32,0.0
ATOM,209.0,HG,SER,14.0,12.165,20.045,18.707,0.43,0.2245,8.6
ATOM,210.0,N,PRO,15.0,8.365,17.033,17.938,-0.29,1.85,0.0
ATOM,211.0,CA,PRO,15.0,7.438,18.124,18.239,0.02,2.275,0.0
ATOM,212.0,C,PRO,15.0,6.805,17.982,19.6,0.51,2.0,0.0
ATOM,213.0,O,PRO,15.0,5.712,18.529,19.79,-0.51,1.7,0.0
ATOM,214.0,CB,PRO,15.0,6.34,17.897,17.193,-0.18,2.175,0.49
ATOM,215.0,CG,PRO,15.0,6.228,16.394,17.167,-0.18,2.175,0.0
ATOM,216.0,CD,PRO,15.0,7.63,15.893,17.374,0.0,2.175,0.0
ATOM,217.0,HA,PRO,15.0,7.907,19.02,18.147,0.09,1.32,0.0
ATOM,218.0,HB2,PRO,15.0,5.485,18.309,17.482,0.09,1.32,0.0
ATOM,219.0,HB3,PRO,15.0,6.616,18.246,16.307,0.09,1.32,0.0
ATOM,220.0,HG2,PRO,15.0,5.62,16.08,17.899,0.09,1.32,0.0
ATOM,221.0,HG3,PRO,15.0,5.862,16.09,16.285,0.09,1.32,0.0
ATOM,222.0,HD2,PRO,15.0,7.65,15.111,18.01,0.09,1.32,0.0
ATOM,223.0,HD3,PRO,15.0,8.047,15.6,16.503,0.09,1.32,0.0
ATOM,224.0,N,TYR,16.0,7.462,17.304,20.543,-0.47,1.85,0.0
ATOM,225.0,CA,TYR,16.0,6.806,17.073,21.824,0.07,2.275,0.0
ATOM,226.0,C,TYR,16.0,6.919,18.307,22.722,0.51,2.0,0.0
ATOM,227.0,O,TYR,16.0,5.958,18.698,23.385,-0.51,1.7,0.0
ATOM,228.0,CB,TYR,16.0,7.402,15.828,22.519,-0.18,2.175,0.0
ATOM,229.0,CG,TYR,16.0,7.161,14.571,21.705,0.0,1.9924,0.0
ATOM,230.0,CD1,TYR,16.0,5.936,13.898,21.82,-0.115,1.9924,0.0
ATOM,231.0,CD2,TYR,16.0,8.134,14.062,20.803,-0.115,1.9924,0.0
ATOM,232.0,CE1,TYR,16.0,5.672,12.769,21.1,-0.115,1.9924,0.0
ATOM,233.0,CE2,TYR,16.0,7.862,12.902,20.035,-0.115,1.9924,0.12
ATOM,234.0,CZ,TYR,16.0,6.641,12.265,20.225,0.11,1.9924,0.0
ATOM,235.0,OH,TYR,16.0,6.303,11.145,19.537,-0.54,1.77,0.0
ATOM,236.0,H,TYR,16.0,8.397,16.987,20.3,0.31,0.2245,0.0
ATOM,237.0,HA,TYR,16.0,5.829,16.901,21.655,0.09,1.32,0.0
ATOM,238.0,HB2,TYR,16.0,8.373,15.963,22.609,0.09,1.32,0.0
ATOM,239.0,HB3,TYR,16.0,6.961,15.724,23.393,0.09,1.32,0.0
ATOM,240.0,HD1,TYR,16.0,5.244,14.266,22.452,0.115,1.3582,0.0
ATOM,241.0,HD2,TYR,16.0,9.001,14.518,20.71,0.115,1.3582,0.0
ATOM,242.0,HE1,TYR,16.0,4.794,12.292,21.185,0.115,1.3582,0.0
ATOM,243.0,HE2,TYR,16.0,8.524,12.567,19.391,0.115,1.3582,0.0
ATOM,244.0,HH,TYR,16.0,6.913,10.394,19.795,0.43,0.2245,0.0
ATOM,245.0,N,VAL,17.0,8.104,18.916,22.754,-0.47,1.85,0.0
ATOM,246.0,CA,VAL,17.0,8.305,20.106,23.593,0.07,2.275,0.0
ATOM,247.0,C,VAL,17.0,9.362,20.937,22.878,0.51,2.0,0.0
ATOM,248.0,O,VAL,17.0,10.467,20.447,22.591,-0.51,1.7,0.28
ATOM,249.0,CB,VAL,17.0,8.781,19.813,25.052,-0.09,2.275,0.0
ATOM,250.0,CG1,VAL,17.0,8.924,21.124,25.881,-0.27,2.06,0.0
ATOM,251.0,CG2,VAL,17.0,7.838,18.913,25.81,-0.27,2.06,0.61
ATOM,252.0,H,VAL,17.0,8.835,18.499,22.166,0.31,0.2245,0.0
ATOM,253.0,HA,VAL,17.0,7.463,20.619,23.606,0.09,1.32,0.0
ATOM,254.0,HB,VAL,17.0,9.689,19.414,24.999,0.09,1.32,0.0
ATOM,255.0,HG11,VAL,17.0,9.865,21.2,26.192,0.09,1.32,0.0
ATOM,256.0,HG12,VAL,17.0,8.688,21.894,25.298,0.09,1.32,0.0
ATOM,257.0,HG13,VAL,17.0,8.306,21.076,26.658,0.09,1.32,0.0
ATOM,258.0,HG21,VAL,17.0,6.919,18.979,25.416,0.09,1.32,0.0
ATOM,259.0,HG22,VAL,17.0,8.156,17.965,25.75,0.09,1.32,0.0
ATOM,260.0,HG23,VAL,17.0,7.806,19.192,26.772,0.09,1.32,0.0
ATOM,261.0,N,MET,18.0,9.005,22.176,22.557,-0.47,1.85,0.0
ATOM,262.0,CA,MET,18.0,9.93,23.104,21.921,0.07,2.275,0.75
ATOM,263.0,C,MET,18.0,9.804,24.456,22.616,0.51,2.0,0.0
ATOM,264.0,O,MET,18.0,8.71,24.826,23.079,-0.51,1.7,0.0
ATOM,265.0,CB,MET,18.0,9.535,23.282,20.441,-0.18,2.175,4.48
ATOM,266.0,CG,MET,18.0,9.407,21.922,19.708,-0.14,2.175,0.86
ATOM,267.0,SD,MET,18.0,8.648,21.812,18.051,-0.09,2.0,17.24
ATOM,268.0,CE,MET,18.0,6.894,21.827,18.56,-0.22,2.06,5.77
ATOM,269.0,H,MET,18.0,8.022,22.421,22.796,0.31,0.2245,0.0
ATOM,270.0,HA,MET,18.0,10.858,22.77,22.061,0.09,1.32,1.65
ATOM,271.0,HB2,MET,18.0,8.655,23.745,20.389,0.09,1.32,0.0
ATOM,272.0,HB3,MET,18.0,10.234,23.818,19.977,0.09,1.32,7.54
ATOM,273.0,HG2,MET,18.0,10.379,21.493,19.694,0.09,1.32,0.52
ATOM,274.0,HG3,MET,18.0,8.916,21.26,20.379,0.09,1.32,0.0
ATOM,275.0,HE1,MET,18.0,6.393,21.179,17.995,0.09,1.32,0.0
ATOM,276.0,HE2,MET,18.0,6.839,21.564,19.518,0.09,1.32,0.0
ATOM,277.0,HE3,MET,18.0,6.534,22.746,18.433,0.09,1.32,0.3
ATOM,278.0,N,MET,19.0,10.902,25.213,22.691,-0.47,1.85,0.06
ATOM,279.0,CA,MET,19.0,10.764,26.623,23.116,0.07,2.275,0.0
ATOM,280.0,C,MET,19.0,10.17,27.436,21.972,0.51,2.0,0.0
ATOM,281.0,O,MET,19.0,10.653,27.37,20.845,-0.51,1.7,18.51
ATOM,282.0,CB,MET,19.0,12.095,27.197,23.622,-0.18,2.175,3.27
ATOM,283.0,CG,MET,19.0,12.461,26.596,24.981,-0.14,2.175,0.83
ATOM,284.0,SD,MET,19.0,13.701,27.625,25.901,-0.09,2.0,25.48
ATOM,285.0,CE,MET,19.0,12.632,28.591,27.007,-0.22,2.06,9.76
ATOM,286.0,H,MET,19.0,11.779,24.769,22.448,0.31,0.2245,7.08
ATOM,287.0,HA,MET,19.0,10.128,26.649,23.884,0.09,1.32,0.0
ATOM,288.0,HB2,MET,19.0,12.814,26.975,22.974,0.09,1.32,9.7
ATOM,289.0,HB3,MET,19.0,12.008,28.181,23.725,0.09,1.32,0.0
ATOM,290.0,HG2,MET,19.0,11.616,26.497,25.54,0.09,1.32,0.0
ATOM,291.0,HG3,MET,19.0,12.83,25.658,24.842,0.09,1.32,0.0
ATOM,292.0,HE1,MET,19.0,13.007,29.51,27.097,0.09,1.32,2.23
ATOM,293.0,HE2,MET,19.0,11.716,28.633,26.616,0.09,1.32,0.0
ATOM,294.0,HE3,MET,19.0,12.603,28.146,27.898,0.09,1.32,0.4
ATOM,295.0,N,LYS,20.0,9.102,28.179,22.274,-0.47,1.85,0.0
ATOM,296.0,CA,LYS,20.0,8.451,29.074,21.321,0.07,2.275,0.0
ATOM,297.0,C,LYS,20.0,9.432,30.146,20.852,0.51,2.0,0.0
ATOM,298.0,O,LYS,20.0,10.362,30.529,21.566,-0.51,1.7,0.1
ATOM,299.0,CB,LYS,20.0,7.195,29.745,21.918,-0.18,2.175,0.48
ATOM,300.0,CG,LYS,20.0,6.006,28.811,22.219,-0.18,2.175,1.42
ATOM,301.0,CD,LYS,20.0,4.836,29.672,22.708,-0.18,2.175,1.83
ATOM,302.0,CE,LYS,20.0,3.664,28.853,23.244,0.21,2.175,6.87
ATOM,303.0,NZ,LYS,20.0,2.876,29.607,24.309,-0.3,1.85,6.17
ATOM,304.0,H,LYS,20.0,8.77,28.063,23.262,0.31,0.2245,0.0
ATOM,305.0,HA,LYS,20.0,8.152,28.541,20.525,0.09,1.32,0.21
ATOM,306.0,HB2,LYS,20.0,7.46,30.192,22.776,0.09,1.32,0.0
ATOM,307.0,HB3,LYS,20.0,6.881,30.445,21.271,0.09,1.32,0.38
ATOM,308.0,HG2,LYS,20.0,5.744,28.351,21.391,0.09,1.32,0.0
ATOM,309.0,HG3,LYS,20.0,6.264,28.184,22.93,0.09,1.32,0.0
ATOM,310.0,HD2,LYS,20.0,5.166,30.27,23.439,0.09,1.32,0.0
ATOM,311.0,HD3,LYS,20.0,4.51,30.23,21.944,0.09,1.32,6.58
ATOM,312.0,HE2,LYS,20.0,3.043,28.631,22.491,0.05,1.32,7.93
ATOM,313.0,HE3,LYS,20.0,4.01,28.006,23.649,0.05,1.32,0.0
ATOM,314.0,HZ1,LYS,20.0,2.678,28.981,25.055,0.33,0.2245,5.3
ATOM,315.0,HZ2,LYS,20.0,3.43,30.367,24.63,0.33,0.2245,0.0
ATOM,316.0,HZ3,LYS,20.0,2.033,29.938,23.9,0.33,0.2245,20.08
ATOM,317.0,N,LYS,21.0,9.22,30.607,19.623,-0.47,1.85,1.93
ATOM,318.0,CA,LYS,21.0,10.093,31.587,18.982,0.07,2.275,2.4
ATOM,319.0,C,LYS,21.0,10.191,32.825,19.855,0.51,2.0,0.0
ATOM,320.0,O,LYS,21.0,11.298,33.339,20.104,-0.51,1.7,18.21
ATOM,321.0,CB,LYS,21.0,9.517,31.961,17.595,-0.18,2.175,7.67
ATOM,322.0,CG,LYS,21.0,10.496,32.69,16.665,-0.18,2.175,7.08
ATOM,323.0,CD,LYS,21.0,9.876,32.902,15.261,-0.18,2.175,14.74
ATOM,324.0,CE,LYS,21.0,10.932,32.941,14.151,0.21,2.175,23.11
ATOM,325.0,NZ,LYS,21.0,11.518,34.306,14.025,-0.3,1.85,13.9
ATOM,326.0,H,LYS,21.0,8.374,30.208,19.154,0.31,0.2245,5.32
ATOM,327.0,HA,LYS,21.0,11.007,31.189,18.878,0.09,1.32,8.39
ATOM,328.0,HB2,LYS,21.0,9.228,31.118,17.145,0.09,1.32,8.11
ATOM,329.0,HB3,LYS,21.0,8.725,32.552,17.741,0.09,1.32,4.01
ATOM,330.0,HG2,LYS,21.0,10.711,33.581,17.05,0.09,1.32,6.36
ATOM,331.0,HG3,LYS,21.0,11.321,32.145,16.565,0.09,1.32,7.25
ATOM,332.0,HD2,LYS,21.0,9.25,32.15,15.08,0.09,1.32,8.39
ATOM,333.0,HD3,LYS,21.0,9.384,33.767,15.263,0.09,1.32,8.58
ATOM,334.0,HE2,LYS,21.0,11.654,32.289,14.373,0.05,1.32,8.8
ATOM,335.0,HE3,LYS,21.0,10.5,32.685,13.289,0.05,1.32,11.27
ATOM,336.0,HZ1,LYS,21.0,12.336,34.368,14.595,0.33,0.2245,17.19
ATOM,337.0,HZ2,LYS,21.0,11.76,34.475,13.07,0.33,0.2245,20.51
ATOM,338.0,HZ3,LYS,21.0,10.847,34.983,14.325,0.33,0.2245,14.96
ATOM,339.0,N,ASN,22.0,9.026,33.231,20.362,-0.47,1.85,0.0
ATOM,340.0,CA,ASN,22.0,8.853,34.449,21.14,0.07,2.275,1.6
ATOM,341.0,C,ASN,22.0,8.938,34.155,22.655,0.51,2.0,0.0
ATOM,342.0,O,ASN,22.0,8.361,34.881,23.465,-0.51,1.7,0.0
ATOM,343.0,CB,ASN,22.0,7.507,35.098,20.788,-0.18,2.175,8.49
ATOM,344.0,CG,ASN,22.0,6.326,34.148,20.966,0.55,2.0,2.34
ATOM,345.0,H,ASN,22.0,8.225,32.578,20.145,0.31,0.2245,0.0
ATOM,346.0,HA,ASN,22.0,9.622,35.059,20.926,0.09,1.32,7.09
ATOM,347.0,HB2,ASN,22.0,7.371,35.884,21.384,0.09,1.32,0.0
ATOM,348.0,HB3,ASN,22.0,7.538,35.388,19.836,0.09,1.32,9.87
ATOM,349.0,OD1,ASN,22.0,6.48,32.921,20.897,-0.55,1.7,5.81
ATOM,350.0,ND2,ASN,22.0,5.14,34.716,21.202,-0.62,1.85,15.85
ATOM,351.0,HD22,ASN,22.0,5.069,35.713,21.246,0.3,0.2245,10.71
ATOM,352.0,HD21,ASN,22.0,4.332,34.148,21.332,0.32,0.2245,14.18
ATOM,353.0,N,HIS,23.0,9.673,33.094,23.018,-0.47,1.85,0.0
ATOM,354.0,CA,HIS,23.0,9.75,32.608,24.406,0.07,2.275,0.0
ATOM,355.0,C,HIS,23.0,10.236,33.68,25.39,0.51,2.0,0.0
ATOM,356.0,O,HIS,23.0,9.837,33.689,26.554,-0.51,1.7,1.11
ATOM,357.0,CB,HIS,23.0,10.582,31.287,24.52,-0.09,2.175,0.0
ATOM,358.0,CG,HIS,23.0,12.063,31.437,24.261,-0.05,1.8,0.0
ATOM,359.0,H,HIS,23.0,10.187,32.641,22.231,0.31,0.2245,0.0
ATOM,360.0,HA,HIS,23.0,8.822,32.318,24.69,0.09,1.32,0.0
ATOM,361.0,HB2,HIS,23.0,10.457,30.915,25.448,0.09,1.32,0.0
ATOM,362.0,HB3,HIS,23.0,10.209,30.624,23.86,0.09,1.32,0.0
ATOM,363.0,ND1,HIS,23.0,12.967,31.745,25.257,-0.36,1.85,0.0
ATOM,364.0,CD2,HIS,23.0,12.795,31.285,23.126,0.22,1.8,3.87
ATOM,365.0,CE1,HIS,23.0,14.189,31.785,24.746,0.25,1.8,7.59
ATOM,366.0,NE2,HIS,23.0,14.111,31.509,23.455,-0.7,1.85,24.13
ATOM,367.0,HD1,HIS,23.0,12.735,31.911,26.215,0.32,0.2245,4.67
ATOM,368.0,HD2,HIS,23.0,12.443,31.055,22.223,0.1,1.468,2.17
ATOM,369.0,HE1,HIS,23.0,15.023,31.989,25.248,0.13,0.9,8.13
ATOM,370.0,N,GLU,24.0,11.08,34.588,24.913,-0.47,1.85,0.0
ATOM,371.0,CA,GLU,24.0,11.653,35.612,25.784,0.07,2.275,0.21
ATOM,372.0,C,GLU,24.0,10.583,36.601,26.202,0.51,2.0,0.0
ATOM,373.0,O,GLU,24.0,10.778,37.353,27.156,-0.51,1.7,27.15
ATOM,374.0,CB,GLU,24.0,12.816,36.352,25.11,-0.18,2.175,12.01
ATOM,375.0,CG,GLU,24.0,13.919,35.432,24.6,-0.28,2.175,10.74
ATOM,376.0,CD,GLU,24.0,14.999,35.089,25.63,0.62,2.0,3.11
ATOM,377.0,OE1,GLU,24.0,14.92,35.534,26.802,-0.76,1.7,35.19
ATOM,378.0,OE2,GLU,24.0,15.961,34.358,25.256,-0.76,1.7,32.21
ATOM,379.0,H,GLU,24.0,11.29,34.51,23.905,0.31,0.2245,0.26
ATOM,380.0,HA,GLU,24.0,12.05,35.177,26.598,0.09,1.32,4.1
ATOM,381.0,HB2,GLU,24.0,12.452,36.838,24.337,0.09,1.32,4.86
ATOM,382.0,HB3,GLU,24.0,13.214,36.953,25.777,0.09,1.32,5.17
ATOM,383.0,HG2,GLU,24.0,13.505,34.579,24.316,0.09,1.32,0.0
ATOM,384.0,HG3,GLU,24.0,14.372,35.878,23.841,0.09,1.32,11.15
ATOM,385.0,N,MET,25.0,9.465,36.625,25.478,-0.47,1.85,0.0
ATOM,386.0,CA,MET,25.0,8.381,37.557,25.815,0.07,2.275,2.38
ATOM,387.0,C,MET,25.0,7.266,36.908,26.629,0.51,2.0,2.16
ATOM,388.0,O,MET,25.0,6.218,37.533,26.884,-0.51,1.7,24.16
ATOM,389.0,CB,MET,25.0,7.818,38.147,24.554,-0.18,2.175,1.57
ATOM,390.0,CG,MET,25.0,8.889,38.931,23.777,-0.14,2.175,12.29
ATOM,391.0,SD,MET,25.0,8.205,39.449,22.213,-0.09,2.0,29.82
ATOM,392.0,CE,MET,25.0,6.625,40.022,22.622,-0.22,2.06,38.76
ATOM,393.0,H,MET,25.0,9.428,35.962,24.695,0.31,0.2245,0.0
ATOM,394.0,HA,MET,25.0,8.778,38.306,26.37,0.09,1.32,6.09
ATOM,395.0,HB2,MET,25.0,7.478,37.422,23.957,0.09,1.32,0.0
ATOM,396.0,HB3,MET,25.0,7.076,38.779,24.772,0.09,1.32,1.77
ATOM,397.0,HG2,MET,25.0,9.172,39.72,24.338,0.09,1.32,10.98
ATOM,398.0,HG3,MET,25.0,9.691,38.332,23.651,0.09,1.32,1.11
ATOM,399.0,HE1,MET,25.0,6.004,39.256,22.848,0.09,1.32,5.05
ATOM,400.0,HE2,MET,25.0,6.655,40.639,23.423,0.09,1.32,9.95
ATOM,401.0,HE3,MET,25.0,6.211,40.535,21.855,0.09,1.32,11.9
ATOM,402.0,N,LEU,26.0,7.514,35.661,27.042,-0.47,1.85,0.17
ATOM,403.0,CA,LEU,26.0,6.534,34.848,27.775,0.07,2.275,0.07
ATOM,404.0,C,LEU,26.0,7.132,34.341,29.063,0.51,2.0,0.1
ATOM,405.0,O,LEU,26.0,8.325,34.46,29.265,-0.51,1.7,11.29
ATOM,406.0,CB,LEU,26.0,6.143,33.67,26.914,-0.18,2.175,0.0
ATOM,407.0,CG,LEU,26.0,5.53,34.107,25.578,-0.09,2.275,0.0
ATOM,408.0,CD1,LEU,26.0,5.351,32.921,24.704,-0.27,2.06,1.64
ATOM,409.0,CD2,LEU,26.0,4.198,34.847,25.838,-0.27,2.06,30.65
ATOM,410.0,H,LEU,26.0,8.469,35.311,26.798,0.31,0.2245,0.0
ATOM,411.0,HA,LEU,26.0,5.743,35.429,27.988,0.09,1.32,1.99
ATOM,412.0,HB2,LEU,26.0,6.949,33.15,26.707,0.09,1.32,0.0
ATOM,413.0,HB3,LEU,26.0,5.464,33.144,27.388,0.09,1.32,0.0
ATOM,414.0,HG,LEU,26.0,6.146,34.767,25.151,0.09,1.32,0.0
ATOM,415.0,HD11,LEU,26.0,4.74,32.25,25.14,0.09,1.32,0.0
ATOM,416.0,HD12,LEU,26.0,4.949,33.19,23.821,0.09,1.32,0.01
ATOM,417.0,HD13,LEU,26.0,6.236,32.476,24.527,0.09,1.32,0.0
ATOM,418.0,HD21,LEU,26.0,4.379,35.648,26.403,0.09,1.32,1.36
ATOM,419.0,HD22,LEU,26.0,3.808,35.126,24.964,0.09,1.32,6.38
ATOM,420.0,HD23,LEU,26.0,3.573,34.23,26.309,0.09,1.32,2.66
ATOM,421.0,N,GLU,27.0,6.302,33.742,29.906,-0.47,1.85,0.0
ATOM,422.0,CA,GLU,27.0,6.709,33.275,31.24,0.07,2.275,0.45
ATOM,423.0,C,GLU,27.0,6.29,31.822,31.474,0.51,2.0,0.0
ATOM,424.0,O,GLU,27.0,5.249,31.391,30.982,-0.51,1.7,0.17
ATOM,425.0,CB,GLU,27.0,5.916,34.025,32.302,-0.18,2.175,7.77
ATOM,426.0,CG,GLU,27.0,6.01,35.506,32.235,-0.28,2.175,13.28
ATOM,427.0,CD,GLU,27.0,5.379,36.102,33.459,0.62,2.0,4.32
ATOM,428.0,OE1,GLU,27.0,6.128,36.244,34.455,-0.76,1.7,43.19
ATOM,429.0,OE2,GLU,27.0,4.154,36.403,33.389,-0.76,1.7,45.94
ATOM,430.0,H,GLU,27.0,5.326,33.626,29.545,0.31,0.2245,2.24
ATOM,431.0,HA,GLU,27.0,7.709,33.355,31.332,0.09,1.32,3.47
ATOM,432.0,HB2,GLU,27.0,4.963,33.767,32.193,0.09,1.32,1.46
ATOM,433.0,HB3,GLU,27.0,6.257,33.73,33.187,0.09,1.32,5.74
ATOM,434.0,HG2,GLU,27.0,6.949,35.766,32.23,0.09,1.32,7.94
ATOM,435.0,HG3,GLU,27.0,5.511,35.824,31.461,0.09,1.32,5.15
ATOM,436.0,N,GLY,28.0,7.046,31.113,32.308,-0.47,1.85,1.26
ATOM,437.0,CA,GLY,28.0,6.579,29.806,32.797,-0.02,2.175,5.87
ATOM,438.0,C,GLY,28.0,6.193,28.837,31.692,0.51,2.0,0.0
ATOM,439.0,O,GLY,28.0,6.882,28.723,30.654,-0.51,1.7,0.0
ATOM,440.0,H,GLY,28.0,7.942,31.535,32.57,0.31,0.2245,9.01
ATOM,441.0,HA2,GLY,28.0,7.311,29.39,33.37,0.09,1.32,0.0
ATOM,442.0,HA3,GLY,28.0,5.78,29.953,33.411,0.09,1.32,8.55
ATOM,443.0,N,ASN,29.0,5.049,28.163,31.865,-0.47,1.85,0.0
ATOM,444.0,CA,ASN,29.0,4.66,27.114,30.899,0.07,2.275,0.0
ATOM,445.0,C,ASN,29.0,4.405,27.644,29.512,0.51,2.0,0.18
ATOM,446.0,O,ASN,29.0,4.514,26.91,28.506,-0.51,1.7,1.5
ATOM,447.0,CB,ASN,29.0,3.438,26.32,31.405,-0.18,2.175,5.71
ATOM,448.0,CG,ASN,29.0,3.704,25.625,32.739,0.55,2.0,0.19
ATOM,449.0,H,ASN,29.0,4.495,28.423,32.682,0.31,0.2245,5.85
ATOM,450.0,HA,ASN,29.0,5.445,26.472,30.844,0.09,1.32,0.0
ATOM,451.0,HB2,ASN,29.0,2.682,26.953,31.524,0.09,1.32,0.51
ATOM,452.0,HB3,ASN,29.0,3.213,25.629,30.727,0.09,1.32,0.53
ATOM,453.0,OD1,ASN,29.0,4.847,25.466,33.165,-0.55,1.7,0.0
ATOM,454.0,ND2,ASN,29.0,2.62,25.221,33.422,-0.62,1.85,9.23
ATOM,455.0,HD22,ASN,29.0,1.712,25.38,33.04,0.3,0.2245,8.74
ATOM,456.0,HD21,ASN,29.0,2.729,24.767,34.3,0.32,0.2245,0.0
ATOM,457.0,N,GLU,30.0,4.087,28.931,29.45,-0.47,1.85,0.0
ATOM,458.0,CA,GLU,30.0,3.772,29.554,28.161,0.07,2.275,0.11
ATOM,459.0,C,GLU,30.0,5.007,29.697,27.249,0.51,2.0,0.0
ATOM,460.0,O,GLU,30.0,4.881,29.986,26.048,-0.51,1.7,0.0
ATOM,461.0,CB,GLU,30.0,3.082,30.899,28.417,-0.18,2.175,0.78
ATOM,462.0,CG,GLU,30.0,1.653,30.742,28.9,-0.28,2.175,19.61
ATOM,463.0,CD,GLU,30.0,1.578,30.718,30.403,0.62,2.0,3.36
ATOM,464.0,OE1,GLU,30.0,2.095,31.667,31.054,-0.76,1.7,24.37
ATOM,465.0,OE2,GLU,30.0,1.021,29.734,30.928,-0.76,1.7,31.65
ATOM,466.0,H,GLU,30.0,4.081,29.434,30.346,0.31,0.2245,0.0
ATOM,467.0,HA,GLU,30.0,3.071,29.004,27.681,0.09,1.32,2.41
ATOM,468.0,HB2,GLU,30.0,3.587,31.363,29.116,0.09,1.32,0.0
ATOM,469.0,HB3,GLU,30.0,3.061,31.389,27.57,0.09,1.32,0.56
ATOM,470.0,HG2,GLU,30.0,1.136,31.512,28.584,0.09,1.32,10.68
ATOM,471.0,HG3,GLU,30.0,1.307,29.888,28.568,0.09,1.32,6.67
ATOM,472.0,N,ARG,31.0,6.202,29.464,27.795,-0.47,1.85,0.0
ATOM,473.0,CA,ARG,31.0,7.402,29.475,26.976,0.07,2.275,0.0
ATOM,474.0,C,ARG,31.0,7.518,28.338,25.988,0.51,2.0,0.0
ATOM,475.0,O,ARG,31.0,8.252,28.443,25.027,-0.51,1.7,0.0
ATOM,476.0,CB,ARG,31.0,8.653,29.445,27.842,-0.18,2.175,0.0
ATOM,477.0,CG,ARG,31.0,8.897,30.697,28.665,-0.18,2.175,0.0
ATOM,478.0,CD,ARG,31.0,9.967,30.488,29.736,0.2,2.175,4.23
ATOM,479.0,NE,ARG,31.0,9.558,29.513,30.761,-0.7,1.85,0.0
ATOM,480.0,CZ,ARG,31.0,10.377,28.952,31.632,0.64,2.0,0.32
ATOM,481.0,NH1,ARG,31.0,11.678,29.28,31.643,-0.8,1.85,18.1
ATOM,482.0,NH2,ARG,31.0,9.911,28.071,32.524,-0.8,1.85,2.03
ATOM,483.0,H,ARG,31.0,6.193,29.283,28.81,0.31,0.2245,0.0
ATOM,484.0,HA,ARG,31.0,7.43,30.361,26.457,0.09,1.32,0.0
ATOM,485.0,HB2,ARG,31.0,8.58,28.671,28.473,0.09,1.32,0.0
ATOM,486.0,HB3,ARG,31.0,9.445,29.31,27.245,0.09,1.32,0.0
ATOM,487.0,HG2,ARG,31.0,9.202,31.438,28.067,0.09,1.32,0.0
ATOM,488.0,HG3,ARG,31.0,8.052,30.965,29.126,0.09,1.32,0.0
ATOM,489.0,HD2,ARG,31.0,10.794,30.161,29.287,0.09,1.32,0.0
ATOM,490.0,HD3,ARG,31.0,10.141,31.367,30.173,0.09,1.32,5.73
ATOM,491.0,HE,ARG,31.0,8.581,29.261,30.793,0.44,0.2245,0.0
ATOM,492.0,HH11,ARG,31.0,12.034,29.96,31.012,0.46,0.2245,9.1
ATOM,493.0,HH12,ARG,31.0,12.291,28.831,32.298,0.46,0.2245,17.11
ATOM,494.0,HH21,ARG,31.0,8.932,27.86,32.533,0.46,0.2245,0.0
ATOM,495.0,HH22,ARG,31.0,10.53,27.636,33.167,0.46,0.2245,6.82
ATOM,496.0,N,TYR,32.0,6.744,27.28,26.209,-0.47,1.85,0.0
ATOM,497.0,CA,TYR,32.0,6.897,26.008,25.509,0.07,2.275,0.0
ATOM,498.0,C,TYR,32.0,5.634,25.68,24.715,0.51,2.0,0.0
ATOM,499.0,O,TYR,32.0,4.531,26.104,25.06,-0.51,1.7,1.81
ATOM,500.0,CB,TYR,32.0,7.123,24.893,26.544,-0.18,2.175,0.0
ATOM,501.0,CG,TYR,32.0,8.321,25.168,27.462,0.0,1.9924,0.0
ATOM,502.0,CD1,TYR,32.0,9.639,25.002,27.001,-0.115,1.9924,0.0
ATOM,503.0,CD2,TYR,32.0,8.136,25.617,28.755,-0.115,1.9924,0.06
ATOM,504.0,CE1,TYR,32.0,10.744,25.254,27.837,-0.115,1.9924,0.0
ATOM,505.0,CE2,TYR,32.0,9.225,25.87,29.593,-0.115,1.9924,0.0
ATOM,506.0,CZ,TYR,32.0,10.518,25.669,29.142,0.11,1.9924,0.0
ATOM,507.0,OH,TYR,32.0,11.619,25.943,29.941,-0.54,1.77,6.81
ATOM,508.0,H,TYR,32.0,6.004,27.438,26.939,0.31,0.2245,0.0
ATOM,509.0,HA,TYR,32.0,7.66,26.093,24.86,0.09,1.32,0.0
ATOM,510.0,HB2,TYR,32.0,6.315,24.822,27.11,0.09,1.32,0.0
ATOM,511.0,HB3,TYR,32.0,7.298,24.047,26.062,0.09,1.32,0.0
ATOM,512.0,HD1,TYR,32.0,9.799,24.699,26.064,0.115,1.3582,0.0
ATOM,513.0,HD2,TYR,32.0,7.213,25.767,29.104,0.115,1.3582,0.0
ATOM,514.0,HE1,TYR,32.0,11.667,25.136,27.49,0.115,1.3582,0.05
ATOM,515.0,HE2,TYR,32.0,9.064,26.199,30.528,0.115,1.3582,0.0
ATOM,516.0,HH,TYR,32.0,12.065,25.084,30.18,0.43,0.2245,3.26
ATOM,517.0,N,GLU,33.0,5.832,24.896,23.675,-0.47,1.85,0.0
ATOM,518.0,CA,GLU,33.0,4.752,24.361,22.863,0.07,2.275,0.02
ATOM,519.0,C,GLU,33.0,5.086,22.948,22.407,0.51,2.0,0.0
ATOM,520.0,O,GLU,33.0,6.24,22.517,22.455,-0.51,1.7,0.0
ATOM,521.0,CB,GLU,33.0,4.484,25.295,21.671,-0.18,2.175,4.76
ATOM,522.0,CG,GLU,33.0,5.593,25.309,20.632,-0.28,2.175,0.0
ATOM,523.0,CD,GLU,33.0,5.288,26.247,19.484,0.62,2.0,0.47
ATOM,524.0,OE1,GLU,33.0,4.102,26.603,19.276,-0.76,1.7,24.75
ATOM,525.0,OE2,GLU,33.0,6.256,26.622,18.806,-0.76,1.7,26.02
ATOM,526.0,H,GLU,33.0,6.844,24.687,23.479,0.31,0.2245,0.0
ATOM,527.0,HA,GLU,33.0,3.899,24.348,23.395,0.09,1.32,1.45
ATOM,528.0,HB2,GLU,33.0,3.662,24.982,21.23,0.09,1.32,1.48
ATOM,529.0,HB3,GLU,33.0,4.392,26.208,22.025,0.09,1.32,0.0
ATOM,530.0,HG2,GLU,33.0,6.415,25.623,21.064,0.09,1.32,0.0
ATOM,531.0,HG3,GLU,33.0,5.682,24.405,20.263,0.09,1.32,0.0
ATOM,532.0,N,GLY,34.0,4.062,22.217,22.004,-0.47,1.85,0.0
ATOM,533.0,CA,GLY,34.0,4.313,20.91,21.407,-0.02,2.175,0.0
ATOM,534.0,C,GLY,34.0,3.272,19.92,21.891,0.51,2.0,0.0
ATOM,535.0,O,GLY,34.0,2.467,20.211,22.784,-0.51,1.7,0.0
ATOM,536.0,H,GLY,34.0,3.134,22.622,22.139,0.31,0.2245,0.43
ATOM,537.0,HA2,GLY,34.0,4.267,20.984,20.409,0.09,1.32,0.0
ATOM,538.0,HA3,GLY,34.0,5.226,20.592,21.67,0.09,1.32,0.0
ATOM,539.0,N,TYR,35.0,3.34,18.704,21.365,-0.47,1.85,0.0
ATOM,540.0,CA,TYR,35.0,2.399,17.641,21.75,0.07,2.275,0.0
ATOM,541.0,C,TYR,35.0,2.347,17.389,23.263,0.51,2.0,0.0
ATOM,542.0,O,TYR,35.0,1.268,17.218,23.841,-0.51,1.7,0.0
ATOM,543.0,CB,TYR,35.0,2.84,16.354,21.054,-0.18,2.175,0.0
ATOM,544.0,CG,TYR,35.0,2.017,15.111,21.39,0.0,1.9924,0.0
ATOM,545.0,CD1,TYR,35.0,1.065,14.637,20.514,-0.115,1.9924,0.0
ATOM,546.0,CD2,TYR,35.0,2.276,14.382,22.564,-0.115,1.9924,0.0
ATOM,547.0,CE1,TYR,35.0,0.334,13.473,20.798,-0.115,1.9924,0.0
ATOM,548.0,CE2,TYR,35.0,1.569,13.24,22.858,-0.115,1.9924,0.0
ATOM,549.0,CZ,TYR,35.0,0.601,12.792,21.982,0.11,1.9924,0.0
ATOM,550.0,OH,TYR,35.0,-0.083,11.643,22.299,-0.54,1.77,0.0
ATOM,551.0,H,TYR,35.0,4.098,18.565,20.671,0.31,0.2245,0.0
ATOM,552.0,HA,TYR,35.0,1.471,17.92,21.449,0.09,1.32,0.0
ATOM,553.0,HB2,TYR,35.0,2.787,16.495,20.063,0.09,1.32,0.0
ATOM,554.0,HB3,TYR,35.0,3.791,16.166,21.309,0.09,1.32,0.0
ATOM,555.0,HD1,TYR,35.0,0.88,15.121,19.657,0.115,1.3582,0.0
ATOM,556.0,HD2,TYR,35.0,2.986,14.707,23.184,0.115,1.3582,0.0
ATOM,557.0,HE1,TYR,35.0,-0.355,13.146,20.166,0.115,1.3582,0.0
ATOM,558.0,HE2,TYR,35.0,1.752,12.733,23.703,0.115,1.3582,0.0
ATOM,559.0,HH,TYR,35.0,-0.948,11.627,21.799,0.43,0.2245,1.33
ATOM,560.0,N,CYS,36.0,3.528,17.295,23.898,-0.47,1.85,0.0
ATOM,561.0,CA,CYS,36.0,3.569,17.063,25.356,0.07,2.275,0.0
ATOM,562.0,C,CYS,36.0,3.145,18.234,26.228,0.51,2.0,0.24
ATOM,563.0,O,CYS,36.0,2.637,18.031,27.338,-0.51,1.7,0.68
ATOM,564.0,CB,CYS,36.0,4.936,16.457,25.828,-0.11,2.175,0.22
ATOM,565.0,SG,CYS,36.0,5.094,14.711,25.338,-0.23,2.0,0.0
ATOM,566.0,H,CYS,36.0,4.357,17.394,23.309,0.31,0.2245,0.0
ATOM,567.0,HA,CYS,36.0,2.946,16.274,25.557,0.09,1.32,0.0
ATOM,568.0,HB2,CYS,36.0,5.652,16.97,25.399,0.09,1.32,0.0
ATOM,569.0,HB3,CYS,36.0,4.962,16.512,26.806,0.09,1.32,0.38
ATOM,570.0,HG,CYS,36.0,6.059,14.494,25.208,0.16,0.45,0.0
ATOM,571.0,N,VAL,37.0,3.318,19.459,25.73,-0.47,1.85,0.0
ATOM,572.0,CA,VAL,37.0,2.783,20.623,26.412,0.07,2.275,0.2
ATOM,573.0,C,VAL,37.0,1.258,20.576,26.427,0.51,2.0,0.0
ATOM,574.0,O,VAL,37.0,0.626,20.774,27.484,-0.51,1.7,0.0
ATOM,575.0,CB,VAL,37.0,3.309,21.899,25.709,-0.09,2.275,0.0
ATOM,576.0,CG1,VAL,37.0,2.68,23.145,26.365,-0.27,2.06,14.41
ATOM,577.0,CG2,VAL,37.0,4.877,21.936,25.825,-0.27,2.06,0.0
ATOM,578.0,H,VAL,37.0,3.85,19.499,24.845,0.31,0.2245,0.0
ATOM,579.0,HA,VAL,37.0,3.1,20.606,27.366,0.09,1.32,0.0
ATOM,580.0,HB,VAL,37.0,2.993,21.881,24.773,0.09,1.32,0.0
ATOM,581.0,HG11,VAL,37.0,1.698,23.139,26.196,0.09,1.32,3.03
ATOM,582.0,HG12,VAL,37.0,2.857,23.119,27.345,0.09,1.32,0.0
ATOM,583.0,HG13,VAL,37.0,3.089,23.962,25.967,0.09,1.32,0.0
ATOM,584.0,HG21,VAL,37.0,5.214,22.618,25.188,0.09,1.32,0.0
ATOM,585.0,HG22,VAL,37.0,5.108,22.177,26.759,0.09,1.32,0.0
ATOM,586.0,HG23,VAL,37.0,5.221,21.035,25.595,0.09,1.32,0.0
ATOM,587.0,N,ASP,38.0,0.668,20.326,25.255,-0.47,1.85,0.0
ATOM,588.0,CA,ASP,38.0,-0.786,20.159,25.143,0.07,2.275,1.32
ATOM,589.0,C,ASP,38.0,-1.269,18.986,26.006,0.51,2.0,0.0
ATOM,590.0,O,ASP,38.0,-2.3,19.098,26.672,-0.51,1.7,0.97
ATOM,591.0,CB,ASP,38.0,-1.117,19.886,23.695,-0.28,2.175,3.04
ATOM,592.0,CG,ASP,38.0,-0.962,21.105,22.84,0.62,2.0,1.68
ATOM,593.0,OD1,ASP,38.0,-0.786,22.24,23.386,-0.76,1.7,20.55
ATOM,594.0,OD2,ASP,38.0,-1.022,21.001,21.589,-0.76,1.7,0.0
ATOM,595.0,H,ASP,38.0,1.313,20.261,24.447,0.31,0.2245,0.0
ATOM,596.0,HA,ASP,38.0,-1.21,20.99,25.516,0.09,1.32,2.08
ATOM,597.0,HB2,ASP,38.0,-0.501,19.178,23.363,0.09,1.32,0.0
ATOM,598.0,HB3,ASP,38.0,-2.06,19.573,23.645,0.09,1.32,0.97
ATOM,599.0,N,LEU,39.0,-0.522,17.876,26.002,-0.47,1.85,0.0
ATOM,600.0,CA,LEU,39.0,-0.923,16.706,26.775,0.07,2.275,0.0
ATOM,601.0,C,LEU,39.0,-0.897,17.013,28.274,0.51,2.0,0.0
ATOM,602.0,O,LEU,39.0,-1.852,16.709,28.994,-0.51,1.7,0.0
ATOM,603.0,CB,LEU,39.0,-0.044,15.497,26.429,-0.18,2.175,0.0
ATOM,604.0,CG,LEU,39.0,-0.301,14.242,27.285,-0.09,2.275,0.0
ATOM,605.0,CD1,LEU,39.0,-1.777,13.819,27.165,-0.27,2.06,0.0
ATOM,606.0,CD2,LEU,39.0,0.653,13.091,26.873,-0.27,2.06,0.0
ATOM,607.0,H,LEU,39.0,0.33,17.924,25.424,0.31,0.2245,0.0
ATOM,608.0,HA,LEU,39.0,-1.863,16.458,26.521,0.09,1.32,0.0
ATOM,609.0,HB2,LEU,39.0,-0.219,15.25,25.487,0.09,1.32,0.0
ATOM,610.0,HB3,LEU,39.0,0.9,15.756,26.563,0.09,1.32,0.0
ATOM,611.0,HG,LEU,39.0,-0.097,14.45,28.235,0.09,1.32,0.0
ATOM,612.0,HD11,LEU,39.0,-1.981,13.618,26.21,0.09,1.32,0.0
ATOM,613.0,HD12,LEU,39.0,-1.929,13.007,27.723,0.09,1.32,0.0
ATOM,614.0,HD13,LEU,39.0,-2.356,14.565,27.486,0.09,1.32,0.0
ATOM,615.0,HD21,LEU,39.0,1.593,13.391,27.006,0.09,1.32,0.0
ATOM,616.0,HD22,LEU,39.0,0.462,12.297,27.443,0.09,1.32,0.0
ATOM,617.0,HD23,LEU,39.0,0.495,12.872,25.914,0.09,1.32,0.0
ATOM,618.0,N,ALA,40.0,0.182,17.667,28.716,-0.47,1.85,0.0
ATOM,619.0,CA,ALA,40.0,0.339,18.063,30.122,0.07,2.275,0.0
ATOM,620.0,C,ALA,40.0,-0.868,18.934,30.543,0.51,2.0,0.0
ATOM,621.0,O,ALA,40.0,-1.452,18.734,31.648,-0.51,1.7,0.51
ATOM,622.0,CB,ALA,40.0,1.686,18.754,30.346,-0.27,2.06,0.3
ATOM,623.0,H,ALA,40.0,0.894,17.87,27.986,0.31,0.2245,0.0
ATOM,624.0,HA,ALA,40.0,0.348,17.245,30.691,0.09,1.32,0.0
ATOM,625.0,HB1,ALA,40.0,1.558,19.537,30.952,0.09,1.32,0.0
ATOM,626.0,HB2,ALA,40.0,2.323,18.108,30.762,0.09,1.32,0.0
ATOM,627.0,HB3,ALA,40.0,2.048,19.064,29.469,0.09,1.32,0.0
ATOM,628.0,N,ALA,41.0,-1.295,19.853,29.673,-0.47,1.85,0.0
ATOM,629.0,CA,ALA,41.0,-2.437,20.721,30.053,0.07,2.275,0.6
ATOM,630.0,C,ALA,41.0,-3.718,19.891,30.23,0.51,2.0,0.0
ATOM,631.0,O,ALA,41.0,-4.49,20.105,31.188,-0.51,1.7,0.7
ATOM,632.0,CB,ALA,41.0,-2.687,21.841,29.012,-0.27,2.06,29.26
ATOM,633.0,H,ALA,41.0,-0.806,19.906,28.788,0.31,0.2245,0.0
ATOM,634.0,HA,ALA,41.0,-2.219,21.166,30.925,0.09,1.32,0.0
ATOM,635.0,HB1,ALA,41.0,-2.011,22.559,29.146,0.09,1.32,4.43
ATOM,636.0,HB2,ALA,41.0,-2.601,21.455,28.099,0.09,1.32,0.16
ATOM,637.0,HB3,ALA,41.0,-3.604,22.204,29.145,0.09,1.32,4.17
ATOM,638.0,N,GLU,42.0,-3.921,18.939,29.327,-0.47,1.85,0.0
ATOM,639.0,CA,GLU,42.0,-5.11,18.06,29.385,0.07,2.275,0.0
ATOM,640.0,C,GLU,42.0,-5.103,17.168,30.627,0.51,2.0,0.0
ATOM,641.0,O,GLU,42.0,-6.146,16.933,31.249,-0.51,1.7,0.0
ATOM,642.0,CB,GLU,42.0,-5.212,17.211,28.139,-0.18,2.175,0.0
ATOM,643.0,CG,GLU,42.0,-5.866,17.952,26.971,-0.28,2.175,5.46
ATOM,644.0,CD,GLU,42.0,-7.387,18.101,27.16,0.62,2.0,0.14
ATOM,645.0,OE1,GLU,42.0,-7.918,17.867,28.284,-0.76,1.7,0.37
ATOM,646.0,OE2,GLU,42.0,-8.077,18.47,26.174,-0.76,1.7,24.4
ATOM,647.0,H,GLU,42.0,-3.198,18.86,28.593,0.31,0.2245,0.0
ATOM,648.0,HA,GLU,42.0,-5.942,18.63,29.383,0.09,1.32,0.0
ATOM,649.0,HB2,GLU,42.0,-4.307,16.966,27.856,0.09,1.32,0.0
ATOM,650.0,HB3,GLU,42.0,-5.772,16.433,28.338,0.09,1.32,0.0
ATOM,651.0,HG2,GLU,42.0,-5.491,18.852,26.927,0.09,1.32,3.71
ATOM,652.0,HG3,GLU,42.0,-5.726,17.433,26.156,0.09,1.32,0.65
ATOM,653.0,N,ILE,43.0,-3.941,16.593,30.928,-0.47,1.85,0.0
ATOM,654.0,CA,ILE,43.0,-3.839,15.789,32.136,0.07,2.275,0.0
ATOM,655.0,C,ILE,43.0,-4.144,16.653,33.366,0.51,2.0,0.0
ATOM,656.0,O,ILE,43.0,-4.957,16.252,34.243,-0.51,1.7,0.0
ATOM,657.0,CB,ILE,43.0,-2.45,15.158,32.201,-0.09,2.275,0.0
ATOM,658.0,CG1,ILE,43.0,-2.268,14.166,31.055,-0.18,2.175,0.0
ATOM,659.0,CG2,ILE,43.0,-2.182,14.5,33.599,-0.27,2.06,0.0
ATOM,660.0,CD1,ILE,43.0,-3.01,12.862,31.225,-0.27,2.06,0.0
ATOM,661.0,H,ILE,43.0,-3.176,16.759,30.272,0.31,0.2245,0.0
ATOM,662.0,HA,ILE,43.0,-4.567,15.104,32.086,0.09,1.32,0.0
ATOM,663.0,HB,ILE,43.0,-1.774,15.88,32.092,0.09,1.32,0.0
ATOM,664.0,HG12,ILE,43.0,-2.572,14.605,30.206,0.09,1.32,0.0
ATOM,665.0,HG13,ILE,43.0,-1.287,13.968,30.966,0.09,1.32,0.0
ATOM,666.0,HG21,ILE,43.0,-1.249,14.166,33.611,0.09,1.32,0.0
ATOM,667.0,HG22,ILE,43.0,-2.315,15.19,34.298,0.09,1.32,0.0
ATOM,668.0,HG23,ILE,43.0,-2.822,13.753,33.719,0.09,1.32,0.0
ATOM,669.0,HD11,ILE,43.0,-3.99,13.044,31.297,0.09,1.32,0.0
ATOM,670.0,HD12,ILE,43.0,-2.837,12.275,30.435,0.09,1.32,0.0
ATOM,671.0,HD13,ILE,43.0,-2.694,12.405,32.056,0.09,1.32,0.0
ATOM,672.0,N,ALA,44.0,-3.51,17.814,33.457,-0.47,1.85,0.0
ATOM,673.0,CA,ALA,44.0,-3.667,18.685,34.621,0.07,2.275,0.0
ATOM,674.0,C,ALA,44.0,-5.116,19.09,34.823,0.51,2.0,0.17
ATOM,675.0,O,ALA,44.0,-5.587,19.103,35.95,-0.51,1.7,0.87
ATOM,676.0,CB,ALA,44.0,-2.781,19.94,34.53,-0.27,2.06,2.7
ATOM,677.0,H,ALA,44.0,-2.904,18.048,32.647,0.31,0.2245,0.0
ATOM,678.0,HA,ALA,44.0,-3.352,18.186,35.441,0.09,1.32,0.0
ATOM,679.0,HB1,ALA,44.0,-1.85,19.702,34.796,0.09,1.32,0.0
ATOM,680.0,HB2,ALA,44.0,-2.789,20.277,33.592,0.09,1.32,0.0
ATOM,681.0,HB3,ALA,44.0,-3.141,20.638,35.144,0.09,1.32,1.33
ATOM,682.0,N,LYS,45.0,-5.793,19.432,33.73,-0.47,1.85,0.27
ATOM,683.0,CA,LYS,45.0,-7.218,19.803,33.758,0.07,2.275,1.78
ATOM,684.0,C,LYS,45.0,-8.071,18.688,34.332,0.51,2.0,0.05
ATOM,685.0,O,LYS,45.0,-8.972,18.904,35.161,-0.51,1.7,22.11
ATOM,686.0,CB,LYS,45.0,-7.703,20.005,32.325,-0.18,2.175,1.05
ATOM,687.0,CG,LYS,45.0,-7.66,21.423,31.831,-0.18,2.175,11.55
ATOM,688.0,CD,LYS,45.0,-7.732,21.457,30.319,-0.18,2.175,5.31
ATOM,689.0,CE,LYS,45.0,-9.158,21.187,29.87,0.21,2.175,11.81
ATOM,690.0,NZ,LYS,45.0,-9.851,22.477,29.743,-0.3,1.85,12.2
ATOM,691.0,H,LYS,45.0,-5.233,19.416,32.85,0.31,0.2245,0.0
ATOM,692.0,HA,LYS,45.0,-7.321,20.626,34.333,0.09,1.32,8.74
ATOM,693.0,HB2,LYS,45.0,-7.132,19.438,31.723,0.09,1.32,0.0
ATOM,694.0,HB3,LYS,45.0,-8.651,19.674,32.271,0.09,1.32,2.81
ATOM,695.0,HG2,LYS,45.0,-8.437,21.929,32.202,0.09,1.32,7.33
ATOM,696.0,HG3,LYS,45.0,-6.808,21.853,32.123,0.09,1.32,6.67
ATOM,697.0,HD2,LYS,45.0,-7.465,22.354,30.002,0.09,1.32,8.32
ATOM,698.0,HD3,LYS,45.0,-7.146,20.753,29.95,0.09,1.32,0.0
ATOM,699.0,HE2,LYS,45.0,-9.136,20.727,28.993,0.05,1.32,1.98
ATOM,700.0,HE3,LYS,45.0,-9.609,20.627,30.552,0.05,1.32,3.94
ATOM,701.0,HZ1,LYS,45.0,-9.791,22.804,28.797,0.33,0.2245,20.09
ATOM,702.0,HZ2,LYS,45.0,-10.816,22.371,29.993,0.33,0.2245,20.93
ATOM,703.0,HZ3,LYS,45.0,-9.427,23.153,30.351,0.33,0.2245,12.09
ATOM,704.0,N,HIS,46.0,-7.815,17.485,33.844,-0.47,1.85,0.0
ATOM,705.0,CA,HIS,46.0,-8.556,16.327,34.295,0.07,2.275,0.52
ATOM,706.0,C,HIS,46.0,-8.251,15.903,35.729,0.51,2.0,0.0
ATOM,707.0,O,HIS,46.0,-9.137,15.392,36.423,-0.51,1.7,31.05
ATOM,708.0,CB,HIS,46.0,-8.358,15.18,33.317,-0.09,2.175,0.33
ATOM,709.0,CG,HIS,46.0,-9.171,15.324,32.072,-0.05,1.8,0.0
ATOM,710.0,ND1,HIS,46.0,-8.753,16.084,30.998,-0.36,1.85,0.14
ATOM,711.0,CD2,HIS,46.0,-10.344,14.756,31.698,0.22,1.8,8.74
ATOM,712.0,CE1,HIS,46.0,-9.661,16.012,30.039,0.25,1.8,7.4
ATOM,713.0,NE2,HIS,46.0,-10.627,15.203,30.433,-0.7,1.85,9.76
ATOM,714.0,H,HIS,46.0,-7.061,17.449,33.134,0.31,0.2245,0.0
ATOM,715.0,HA,HIS,46.0,-9.554,16.539,34.238,0.09,1.32,6.49
ATOM,716.0,HB2,HIS,46.0,-7.389,15.131,33.057,0.09,1.32,0.0
ATOM,717.0,HB3,HIS,46.0,-8.616,14.318,33.764,0.09,1.32,3.86
ATOM,718.0,HD1,HIS,46.0,-7.902,16.603,30.955,0.32,0.2245,0.0
ATOM,719.0,HD2,HIS,46.0,-10.897,14.13,32.243,0.1,1.468,3.9
ATOM,720.0,HE1,HIS,46.0,-9.622,16.489,29.164,0.13,0.9,2.04
ATOM,721.0,N,CYS,47.0,-7.029,16.127,36.185,-0.47,1.85,0.0
ATOM,722.0,CA,CYS,47.0,-6.622,15.721,37.522,0.07,2.275,0.56
ATOM,723.0,C,CYS,47.0,-6.731,16.842,38.563,0.51,2.0,1.4
ATOM,724.0,O,CYS,47.0,-6.59,16.584,39.752,-0.51,1.7,24.76
ATOM,725.0,CB,CYS,47.0,-5.211,15.182,37.488,-0.11,2.175,0.0
ATOM,726.0,SG,CYS,47.0,-5.042,13.675,36.496,-0.23,2.0,1.16
ATOM,727.0,H,CYS,47.0,-6.394,16.611,35.516,0.31,0.2245,0.0
ATOM,728.0,HA,CYS,47.0,-7.227,14.962,37.823,0.09,1.32,4.77
ATOM,729.0,HB2,CYS,47.0,-4.613,15.875,37.097,0.09,1.32,0.0
ATOM,730.0,HB3,CYS,47.0,-4.928,14.969,38.419,0.09,1.32,1.39
ATOM,731.0,HG,CYS,47.0,-5.073,12.878,37.098,0.16,0.45,0.0
ATOM,732.0,N,GLY,48.0,-6.98,18.063,38.097,-0.47,1.85,0.43
ATOM,733.0,CA,GLY,48.0,-7.188,19.212,38.959,-0.02,2.175,17.54
ATOM,734.0,C,GLY,48.0,-5.936,19.585,39.728,0.51,2.0,1.57
ATOM,735.0,O,GLY,48.0,-6.004,19.868,40.932,-0.51,1.7,32.27
ATOM,736.0,H,GLY,48.0,-7.013,18.121,37.05,0.31,0.2245,0.0
ATOM,737.0,HA2,GLY,48.0,-7.485,20.003,38.399,0.09,1.32,8.3
ATOM,738.0,HA3,GLY,48.0,-7.935,19.011,39.614,0.09,1.32,11.15
ATOM,739.0,N,PHE,49.0,-4.772,19.579,39.057,-0.47,1.85,0.23
ATOM,740.0,CA,PHE,49.0,-3.563,20.131,39.68,0.07,2.275,0.64
ATOM,741.0,C,PHE,49.0,-2.955,21.254,38.874,0.51,2.0,0.65
ATOM,742.0,O,PHE,49.0,-3.205,21.362,37.658,-0.51,1.7,8.65
ATOM,743.0,CB,PHE,49.0,-2.472,19.077,40.015,-0.18,2.175,8.35
ATOM,744.0,CG,PHE,49.0,-1.951,18.314,38.819,0.0,1.9924,0.0
ATOM,745.0,CD1,PHE,49.0,-1.021,18.883,37.931,-0.115,1.9924,0.0
ATOM,746.0,CD2,PHE,49.0,-2.358,16.993,38.616,-0.115,1.9924,0.0
ATOM,747.0,CE1,PHE,49.0,-0.556,18.148,36.839,-0.115,1.9924,0.23
ATOM,748.0,CE2,PHE,49.0,-1.884,16.254,37.525,-0.115,1.9924,0.0
ATOM,749.0,CZ,PHE,49.0,-0.98,16.849,36.638,-0.115,1.9924,0.0
ATOM,750.0,H,PHE,49.0,-4.806,19.174,38.118,0.31,0.2245,0.0
ATOM,751.0,HA,PHE,49.0,-3.851,20.522,40.569,0.09,1.32,3.51
ATOM,752.0,HB2,PHE,49.0,-1.714,19.559,40.427,0.09,1.32,0.0
ATOM,753.0,HB3,PHE,49.0,-2.873,18.429,40.644,0.09,1.32,6.14
ATOM,754.0,HD1,PHE,49.0,-0.695,19.803,38.08,0.115,1.3582,0.0
ATOM,755.0,HD2,PHE,49.0,-2.995,16.568,39.257,0.115,1.3582,1.32
ATOM,756.0,HE1,PHE,49.0,0.094,18.582,36.198,0.115,1.3582,0.99
ATOM,757.0,HE2,PHE,49.0,-2.194,15.31,37.385,0.115,1.3582,0.0
ATOM,758.0,HZ,PHE,49.0,-0.64,16.326,35.854,0.115,1.3582,0.0
ATOM,759.0,N,LYS,50.0,-2.159,22.064,39.574,-0.47,1.85,0.0
ATOM,760.0,CA,LYS,50.0,-1.358,23.136,38.956,0.07,2.275,0.1
ATOM,761.0,C,LYS,50.0,0.065,22.599,38.794,0.51,2.0,0.0
ATOM,762.0,O,LYS,50.0,0.501,21.739,39.586,-0.51,1.7,0.0
ATOM,763.0,CB,LYS,50.0,-1.386,24.391,39.82,-0.18,2.175,1.44
ATOM,764.0,CG,LYS,50.0,-2.812,25.033,39.936,-0.18,2.175,7.13
ATOM,765.0,CD,LYS,50.0,-2.815,26.221,40.916,-0.18,2.175,15.7
ATOM,766.0,CE,LYS,50.0,-4.234,26.434,41.486,0.21,2.175,21.95
ATOM,767.0,NZ,LYS,50.0,-5.127,27.17,40.522,-0.3,1.85,14.44
ATOM,768.0,H,LYS,50.0,-2.149,21.876,40.602,0.31,0.2245,4.93
ATOM,769.0,HA,LYS,50.0,-1.73,23.339,38.061,0.09,1.32,3.03
ATOM,770.0,HB2,LYS,50.0,-1.095,24.161,40.739,0.09,1.32,2.87
ATOM,771.0,HB3,LYS,50.0,-0.79,25.075,39.421,0.09,1.32,6.49
ATOM,772.0,HG2,LYS,50.0,-3.082,25.353,39.036,0.09,1.32,8.45
ATOM,773.0,HG3,LYS,50.0,-3.44,24.338,40.264,0.09,1.32,2.95
ATOM,774.0,HD2,LYS,50.0,-2.207,26.019,41.663,0.09,1.32,7.03
ATOM,775.0,HD3,LYS,50.0,-2.549,27.035,40.432,0.09,1.32,9.04
ATOM,776.0,HE2,LYS,50.0,-4.635,25.54,41.686,0.05,1.32,8.86
ATOM,777.0,HE3,LYS,50.0,-4.162,26.962,42.333,0.05,1.32,11.51
ATOM,778.0,HZ1,LYS,50.0,-5.861,26.561,40.233,0.33,0.2245,19.39
ATOM,779.0,HZ2,LYS,50.0,-5.507,27.97,40.98,0.33,0.2245,20.5
ATOM,780.0,HZ3,LYS,50.0,-4.587,27.452,39.733,0.33,0.2245,12.7
ATOM,781.0,N,TYR,51.0,0.795,23.051,37.778,-0.47,1.85,0.07
ATOM,782.0,CA,TYR,51.0,2.085,22.379,37.503,0.07,2.275,0.0
ATOM,783.0,C,TYR,51.0,3.048,23.329,36.872,0.51,2.0,0.0
ATOM,784.0,O,TYR,51.0,2.636,24.353,36.282,-0.51,1.7,8.53
ATOM,785.0,CB,TYR,51.0,1.883,21.155,36.555,-0.18,2.175,0.0
ATOM,786.0,CG,TYR,51.0,1.365,21.536,35.176,0.0,1.9924,0.0
ATOM,787.0,CD1,TYR,51.0,2.213,21.661,34.086,-0.115,1.9924,0.36
ATOM,788.0,CD2,TYR,51.0,0.005,21.8,34.987,-0.115,1.9924,0.07
ATOM,789.0,CE1,TYR,51.0,1.736,22.052,32.849,-0.115,1.9924,0.0
ATOM,790.0,CE2,TYR,51.0,-0.491,22.138,33.775,-0.115,1.9924,7.48
ATOM,791.0,CZ,TYR,51.0,0.378,22.277,32.689,0.11,1.9924,0.0
ATOM,792.0,OH,TYR,51.0,-0.144,22.655,31.485,-0.54,1.77,5.27
ATOM,793.0,H,TYR,51.0,0.427,23.827,37.252,0.31,0.2245,5.18
ATOM,794.0,HA,TYR,51.0,2.455,22.069,38.386,0.09,1.32,0.0
ATOM,795.0,HB2,TYR,51.0,2.761,20.708,36.45,0.09,1.32,0.0
ATOM,796.0,HB3,TYR,51.0,1.225,20.549,36.982,0.09,1.32,0.0
ATOM,797.0,HD1,TYR,51.0,3.192,21.465,34.196,0.115,1.3582,0.0
ATOM,798.0,HD2,TYR,51.0,-0.606,21.731,35.785,0.115,1.3582,0.0
ATOM,799.0,HE1,TYR,51.0,2.36,22.17,32.078,0.115,1.3582,0.0
ATOM,800.0,HE2,TYR,51.0,-1.472,22.293,33.634,0.115,1.3582,6.62
ATOM,801.0,HH,TYR,51.0,0.504,23.254,31.014,0.43,0.2245,5.48
ATOM,802.0,N,LYS,52.0,4.324,22.971,36.943,-0.47,1.85,0.0
ATOM,803.0,CA,LYS,52.0,5.392,23.747,36.324,0.07,2.275,0.0
ATOM,804.0,C,LYS,52.0,6.211,22.85,35.426,0.51,2.0,0.0
ATOM,805.0,O,LYS,52.0,6.773,21.86,35.887,-0.51,1.7,0.0
ATOM,806.0,CB,LYS,52.0,6.329,24.278,37.417,-0.18,2.175,4.44
ATOM,807.0,CG,LYS,52.0,7.461,25.167,36.854,-0.18,2.175,1.43
ATOM,808.0,CD,LYS,52.0,6.912,26.549,36.437,-0.18,2.175,8.46
ATOM,809.0,CE,LYS,52.0,8.031,27.592,36.085,0.21,2.175,4.89
ATOM,810.0,NZ,LYS,52.0,9.228,27.561,36.976,-0.3,1.85,12.42
ATOM,811.0,H,LYS,52.0,4.497,22.09,37.478,0.31,0.2245,0.0
ATOM,812.0,HA,LYS,52.0,4.983,24.478,35.773,0.09,1.32,0.0
ATOM,813.0,HB2,LYS,52.0,5.799,24.825,38.049,0.09,1.32,0.67
ATOM,814.0,HB3,LYS,52.0,6.747,23.507,37.876,0.09,1.32,0.0
ATOM,815.0,HG2,LYS,52.0,8.147,25.296,37.558,0.09,1.32,3.96
ATOM,816.0,HG3,LYS,52.0,7.851,24.725,36.057,0.09,1.32,0.0
ATOM,817.0,HD2,LYS,52.0,6.339,26.439,35.629,0.09,1.32,0.0
ATOM,818.0,HD3,LYS,52.0,6.376,26.925,37.188,0.09,1.32,9.27
ATOM,819.0,HE2,LYS,52.0,8.316,27.42,35.129,0.05,1.32,0.0
ATOM,820.0,HE3,LYS,52.0,7.61,28.512,36.116,0.05,1.32,7.55
ATOM,821.0,HZ1,LYS,52.0,9.195,26.74,37.544,0.33,0.2245,7.18
ATOM,822.0,HZ2,LYS,52.0,10.055,27.55,36.416,0.33,0.2245,12.92
ATOM,823.0,HZ3,LYS,52.0,9.227,28.373,37.558,0.33,0.2245,20.28
ATOM,824.0,N,LEU,53.0,6.24,23.157,34.128,-0.47,1.85,0.0
ATOM,825.0,CA,LEU,53.0,7.13,22.425,33.216,0.07,2.275,0.0
ATOM,826.0,C,LEU,53.0,8.587,22.767,33.468,0.51,2.0,0.0
ATOM,827.0,O,LEU,53.0,8.982,23.955,33.491,-0.51,1.7,0.57
ATOM,828.0,CB,LEU,53.0,6.782,22.727,31.761,-0.18,2.175,0.0
ATOM,829.0,CG,LEU,53.0,5.349,22.349,31.289,-0.09,2.275,0.0
ATOM,830.0,CD1,LEU,53.0,5.088,22.897,29.828,-0.27,2.06,0.0
ATOM,831.0,CD2,LEU,53.0,5.116,20.857,31.287,-0.27,2.06,1.45
ATOM,832.0,H,LEU,53.0,5.615,23.915,33.835,0.31,0.2245,0.0
ATOM,833.0,HA,LEU,53.0,6.998,21.438,33.373,0.09,1.32,0.0
ATOM,834.0,HB2,LEU,53.0,6.881,23.708,31.612,0.09,1.32,0.0
ATOM,835.0,HB3,LEU,53.0,7.416,22.228,31.176,0.09,1.32,0.0
ATOM,836.0,HG,LEU,53.0,4.685,22.758,31.898,0.09,1.32,0.0
ATOM,837.0,HD11,LEU,53.0,5.759,22.488,29.225,0.09,1.32,0.0
ATOM,838.0,HD12,LEU,53.0,4.169,22.637,29.565,0.09,1.32,0.0
ATOM,839.0,HD13,LEU,53.0,5.185,23.883,29.851,0.09,1.32,0.0
ATOM,840.0,HD21,LEU,53.0,5.239,20.492,32.213,0.09,1.32,0.0
ATOM,841.0,HD22,LEU,53.0,4.183,20.658,30.977,0.09,1.32,0.0
ATOM,842.0,HD23,LEU,53.0,5.768,20.411,30.67,0.09,1.32,0.53
ATOM,843.0,N,THR,54.0,9.397,21.736,33.618,-0.47,1.85,0.0
ATOM,844.0,CA,THR,54.0,10.86,21.944,33.807,0.07,2.275,0.21
ATOM,845.0,C,THR,54.0,11.595,21.029,32.877,0.51,2.0,0.0
ATOM,846.0,O,THR,54.0,11.145,19.933,32.627,-0.51,1.7,0.0
ATOM,847.0,CB,THR,54.0,11.276,21.672,35.254,0.14,2.275,7.03
ATOM,848.0,OG1,THR,54.0,11.218,20.268,35.539,-0.66,1.77,4.12
ATOM,849.0,CG2,THR,54.0,10.277,22.308,36.228,-0.27,2.06,11.68
ATOM,850.0,H,THR,54.0,8.963,20.806,33.596,0.31,0.2245,0.0
ATOM,851.0,HA,THR,54.0,11.061,22.892,33.572,0.09,1.32,3.17
ATOM,852.0,HB,THR,54.0,12.244,21.981,35.387,0.09,1.32,9.17
ATOM,853.0,HG21,THR,54.0,9.35,22.22,35.861,0.09,1.32,0.0
ATOM,854.0,HG22,THR,54.0,10.33,21.843,37.112,0.09,1.32,0.0
ATOM,855.0,HG23,THR,54.0,10.497,23.277,36.347,0.09,1.32,4.93
ATOM,856.0,HG1,THR,54.0,10.334,19.888,35.246,0.43,0.2245,0.0
ATOM,857.0,N,ILE,55.0,12.714,21.484,32.328,-0.47,1.85,0.0
ATOM,858.0,CA,ILE,55.0,13.447,20.679,31.352,0.07,2.275,0.0
ATOM,859.0,C,ILE,55.0,14.486,19.88,32.082,0.51,2.0,0.0
ATOM,860.0,O,ILE,55.0,15.21,20.399,32.983,-0.51,1.7,16.02
ATOM,861.0,CB,ILE,55.0,14.084,21.587,30.309,-0.09,2.275,1.67
ATOM,862.0,CG1,ILE,55.0,13.025,22.474,29.641,-0.18,2.175,3.77
ATOM,863.0,CG2,ILE,55.0,14.843,20.761,29.248,-0.27,2.06,13.21
ATOM,864.0,CD1,ILE,55.0,11.836,21.75,28.972,-0.27,2.06,0.0
ATOM,865.0,H,ILE,55.0,13.012,22.421,32.638,0.31,0.2245,7.81
ATOM,866.0,HA,ILE,55.0,12.786,20.033,30.977,0.09,1.32,0.0
ATOM,867.0,HB,ILE,55.0,14.735,22.187,30.768,0.09,1.32,8.85
ATOM,868.0,HG12,ILE,55.0,12.655,23.107,30.332,0.09,1.32,0.0
ATOM,869.0,HG13,ILE,55.0,13.479,23.034,28.936,0.09,1.32,1.6
ATOM,870.0,HG21,ILE,55.0,15.289,21.384,28.613,0.09,1.32,2.15
ATOM,871.0,HG22,ILE,55.0,15.522,20.196,29.705,0.09,1.32,0.0
ATOM,872.0,HG23,ILE,55.0,14.193,20.186,28.761,0.09,1.32,0.0
ATOM,873.0,HD11,ILE,55.0,11.36,21.219,29.664,0.09,1.32,0.0
ATOM,874.0,HD12,ILE,55.0,11.23,22.434,28.581,0.09,1.32,0.0
ATOM,875.0,HD13,ILE,55.0,12.19,21.153,28.26,0.09,1.32,0.0
ATOM,876.0,N,VAL,56.0,14.539,18.585,31.755,-0.47,1.85,0.0
ATOM,877.0,CA,VAL,56.0,15.469,17.689,32.446,0.07,2.275,0.0
ATOM,878.0,C,VAL,56.0,16.917,18.212,32.366,0.51,2.0,0.0
ATOM,879.0,O,VAL,56.0,17.406,18.517,31.272,-0.51,1.7,3.87
ATOM,880.0,CB,VAL,56.0,15.341,16.219,31.902,-0.09,2.275,0.0
ATOM,881.0,CG1,VAL,56.0,15.635,16.153,30.43,-0.27,2.06,0.0
ATOM,882.0,CG2,VAL,56.0,16.236,15.279,32.698,-0.27,2.06,0.64
ATOM,883.0,H,VAL,56.0,13.899,18.29,31.01,0.31,0.2245,0.0
ATOM,884.0,HA,VAL,56.0,15.211,17.656,33.418,0.09,1.32,0.0
ATOM,885.0,HB,VAL,56.0,14.392,15.947,32.039,0.09,1.32,0.0
ATOM,886.0,HG11,VAL,56.0,14.91,15.647,29.957,0.09,1.32,0.0
ATOM,887.0,HG12,VAL,56.0,15.687,17.079,30.048,0.09,1.32,0.0
ATOM,888.0,HG13,VAL,56.0,16.51,15.688,30.275,0.09,1.32,0.0
ATOM,889.0,HG21,VAL,56.0,16.129,14.348,32.35,0.09,1.32,0.0
ATOM,890.0,HG22,VAL,56.0,17.188,15.568,32.599,0.09,1.32,0.0
ATOM,891.0,HG23,VAL,56.0,15.973,15.31,33.662,0.09,1.32,0.0
ATOM,892.0,N,GLY,57.0,17.567,18.328,33.538,-0.47,1.85,0.54
ATOM,893.0,CA,GLY,57.0,18.944,18.848,33.629,-0.02,2.175,19.0
ATOM,894.0,C,GLY,57.0,19.906,18.313,32.582,0.51,2.0,1.95
ATOM,895.0,O,GLY,57.0,20.515,19.092,31.799,-0.51,1.7,30.0
ATOM,896.0,H,GLY,57.0,17.02,18.022,34.365,0.31,0.2245,0.62
ATOM,897.0,HA2,GLY,57.0,18.911,19.869,33.567,0.09,1.32,10.98
ATOM,898.0,HA3,GLY,57.0,19.309,18.639,34.562,0.09,1.32,12.09
ATOM,899.0,N,ASP,58.0,20.005,16.989,32.478,-0.47,1.85,1.67
ATOM,900.0,CA,ASP,58.0,21.051,16.41,31.627,0.07,2.275,2.41
ATOM,901.0,C,ASP,58.0,20.664,16.091,30.166,0.51,2.0,1.84
ATOM,902.0,O,ASP,58.0,21.464,15.524,29.436,-0.51,1.7,16.33
ATOM,903.0,CB,ASP,58.0,21.641,15.194,32.324,-0.28,2.175,16.67
ATOM,904.0,CG,ASP,58.0,20.647,14.027,32.47,0.62,2.0,1.86
ATOM,905.0,OD1,ASP,58.0,19.502,14.073,31.931,-0.76,1.7,0.0
ATOM,906.0,OD2,ASP,58.0,20.978,13.011,33.087,-0.76,1.7,9.41
ATOM,907.0,H,ASP,58.0,19.328,16.443,33.012,0.31,0.2245,2.04
ATOM,908.0,HA,ASP,58.0,21.813,17.097,31.581,0.09,1.32,8.29
ATOM,909.0,HB2,ASP,58.0,22.418,14.87,31.793,0.09,1.32,3.77
ATOM,910.0,HB3,ASP,58.0,21.936,15.462,33.235,0.09,1.32,11.01
ATOM,911.0,N,GLY,59.0,19.425,16.416,29.774,-0.47,1.85,0.59
ATOM,912.0,CA,GLY,59.0,18.934,16.164,28.425,-0.02,2.175,13.34
ATOM,913.0,C,GLY,59.0,18.749,14.705,28.064,0.51,2.0,0.0
ATOM,914.0,O,GLY,59.0,18.708,14.372,26.871,-0.51,1.7,20.71
ATOM,915.0,H,GLY,59.0,18.847,16.864,30.52,0.31,0.2245,0.0
ATOM,916.0,HA2,GLY,59.0,18.041,16.656,28.3,0.09,1.32,1.01
ATOM,917.0,HA3,GLY,59.0,19.578,16.597,27.752,0.09,1.32,11.46
ATOM,918.0,N,LYS,60.0,18.607,13.844,29.066,-0.47,1.85,0.0
ATOM,919.0,CA,LYS,60.0,18.513,12.382,28.868,0.07,2.275,0.0
ATOM,920.0,C,LYS,60.0,17.146,11.813,29.251,0.51,2.0,0.0
ATOM,921.0,O,LYS,60.0,16.379,12.416,30.028,-0.51,1.7,0.0
ATOM,922.0,CB,LYS,60.0,19.624,11.655,29.607,-0.18,2.175,0.0
ATOM,923.0,CG,LYS,60.0,20.961,11.995,28.982,-0.18,2.175,1.63
ATOM,924.0,CD,LYS,60.0,22.043,11.19,29.632,-0.18,2.175,0.02
ATOM,925.0,CE,LYS,60.0,23.338,11.48,28.874,0.21,2.175,16.78
ATOM,926.0,NZ,LYS,60.0,24.447,11.365,29.847,-0.3,1.85,11.67
ATOM,927.0,H,LYS,60.0,18.566,14.283,30.014,0.31,0.2245,0.0
ATOM,928.0,HA,LYS,60.0,18.686,12.182,27.89,0.09,1.32,1.3
ATOM,929.0,HB2,LYS,60.0,19.629,11.955,30.542,0.09,1.32,0.0
ATOM,930.0,HB3,LYS,60.0,19.475,10.687,29.525,0.09,1.32,1.0
ATOM,931.0,HG2,LYS,60.0,20.927,11.782,28.009,0.09,1.32,3.13
ATOM,932.0,HG3,LYS,60.0,21.143,12.965,29.114,0.09,1.32,0.0
ATOM,933.0,HD2,LYS,60.0,22.16,11.477,30.561,0.09,1.32,0.0
ATOM,934.0,HD3,LYS,60.0,21.846,10.235,29.548,0.09,1.32,0.5
ATOM,935.0,HE2,LYS,60.0,23.447,10.81,28.161,0.05,1.32,2.99
ATOM,936.0,HE3,LYS,60.0,23.3,12.397,28.516,0.05,1.32,5.3
ATOM,937.0,HZ1,LYS,60.0,24.751,10.413,29.899,0.33,0.2245,14.03
ATOM,938.0,HZ2,LYS,60.0,25.212,11.941,29.554,0.33,0.2245,20.5
ATOM,939.0,HZ3,LYS,60.0,24.134,11.663,30.75,0.33,0.2245,6.72
ATOM,940.0,N,TYR,61.0,16.829,10.674,28.651,-0.47,1.85,0.0
ATOM,941.0,CA,TYR,61.0,15.57,9.967,28.901,0.07,2.275,0.0
ATOM,942.0,C,TYR,61.0,15.646,9.164,30.19,0.51,2.0,0.0
ATOM,943.0,O,TYR,61.0,14.867,9.389,31.147,-0.51,1.7,0.0
ATOM,944.0,CB,TYR,61.0,15.197,9.107,27.655,-0.18,2.175,0.9
ATOM,945.0,CG,TYR,61.0,14.71,10.002,26.569,0.0,1.9924,0.69
ATOM,946.0,CD1,TYR,61.0,13.373,10.371,26.526,-0.115,1.9924,2.27
ATOM,947.0,CD2,TYR,61.0,15.589,10.577,25.615,-0.115,1.9924,2.89
ATOM,948.0,CE1,TYR,61.0,12.898,11.25,25.583,-0.115,1.9924,1.27
ATOM,949.0,CE2,TYR,61.0,15.097,11.431,24.63,-0.115,1.9924,4.72
ATOM,950.0,CZ,TYR,61.0,13.758,11.78,24.632,0.11,1.9924,1.81
ATOM,951.0,OH,TYR,61.0,13.239,12.656,23.687,-0.54,1.77,2.86
ATOM,952.0,H,TYR,61.0,17.552,10.32,27.983,0.31,0.2245,0.73
ATOM,953.0,HA,TYR,61.0,14.84,10.653,28.998,0.09,1.32,0.0
ATOM,954.0,HB2,TYR,61.0,16.008,8.646,27.364,0.09,1.32,0.0
ATOM,955.0,HB3,TYR,61.0,14.482,8.497,27.924,0.09,1.32,0.0
ATOM,956.0,HD1,TYR,61.0,12.736,9.982,27.204,0.115,1.3582,0.0
ATOM,957.0,HD2,TYR,61.0,16.553,10.366,25.658,0.115,1.3582,2.89
ATOM,958.0,HE1,TYR,61.0,11.927,11.515,25.577,0.115,1.3582,0.0
ATOM,959.0,HE2,TYR,61.0,15.71,11.788,23.926,0.115,1.3582,4.98
ATOM,960.0,HH,TYR,61.0,13.958,12.894,23.04,0.43,0.2245,0.17
ATOM,961.0,N,GLY,62.0,16.603,8.238,30.266,-0.47,1.85,0.0
ATOM,962.0,CA,GLY,62.0,16.855,7.612,31.537,-0.02,2.175,0.0
ATOM,963.0,C,GLY,62.0,17.423,6.203,31.505,0.51,2.0,0.0
ATOM,964.0,O,GLY,62.0,16.804,5.266,31.016,-0.51,1.7,3.53
ATOM,965.0,H,GLY,62.0,17.097,8.037,29.397,0.31,0.2245,2.33
ATOM,966.0,HA2,GLY,62.0,17.494,8.21,32.089,0.09,1.32,0.0
ATOM,967.0,HA3,GLY,62.0,15.98,7.6,32.089,0.09,1.32,0.0
ATOM,968.0,N,ALA,63.0,18.584,6.059,32.117,-0.47,1.85,0.0
ATOM,969.0,CA,ALA,63.0,19.376,4.839,32.064,0.07,2.275,0.35
ATOM,970.0,C,ALA,63.0,20.184,4.761,33.33,0.51,2.0,0.0
ATOM,971.0,O,ALA,63.0,20.479,5.772,33.95,-0.51,1.7,0.0
ATOM,972.0,CB,ALA,63.0,20.298,4.877,30.848,-0.27,2.06,13.19
ATOM,973.0,H,ALA,63.0,18.894,6.911,32.654,0.31,0.2245,0.0
ATOM,974.0,HA,ALA,63.0,18.759,4.057,32.019,0.09,1.32,2.34
ATOM,975.0,HB1,ALA,63.0,21.114,5.409,31.067,0.09,1.32,1.74
ATOM,976.0,HB2,ALA,63.0,20.563,3.945,30.603,0.09,1.32,2.98
ATOM,977.0,HB3,ALA,63.0,19.819,5.301,30.081,0.09,1.32,0.92
ATOM,978.0,N,ARG,64.0,20.54,3.545,33.699,-0.47,1.85,0.0
ATOM,979.0,CA,ARG,64.0,21.279,3.331,34.911,0.07,2.275,0.0
ATOM,980.0,C,ARG,64.0,22.725,3.07,34.505,0.51,2.0,0.23
ATOM,981.0,O,ARG,64.0,22.999,2.158,33.729,-0.51,1.7,16.75
ATOM,982.0,CB,ARG,64.0,20.705,2.123,35.642,-0.18,2.175,2.9
ATOM,983.0,CG,ARG,64.0,21.085,2.068,37.066,-0.18,2.175,0.0
ATOM,984.0,CD,ARG,64.0,20.541,0.883,37.807,0.2,2.175,0.46
ATOM,985.0,NE,ARG,64.0,21.098,-0.349,37.263,-0.7,1.85,3.6
ATOM,986.0,CZ,ARG,64.0,21.164,-1.502,37.924,0.64,2.0,1.74
ATOM,987.0,NH1,ARG,64.0,20.699,-1.597,39.169,-0.8,1.85,15.89
ATOM,988.0,NH2,ARG,64.0,21.699,-2.57,37.332,-0.8,1.85,19.68
ATOM,989.0,H,ARG,64.0,20.246,2.787,33.054,0.31,0.2245,7.46
ATOM,990.0,HA,ARG,64.0,21.253,4.152,35.47,0.09,1.32,0.0
ATOM,991.0,HB2,ARG,64.0,19.711,2.169,35.569,0.09,1.32,0.0
ATOM,992.0,HB3,ARG,64.0,21.039,1.303,35.181,0.09,1.32,2.44
ATOM,993.0,HG2,ARG,64.0,22.097,2.049,37.155,0.09,1.32,0.0
ATOM,994.0,HG3,ARG,64.0,20.761,2.904,37.544,0.09,1.32,0.0
ATOM,995.0,HD2,ARG,64.0,20.794,0.961,38.762,0.09,1.32,0.41
ATOM,996.0,HD3,ARG,64.0,19.555,0.869,37.703,0.09,1.32,0.0
ATOM,997.0,HE,ARG,64.0,21.459,-0.328,36.321,0.44,0.2245,3.18
ATOM,998.0,HH11,ARG,64.0,20.278,-0.812,39.615,0.46,0.2245,8.86
ATOM,999.0,HH12,ARG,64.0,20.774,-2.469,39.661,0.46,0.2245,12.83
ATOM,1000.0,HH21,ARG,64.0,22.028,-2.501,36.39,0.46,0.2245,14.98
ATOM,1001.0,HH22,ARG,64.0,21.769,-3.433,37.827,0.46,0.2245,12.02
ATOM,1002.0,N,ASP,65.0,23.622,3.893,35.014,-0.47,1.85,0.77
ATOM,1003.0,CA,ASP,65.0,25.061,3.639,34.858,0.07,2.275,3.16
ATOM,1004.0,C,ASP,65.0,25.432,2.279,35.444,0.51,2.0,0.0
ATOM,1005.0,O,ASP,65.0,25.06,1.971,36.571,-0.51,1.7,0.0
ATOM,1006.0,CB,ASP,65.0,25.834,4.708,35.581,-0.28,2.175,3.7
ATOM,1007.0,CG,ASP,65.0,27.31,4.511,35.446,0.62,2.0,0.0
ATOM,1008.0,OD1,ASP,65.0,27.886,5.268,34.646,-0.76,1.7,38.72
ATOM,1009.0,OD2,ASP,65.0,27.934,3.611,36.049,-0.76,1.7,0.65
ATOM,1010.0,H,ASP,65.0,23.243,4.712,35.519,0.31,0.2245,0.04
ATOM,1011.0,HA,ASP,65.0,25.247,3.597,33.872,0.09,1.32,7.07
ATOM,1012.0,HB2,ASP,65.0,25.589,5.59,35.192,0.09,1.32,7.71
ATOM,1013.0,HB3,ASP,65.0,25.59,4.675,36.544,0.09,1.32,0.0
ATOM,1014.0,N,ALA,66.0,26.158,1.465,34.669,-0.47,1.85,0.0
ATOM,1015.0,CA,ALA,66.0,26.413,0.066,35.031,0.07,2.275,0.65
ATOM,1016.0,C,ALA,66.0,27.277,-0.093,36.29,0.51,2.0,0.0
ATOM,1017.0,O,ALA,66.0,27.073,-1.023,37.069,-0.51,1.7,13.37
ATOM,1018.0,CB,ALA,66.0,26.992,-0.739,33.829,-0.27,2.06,37.76
ATOM,1019.0,H,ALA,66.0,26.52,1.904,33.8,0.31,0.2245,8.09
ATOM,1020.0,HA,ALA,66.0,25.521,-0.392,35.197,0.09,1.32,2.54
ATOM,1021.0,HB1,ALA,66.0,27.632,-0.158,33.339,0.09,1.32,7.79
ATOM,1022.0,HB2,ALA,66.0,27.456,-1.544,34.182,0.09,1.32,8.49
ATOM,1023.0,HB3,ALA,66.0,26.241,-1.005,33.235,0.09,1.32,11.38
ATOM,1024.0,N,ASP,67.0,28.213,0.831,36.495,-0.47,1.85,0.0
ATOM,1025.0,CA,ASP,67.0,29.1,0.791,37.663,0.07,2.275,1.01
ATOM,1026.0,C,ASP,67.0,28.493,1.479,38.89,0.51,2.0,0.42
ATOM,1027.0,O,ASP,67.0,28.352,0.836,39.949,-0.51,1.7,19.23
ATOM,1028.0,CB,ASP,67.0,30.472,1.415,37.343,-0.28,2.175,13.13
ATOM,1029.0,CG,ASP,67.0,31.097,0.86,36.064,0.62,2.0,3.11
ATOM,1030.0,OD1,ASP,67.0,31.208,-0.395,35.927,-0.76,1.7,34.85
ATOM,1031.0,OD2,ASP,67.0,31.503,1.627,35.143,-0.76,1.7,41.96
ATOM,1032.0,H,ASP,67.0,28.262,1.572,35.769,0.31,0.2245,0.08
ATOM,1033.0,HA,ASP,67.0,29.228,-0.183,37.905,0.09,1.32,5.98
ATOM,1034.0,HB2,ASP,67.0,30.344,2.393,37.235,0.09,1.32,0.75
ATOM,1035.0,HB3,ASP,67.0,31.08,1.223,38.103,0.09,1.32,10.93
ATOM,1036.0,N,THR,68.0,28.137,2.767,38.744,-0.47,1.85,0.0
ATOM,1037.0,CA,THR,68.0,27.634,3.589,39.865,0.07,2.275,1.04
ATOM,1038.0,C,THR,68.0,26.196,3.291,40.289,0.51,2.0,0.0
ATOM,1039.0,O,THR,68.0,25.784,3.676,41.39,-0.51,1.7,15.13
ATOM,1040.0,CB,THR,68.0,27.841,5.129,39.638,0.14,2.275,2.9
ATOM,1041.0,OG1,THR,68.0,26.752,5.691,38.875,-0.66,1.77,2.52
ATOM,1042.0,CG2,THR,68.0,29.069,5.403,38.774,-0.27,2.06,28.0
ATOM,1043.0,H,THR,68.0,28.245,3.136,37.777,0.31,0.2245,0.0
ATOM,1044.0,HA,THR,68.0,28.244,3.427,40.668,0.09,1.32,9.39
ATOM,1045.0,HB,THR,68.0,27.861,5.586,40.552,0.09,1.32,6.84
ATOM,1046.0,HG21,THR,68.0,29.225,6.391,38.712,0.09,1.32,11.59
ATOM,1047.0,HG22,THR,68.0,29.873,4.967,39.182,0.09,1.32,8.08
ATOM,1048.0,HG23,THR,68.0,28.924,5.033,37.854,0.09,1.32,0.0
ATOM,1049.0,HG1,THR,68.0,26.419,5.021,38.206,0.43,0.2245,0.0
ATOM,1050.0,N,LYS,69.0,25.464,2.568,39.44,-0.47,1.85,0.0
ATOM,1051.0,CA,LYS,69.0,24.076,2.208,39.677,0.07,2.275,0.0
ATOM,1052.0,C,LYS,69.0,23.144,3.447,39.704,0.51,2.0,0.22
ATOM,1053.0,O,LYS,69.0,22.018,3.324,40.182,-0.51,1.7,9.29
ATOM,1054.0,CB,LYS,69.0,23.898,1.399,40.991,-0.18,2.175,8.74
ATOM,1055.0,CG,LYS,69.0,24.783,0.132,41.188,-0.18,2.175,10.61
ATOM,1056.0,CD,LYS,69.0,24.332,-1.058,40.308,-0.18,2.175,1.54
ATOM,1057.0,CE,LYS,69.0,25.108,-2.381,40.638,0.21,2.175,15.25
ATOM,1058.0,NZ,LYS,69.0,24.32,-3.654,40.395,-0.3,1.85,13.24
ATOM,1059.0,H,LYS,69.0,25.988,2.278,38.574,0.31,0.2245,0.0
ATOM,1060.0,HA,LYS,69.0,23.758,1.597,38.937,0.09,1.32,0.0
ATOM,1061.0,HB2,LYS,69.0,24.082,2.019,41.764,0.09,1.32,5.08
ATOM,1062.0,HB3,LYS,69.0,22.934,1.107,41.046,0.09,1.32,3.24
ATOM,1063.0,HG2,LYS,69.0,25.726,0.365,40.952,0.09,1.32,0.0
ATOM,1064.0,HG3,LYS,69.0,24.735,-0.142,42.147,0.09,1.32,10.0
ATOM,1065.0,HD2,LYS,69.0,23.367,-1.227,40.465,0.09,1.32,1.02
ATOM,1066.0,HD3,LYS,69.0,24.502,-0.838,39.356,0.09,1.32,0.0
ATOM,1067.0,HE2,LYS,69.0,25.943,-2.4,40.074,0.05,1.32,4.38
ATOM,1068.0,HE3,LYS,69.0,25.383,-2.346,41.607,0.05,1.32,8.55
ATOM,1069.0,HZ1,LYS,69.0,23.831,-3.889,41.229,0.33,0.2245,18.69
ATOM,1070.0,HZ2,LYS,69.0,23.678,-3.493,39.652,0.33,0.2245,0.43
ATOM,1071.0,HZ3,LYS,69.0,24.956,-4.379,40.152,0.33,0.2245,20.61
ATOM,1072.0,N,ILE,70.0,23.62,4.608,39.243,-0.47,1.85,0.0
ATOM,1073.0,CA,ILE,70.0,22.856,5.869,39.327,0.07,2.275,0.0
ATOM,1074.0,C,ILE,70.0,22.034,6.036,38.066,0.51,2.0,0.0
ATOM,1075.0,O,ILE,70.0,22.533,5.803,36.983,-0.51,1.7,1.21
ATOM,1076.0,CB,ILE,70.0,23.778,7.09,39.511,-0.09,2.275,1.25
ATOM,1077.0,CG1,ILE,70.0,24.393,7.076,40.906,-0.18,2.175,6.5
ATOM,1078.0,CG2,ILE,70.0,23.018,8.414,39.387,-0.27,2.06,20.43
ATOM,1079.0,CD1,ILE,70.0,25.236,8.299,41.213,-0.27,2.06,36.17
ATOM,1080.0,H,ILE,70.0,24.569,4.551,38.822,0.31,0.2245,0.0
ATOM,1081.0,HA,ILE,70.0,22.215,5.748,40.082,0.09,1.32,0.0
ATOM,1082.0,HB,ILE,70.0,24.513,7.02,38.847,0.09,1.32,1.42
ATOM,1083.0,HG12,ILE,70.0,23.658,7.015,41.578,0.09,1.32,4.46
ATOM,1084.0,HG13,ILE,70.0,24.97,6.264,40.988,0.09,1.32,0.0
ATOM,1085.0,HG21,ILE,70.0,23.655,9.171,39.506,0.09,1.32,4.87
ATOM,1086.0,HG22,ILE,70.0,22.596,8.468,38.485,0.09,1.32,0.0
ATOM,1087.0,HG23,ILE,70.0,22.313,8.455,40.09,0.09,1.32,0.4
ATOM,1088.0,HD11,ILE,70.0,24.667,9.117,41.145,0.09,1.32,5.32
ATOM,1089.0,HD12,ILE,70.0,25.604,8.222,42.138,0.09,1.32,11.69
ATOM,1090.0,HD13,ILE,70.0,25.986,8.356,40.556,0.09,1.32,6.13
ATOM,1091.0,N,TRP,71.0,20.762,6.405,38.216,-0.47,1.85,0.0
ATOM,1092.0,CA,TRP,71.0,19.887,6.682,37.067,0.07,2.275,0.0
ATOM,1093.0,C,TRP,71.0,19.981,8.127,36.619,0.51,2.0,0.0
ATOM,1094.0,O,TRP,71.0,19.923,9.062,37.442,-0.51,1.7,4.0
ATOM,1095.0,CB,TRP,71.0,18.429,6.436,37.475,-0.18,2.175,0.0
ATOM,1096.0,CG,TRP,71.0,18.072,5.006,37.625,-0.03,1.9924,0.0
ATOM,1097.0,CD1,TRP,71.0,18.144,4.244,38.761,0.035,1.9924,2.28
ATOM,1098.0,CD2,TRP,71.0,17.596,4.159,36.596,-0.02,1.8,0.0
ATOM,1099.0,NE1,TRP,71.0,17.735,2.958,38.484,-0.61,1.85,0.24
ATOM,1100.0,CE2,TRP,71.0,17.384,2.881,37.162,0.13,1.8,0.0
ATOM,1101.0,CE3,TRP,71.0,17.305,4.351,35.234,-0.115,1.9924,0.0
ATOM,1102.0,CZ2,TRP,71.0,16.895,1.785,36.406,-0.115,1.9924,0.96
ATOM,1103.0,CZ3,TRP,71.0,16.84,3.248,34.469,-0.115,1.9924,0.08
ATOM,1104.0,CH2,TRP,71.0,16.636,1.99,35.075,-0.115,1.9924,1.34
ATOM,1105.0,H,TRP,71.0,20.443,6.48,39.202,0.31,0.2245,0.0
ATOM,1106.0,HA,TRP,71.0,20.201,6.1,36.304,0.09,1.32,0.0
ATOM,1107.0,HB2,TRP,71.0,18.266,6.884,38.351,0.09,1.32,0.0
ATOM,1108.0,HB3,TRP,71.0,17.835,6.826,36.776,0.09,1.32,0.0
ATOM,1109.0,HD1,TRP,71.0,18.446,4.568,39.651,0.115,1.3582,2.42
ATOM,1110.0,HE1,TRP,71.0,17.7,2.206,39.139,0.38,0.2245,6.82
ATOM,1111.0,HE3,TRP,71.0,17.415,5.234,34.798,0.115,1.3582,0.0
ATOM,1112.0,HZ2,TRP,71.0,16.753,0.9,36.854,0.115,1.3582,5.34
ATOM,1113.0,HZ3,TRP,71.0,16.664,3.378,33.509,0.115,1.3582,0.0
ATOM,1114.0,HH2,TRP,71.0,16.294,1.24,34.51,0.115,1.3582,0.0
ATOM,1115.0,N,ASN,72.0,20.094,8.335,35.31,-0.47,1.85,0.0
ATOM,1116.0,CA,ASN,72.0,20.171,9.681,34.773,0.07,2.275,0.59
ATOM,1117.0,C,ASN,72.0,18.855,10.041,34.082,0.51,2.0,0.0
ATOM,1118.0,O,ASN,72.0,17.883,9.264,34.182,-0.51,1.7,0.0
ATOM,1119.0,CB,ASN,72.0,21.377,9.781,33.833,-0.18,2.175,8.53
ATOM,1120.0,CG,ASN,72.0,21.265,8.884,32.639,0.55,2.0,0.0
ATOM,1121.0,H,ASN,72.0,20.121,7.478,34.731,0.31,0.2245,0.0
ATOM,1122.0,HA,ASN,72.0,20.273,10.31,35.547,0.09,1.32,6.19
ATOM,1123.0,HB2,ASN,72.0,21.45,10.729,33.524,0.09,1.32,0.0
ATOM,1124.0,HB3,ASN,72.0,22.194,9.534,34.353,0.09,1.32,6.74
ATOM,1125.0,OD1,ASN,72.0,20.16,8.528,32.202,-0.55,1.7,0.08
ATOM,1126.0,ND2,ASN,72.0,22.425,8.513,32.077,-0.62,1.85,6.11
ATOM,1127.0,HD22,ASN,72.0,23.288,8.828,32.46,0.3,0.2245,11.15
ATOM,1128.0,HD21,ASN,72.0,22.416,7.919,31.273,0.32,0.2245,6.8
ATOM,1129.0,N,GLY,73.0,18.807,11.229,33.464,-0.47,1.85,1.4
ATOM,1130.0,CA,GLY,73.0,17.65,11.662,32.685,-0.02,2.175,0.11
ATOM,1131.0,C,GLY,73.0,16.396,11.852,33.505,0.51,2.0,0.0
ATOM,1132.0,O,GLY,73.0,16.413,12.024,34.741,-0.51,1.7,1.45
ATOM,1133.0,H,GLY,73.0,19.663,11.81,33.589,0.31,0.2245,0.15
ATOM,1134.0,HA2,GLY,73.0,17.88,12.536,32.211,0.09,1.32,0.0
ATOM,1135.0,HA3,GLY,73.0,17.473,10.977,31.949,0.09,1.32,0.0
ATOM,1136.0,N,MET,74.0,15.277,11.847,32.806,-0.47,1.85,0.0
ATOM,1137.0,CA,MET,74.0,13.982,12.007,33.468,0.07,2.275,0.0
ATOM,1138.0,C,MET,74.0,13.67,10.9,34.43,0.51,2.0,0.0
ATOM,1139.0,O,MET,74.0,13.091,11.153,35.51,-0.51,1.7,0.0
ATOM,1140.0,CB,MET,74.0,12.898,12.126,32.396,-0.18,2.175,0.0
ATOM,1141.0,CG,MET,74.0,13.001,13.464,31.613,-0.14,2.175,0.0
ATOM,1142.0,SD,MET,74.0,11.697,13.526,30.286,-0.09,2.0,0.0
ATOM,1143.0,CE,MET,74.0,12.444,12.352,29.081,-0.22,2.06,0.0
ATOM,1144.0,H,MET,74.0,15.386,11.725,31.787,0.31,0.2245,0.0
ATOM,1145.0,HA,MET,74.0,14.008,12.885,33.982,0.09,1.32,0.0
ATOM,1146.0,HB2,MET,74.0,12.992,11.382,31.74,0.09,1.32,0.0
ATOM,1147.0,HB3,MET,74.0,11.999,12.093,32.824,0.09,1.32,0.0
ATOM,1148.0,HG2,MET,74.0,12.875,14.226,32.253,0.09,1.32,0.0
ATOM,1149.0,HG3,MET,74.0,13.913,13.531,31.201,0.09,1.32,0.0
ATOM,1150.0,HE1,MET,74.0,12.043,12.525,28.189,0.09,1.32,0.0
ATOM,1151.0,HE2,MET,74.0,13.424,12.509,29.061,0.09,1.32,0.0
ATOM,1152.0,HE3,MET,74.0,12.243,11.427,29.382,0.09,1.32,0.0
ATOM,1153.0,N,VAL,75.0,14.064,9.677,34.112,-0.47,1.85,0.0
ATOM,1154.0,CA,VAL,75.0,13.888,8.593,35.086,0.07,2.275,0.0
ATOM,1155.0,C,VAL,75.0,14.59,8.951,36.395,0.51,2.0,0.0
ATOM,1156.0,O,VAL,75.0,14.002,8.894,37.497,-0.51,1.7,0.0
ATOM,1157.0,CB,VAL,75.0,14.387,7.221,34.545,-0.09,2.275,0.0
ATOM,1158.0,CG1,VAL,75.0,14.192,6.136,35.666,-0.27,2.06,0.0
ATOM,1159.0,CG2,VAL,75.0,13.635,6.878,33.205,-0.27,2.06,0.0
ATOM,1160.0,H,VAL,75.0,14.476,9.557,33.187,0.31,0.2245,0.0
ATOM,1161.0,HA,VAL,75.0,12.909,8.501,35.274,0.09,1.32,0.0
ATOM,1162.0,HB,VAL,75.0,15.355,7.286,34.395,0.09,1.32,0.0
ATOM,1163.0,HG11,VAL,75.0,14.92,5.468,35.579,0.09,1.32,0.0
ATOM,1164.0,HG12,VAL,75.0,14.235,6.59,36.547,0.09,1.32,0.0
ATOM,1165.0,HG13,VAL,75.0,13.306,5.71,35.533,0.09,1.32,0.0
ATOM,1166.0,HG21,VAL,75.0,14.25,7.075,32.453,0.09,1.32,0.0
ATOM,1167.0,HG22,VAL,75.0,13.397,5.916,33.228,0.09,1.32,0.0
ATOM,1168.0,HG23,VAL,75.0,12.823,7.444,33.159,0.09,1.32,0.0
ATOM,1169.0,N,GLY,76.0,15.82,9.403,36.269,-0.47,1.85,0.0
ATOM,1170.0,CA,GLY,76.0,16.572,9.786,37.459,-0.02,2.175,0.98
ATOM,1171.0,C,GLY,76.0,15.886,10.886,38.236,0.51,2.0,0.89
ATOM,1172.0,O,GLY,76.0,15.823,10.798,39.458,-0.51,1.7,0.0
ATOM,1173.0,H,GLY,76.0,16.187,9.461,35.313,0.31,0.2245,0.0
ATOM,1174.0,HA2,GLY,76.0,16.689,8.974,38.054,0.09,1.32,0.0
ATOM,1175.0,HA3,GLY,76.0,17.497,10.093,37.183,0.09,1.32,0.91
ATOM,1176.0,N,GLU,77.0,15.33,11.888,37.546,-0.47,1.85,0.72
ATOM,1177.0,CA,GLU,77.0,14.641,12.948,38.24,0.07,2.275,0.4
ATOM,1178.0,C,GLU,77.0,13.488,12.432,39.1,0.51,2.0,0.0
ATOM,1179.0,O,GLU,77.0,13.226,12.959,40.191,-0.51,1.7,0.0
ATOM,1180.0,CB,GLU,77.0,14.174,14.037,37.275,-0.18,2.175,0.0
ATOM,1181.0,CG,GLU,77.0,15.351,14.639,36.526,-0.28,2.175,3.12
ATOM,1182.0,CD,GLU,77.0,15.175,16.087,36.117,0.62,2.0,0.57
ATOM,1183.0,OE1,GLU,77.0,14.05,16.494,35.822,-0.76,1.7,4.15
ATOM,1184.0,OE2,GLU,77.0,16.19,16.808,36.038,-0.76,1.7,18.76
ATOM,1185.0,H,GLU,77.0,15.439,11.827,36.525,0.31,0.2245,0.0
ATOM,1186.0,HA,GLU,77.0,15.292,13.455,38.832,0.09,1.32,0.68
ATOM,1187.0,HB2,GLU,77.0,13.585,13.625,36.622,0.09,1.32,0.0
ATOM,1188.0,HB3,GLU,77.0,13.76,14.744,37.798,0.09,1.32,0.0
ATOM,1189.0,HG2,GLU,77.0,16.148,14.591,37.114,0.09,1.32,6.01
ATOM,1190.0,HG3,GLU,77.0,15.494,14.111,35.698,0.09,1.32,0.0
ATOM,1191.0,N,LEU,78.0,12.793,11.419,38.586,-0.47,1.85,0.0
ATOM,1192.0,CA,LEU,78.0,11.704,10.796,39.321,0.07,2.275,0.0
ATOM,1193.0,C,LEU,78.0,12.26,9.973,40.472,0.51,2.0,0.0
ATOM,1194.0,O,LEU,78.0,11.778,10.102,41.588,-0.51,1.7,1.15
ATOM,1195.0,CB,LEU,78.0,10.835,9.915,38.414,-0.18,2.175,0.0
ATOM,1196.0,CG,LEU,78.0,10.113,10.751,37.349,-0.09,2.275,0.0
ATOM,1197.0,CD1,LEU,78.0,9.334,9.766,36.415,-0.27,2.06,0.0
ATOM,1198.0,CD2,LEU,78.0,9.124,11.832,37.972,-0.27,2.06,0.0
ATOM,1199.0,H,LEU,78.0,13.092,11.123,37.638,0.31,0.2245,0.0
ATOM,1200.0,HA,LEU,78.0,11.117,11.516,39.7,0.09,1.32,0.0
ATOM,1201.0,HB2,LEU,78.0,11.419,9.286,37.95,0.09,1.32,0.0
ATOM,1202.0,HB3,LEU,78.0,10.156,9.487,38.966,0.09,1.32,0.0
ATOM,1203.0,HG,LEU,78.0,10.772,11.24,36.808,0.09,1.32,0.0
ATOM,1204.0,HD11,LEU,78.0,8.683,9.26,36.968,0.09,1.32,0.0
ATOM,1205.0,HD12,LEU,78.0,8.863,10.299,35.722,0.09,1.32,0.0
ATOM,1206.0,HD13,LEU,78.0,9.989,9.149,35.995,0.09,1.32,0.0
ATOM,1207.0,HD21,LEU,78.0,9.662,12.438,38.54,0.09,1.32,0.0
ATOM,1208.0,HD22,LEU,78.0,8.704,12.322,37.221,0.09,1.32,0.0
ATOM,1209.0,HD23,LEU,78.0,8.447,11.346,38.506,0.09,1.32,0.0
ATOM,1210.0,N,VAL,79.0,13.272,9.164,40.186,-0.47,1.85,0.0
ATOM,1211.0,CA,VAL,79.0,13.811,8.217,41.162,0.07,2.275,0.09
ATOM,1212.0,C,VAL,79.0,14.37,8.948,42.404,0.51,2.0,0.0
ATOM,1213.0,O,VAL,79.0,14.147,8.509,43.552,-0.51,1.7,25.22
ATOM,1214.0,CB,VAL,79.0,14.849,7.289,40.489,-0.09,2.275,0.0
ATOM,1215.0,CG1,VAL,79.0,15.781,6.686,41.517,-0.27,2.06,11.54
ATOM,1216.0,CG2,VAL,79.0,14.127,6.185,39.714,-0.27,2.06,0.0
ATOM,1217.0,H,VAL,79.0,13.646,9.259,39.219,0.31,0.2245,0.0
ATOM,1218.0,HA,VAL,79.0,13.062,7.622,41.474,0.09,1.32,3.85
ATOM,1219.0,HB,VAL,79.0,15.402,7.852,39.881,0.09,1.32,0.0
ATOM,1220.0,HG11,VAL,79.0,16.263,7.415,42.006,0.09,1.32,0.0
ATOM,1221.0,HG12,VAL,79.0,15.255,6.142,42.173,0.09,1.32,8.66
ATOM,1222.0,HG13,VAL,79.0,16.451,6.096,41.062,0.09,1.32,0.0
ATOM,1223.0,HG21,VAL,79.0,13.598,5.63,40.354,0.09,1.32,1.29
ATOM,1224.0,HG22,VAL,79.0,13.517,6.603,39.043,0.09,1.32,0.0
ATOM,1225.0,HG23,VAL,79.0,14.804,5.616,39.25,0.09,1.32,0.0
ATOM,1226.0,N,TYR,80.0,15.041,10.064,42.163,-0.47,1.85,0.0
ATOM,1227.0,CA,TYR,80.0,15.718,10.822,43.226,0.07,2.275,1.3
ATOM,1228.0,C,TYR,80.0,14.866,11.947,43.832,0.51,2.0,1.53
ATOM,1229.0,O,TYR,80.0,15.333,12.693,44.711,-0.51,1.7,20.2
ATOM,1230.0,CB,TYR,80.0,17.077,11.319,42.728,-0.18,2.175,3.17
ATOM,1231.0,CG,TYR,80.0,17.905,10.131,42.34,0.0,1.9924,0.74
ATOM,1232.0,CD1,TYR,80.0,18.138,9.075,43.25,-0.115,1.9924,9.57
ATOM,1233.0,CD2,TYR,80.0,18.375,10.003,41.044,-0.115,1.9924,8.74
ATOM,1234.0,CE1,TYR,80.0,18.875,7.952,42.859,-0.115,1.9924,11.02
ATOM,1235.0,CE2,TYR,80.0,19.1,8.899,40.643,-0.115,1.9924,1.88
ATOM,1236.0,CZ,TYR,80.0,19.36,7.886,41.551,0.11,1.9924,0.45
ATOM,1237.0,OH,TYR,80.0,20.047,6.793,41.124,-0.54,1.77,3.03
ATOM,1238.0,H,TYR,80.0,15.052,10.362,41.164,0.31,0.2245,0.0
ATOM,1239.0,HA,TYR,80.0,15.953,10.173,43.973,0.09,1.32,2.63
ATOM,1240.0,HB2,TYR,80.0,16.931,11.876,41.94,0.09,1.32,0.16
ATOM,1241.0,HB3,TYR,80.0,17.52,11.789,43.46,0.09,1.32,5.54
ATOM,1242.0,HD1,TYR,80.0,17.776,9.133,44.171,0.115,1.3582,10.64
ATOM,1243.0,HD2,TYR,80.0,18.183,10.731,40.379,0.115,1.3582,4.85
ATOM,1244.0,HE1,TYR,80.0,19.049,7.214,43.5,0.115,1.3582,16.19
ATOM,1245.0,HE2,TYR,80.0,19.437,8.828,39.704,0.115,1.3582,0.0
ATOM,1246.0,HH,TYR,80.0,20.965,6.796,41.523,0.43,0.2245,4.88
ATOM,1247.0,N,GLY,81.0,13.629,12.037,43.373,-0.47,1.85,0.27
ATOM,1248.0,CA,GLY,81.0,12.648,12.975,43.903,-0.02,2.175,14.37
ATOM,1249.0,C,GLY,81.0,12.794,14.419,43.453,0.51,2.0,0.0
ATOM,1250.0,O,GLY,81.0,12.34,15.332,44.144,-0.51,1.7,31.18
ATOM,1251.0,H,GLY,81.0,13.411,11.372,42.59,0.31,0.2245,0.0
ATOM,1252.0,HA2,GLY,81.0,11.705,12.644,43.657,0.09,1.32,2.84
ATOM,1253.0,HA3,GLY,81.0,12.679,12.942,44.931,0.09,1.32,10.37
ATOM,1254.0,N,LYS,82.0,13.409,14.634,42.312,-0.47,1.85,0.0
ATOM,1255.0,CA,LYS,82.0,13.608,15.989,41.797,0.07,2.275,0.84
ATOM,1256.0,C,LYS,82.0,12.404,16.463,40.96,0.51,2.0,0.98
ATOM,1257.0,O,LYS,82.0,12.291,17.669,40.609,-0.51,1.7,17.78
ATOM,1258.0,CB,LYS,82.0,14.904,16.075,41.003,-0.18,2.175,1.94
ATOM,1259.0,CG,LYS,82.0,16.183,15.649,41.757,-0.18,2.175,2.32
ATOM,1260.0,CD,LYS,82.0,16.477,16.626,42.916,-0.18,2.175,11.54
ATOM,1261.0,CE,LYS,82.0,17.746,16.225,43.731,0.21,2.175,22.27
ATOM,1262.0,NZ,LYS,82.0,18.905,15.843,42.844,-0.3,1.85,13.44
ATOM,1263.0,H,LYS,82.0,13.737,13.785,41.814,0.31,0.2245,0.0
ATOM,1264.0,HA,LYS,82.0,13.722,16.622,42.574,0.09,1.32,3.59
ATOM,1265.0,HB2,LYS,82.0,14.823,15.488,40.192,0.09,1.32,0.0
ATOM,1266.0,HB3,LYS,82.0,15.033,17.025,40.703,0.09,1.32,7.81
ATOM,1267.0,HG2,LYS,82.0,16.047,14.742,42.132,0.09,1.32,0.0
ATOM,1268.0,HG3,LYS,82.0,16.947,15.662,41.127,0.09,1.32,5.61
ATOM,1269.0,HD2,LYS,82.0,16.629,17.533,42.541,0.09,1.32,10.15
ATOM,1270.0,HD3,LYS,82.0,15.704,16.629,43.538,0.09,1.32,3.76
ATOM,1271.0,HE2,LYS,82.0,18.009,17.003,44.301,0.05,1.32,11.93
ATOM,1272.0,HE3,LYS,82.0,17.509,15.449,44.316,0.05,1.32,3.87
ATOM,1273.0,HZ1,LYS,82.0,18.99,16.519,42.117,0.33,0.2245,15.21
ATOM,1274.0,HZ2,LYS,82.0,19.737,15.823,43.392,0.33,0.2245,20.51
ATOM,1275.0,HZ3,LYS,82.0,18.729,14.942,42.456,0.33,0.2245,6.19
ATOM,1276.0,N,ALA,83.0,11.512,15.535,40.626,-0.47,1.85,0.0
ATOM,1277.0,CA,ALA,83.0,10.298,15.892,39.855,0.07,2.275,1.96
ATOM,1278.0,C,ALA,83.0,9.148,14.974,40.278,0.51,2.0,0.35
ATOM,1279.0,O,ALA,83.0,9.39,13.89,40.829,-0.51,1.7,1.49
ATOM,1280.0,CB,ALA,83.0,10.564,15.765,38.325,-0.27,2.06,0.35
ATOM,1281.0,H,ALA,83.0,11.724,14.578,40.935,0.31,0.2245,0.0
ATOM,1282.0,HA,ALA,83.0,10.054,16.835,40.069,0.09,1.32,0.0
ATOM,1283.0,HB1,ALA,83.0,11.519,15.978,38.151,0.09,1.32,0.0
ATOM,1284.0,HB2,ALA,83.0,10.361,14.833,38.045,0.09,1.32,0.0
ATOM,1285.0,HB3,ALA,83.0,9.974,16.407,37.847,0.09,1.32,0.0
ATOM,1286.0,N,ASP,84.0,7.91,15.409,40.062,-0.47,1.85,0.0
ATOM,1287.0,CA,ASP,84.0,6.756,14.633,40.517,0.07,2.275,0.44
ATOM,1288.0,C,ASP,84.0,6.194,13.781,39.381,0.51,2.0,0.0
ATOM,1289.0,O,ASP,84.0,5.552,12.775,39.631,-0.51,1.7,0.0
ATOM,1290.0,CB,ASP,84.0,5.662,15.581,40.987,-0.28,2.175,2.86
ATOM,1291.0,CG,ASP,84.0,6.099,16.416,42.152,0.62,2.0,3.27
ATOM,1292.0,OD1,ASP,84.0,6.594,15.814,43.137,-0.76,1.7,37.13
ATOM,1293.0,OD2,ASP,84.0,6.047,17.654,42.148,-0.76,1.7,10.34
ATOM,1294.0,H,ASP,84.0,7.837,16.308,39.564,0.31,0.2245,0.0
ATOM,1295.0,HA,ASP,84.0,7.084,14.0,41.225,0.09,1.32,0.32
ATOM,1296.0,HB2,ASP,84.0,5.427,16.178,40.228,0.09,1.32,0.0
ATOM,1297.0,HB3,ASP,84.0,4.876,15.034,41.254,0.09,1.32,1.41
ATOM,1298.0,N,ILE,85.0,6.444,14.173,38.133,-0.47,1.85,0.0
ATOM,1299.0,CA,ILE,85.0,5.87,13.429,36.999,0.07,2.275,0.0
ATOM,1300.0,C,ILE,85.0,6.723,13.754,35.772,0.51,2.0,0.0
ATOM,1301.0,O,ILE,85.0,7.247,14.867,35.69,-0.51,1.7,0.0
ATOM,1302.0,CB,ILE,85.0,4.379,13.864,36.763,-0.09,2.275,0.0
ATOM,1303.0,CG1,ILE,85.0,3.702,13.054,35.648,-0.18,2.175,0.0
ATOM,1304.0,CG2,ILE,85.0,4.212,15.404,36.553,-0.27,2.06,0.0
ATOM,1305.0,CD1,ILE,85.0,2.134,13.156,35.781,-0.27,2.06,0.0
ATOM,1306.0,H,ILE,85.0,7.042,14.998,38.033,0.31,0.2245,0.0
ATOM,1307.0,HA,ILE,85.0,6.012,12.47,37.198,0.09,1.32,0.0
ATOM,1308.0,HB,ILE,85.0,3.885,13.698,37.615,0.09,1.32,0.0
ATOM,1309.0,HG12,ILE,85.0,3.951,13.42,34.779,0.09,1.32,0.0
ATOM,1310.0,HG13,ILE,85.0,3.943,12.112,35.739,0.09,1.32,0.0
ATOM,1311.0,HG21,ILE,85.0,3.243,15.616,36.548,0.09,1.32,0.0
ATOM,1312.0,HG22,ILE,85.0,4.667,15.873,37.299,0.09,1.32,0.0
ATOM,1313.0,HG23,ILE,85.0,4.626,15.648,35.685,0.09,1.32,0.0
ATOM,1314.0,HD11,ILE,85.0,1.889,14.111,35.704,0.09,1.32,0.0
ATOM,1315.0,HD12,ILE,85.0,1.736,12.624,35.049,0.09,1.32,0.0
ATOM,1316.0,HD13,ILE,85.0,1.884,12.791,36.666,0.09,1.32,0.0
ATOM,1317.0,N,ALA,86.0,6.854,12.792,34.863,-0.47,1.85,0.0
ATOM,1318.0,CA,ALA,86.0,7.539,13.027,33.582,0.07,2.275,0.0
ATOM,1319.0,C,ALA,86.0,6.497,12.898,32.502,0.51,2.0,0.0
ATOM,1320.0,O,ALA,86.0,5.756,11.892,32.46,-0.51,1.7,0.21
ATOM,1321.0,CB,ALA,86.0,8.709,12.01,33.351,-0.27,2.06,0.0
ATOM,1322.0,H,ALA,86.0,6.441,11.879,35.126,0.31,0.2245,0.0
ATOM,1323.0,HA,ALA,86.0,7.901,13.95,33.583,0.09,1.32,0.0
ATOM,1324.0,HB1,ALA,86.0,8.587,11.248,33.974,0.09,1.32,0.0
ATOM,1325.0,HB2,ALA,86.0,8.671,11.701,32.409,0.09,1.32,0.0
ATOM,1326.0,HB3,ALA,86.0,9.567,12.475,33.532,0.09,1.32,0.0
ATOM,1327.0,N,ILE,87.0,6.414,13.933,31.649,-0.47,1.85,0.0
ATOM,1328.0,CA,ILE,87.0,5.449,13.93,30.525,0.07,2.275,0.0
ATOM,1329.0,C,ILE,87.0,6.242,14.219,29.279,0.51,2.0,0.0
ATOM,1330.0,O,ILE,87.0,6.667,15.359,29.075,-0.51,1.7,0.4
ATOM,1331.0,CB,ILE,87.0,4.358,14.983,30.731,-0.09,2.275,0.17
ATOM,1332.0,CG1,ILE,87.0,3.613,14.677,32.063,-0.18,2.175,0.0
ATOM,1333.0,CG2,ILE,87.0,3.359,14.942,29.559,-0.27,2.06,0.06
ATOM,1334.0,CD1,ILE,87.0,2.5,15.683,32.387,-0.27,2.06,0.43
ATOM,1335.0,H,ILE,87.0,7.063,14.71,31.838,0.31,0.2245,0.0
ATOM,1336.0,HA,ILE,87.0,5.121,12.999,30.459,0.09,1.32,0.0
ATOM,1337.0,HB,ILE,87.0,4.785,15.866,30.83,0.09,1.32,0.21
ATOM,1338.0,HG12,ILE,87.0,3.217,13.77,31.994,0.09,1.32,0.0
ATOM,1339.0,HG13,ILE,87.0,4.281,14.695,32.798,0.09,1.32,0.0
ATOM,1340.0,HG21,ILE,87.0,2.652,15.626,29.712,0.09,1.32,0.0
ATOM,1341.0,HG22,ILE,87.0,3.844,15.139,28.712,0.09,1.32,0.0
ATOM,1342.0,HG23,ILE,87.0,2.95,14.036,29.513,0.09,1.32,0.0
ATOM,1343.0,HD11,ILE,87.0,1.829,15.666,31.652,0.09,1.32,0.0
ATOM,1344.0,HD12,ILE,87.0,2.073,15.422,33.248,0.09,1.32,0.0
ATOM,1345.0,HD13,ILE,87.0,2.901,16.591,32.464,0.09,1.32,0.0
ATOM,1346.0,N,ALA,88.0,6.504,13.175,28.496,-0.47,1.85,0.02
ATOM,1347.0,CA,ALA,88.0,7.569,13.233,27.477,0.07,2.275,0.0
ATOM,1348.0,C,ALA,88.0,7.453,11.988,26.602,0.51,2.0,0.0
ATOM,1349.0,O,ALA,88.0,6.774,11.045,26.976,-0.51,1.7,0.0
ATOM,1350.0,CB,ALA,88.0,8.944,13.201,28.155,-0.27,2.06,0.0
ATOM,1351.0,H,ALA,88.0,5.916,12.342,28.656,0.31,0.2245,0.0
ATOM,1352.0,HA,ALA,88.0,7.426,14.039,26.913,0.09,1.32,0.0
ATOM,1353.0,HB1,ALA,88.0,9.474,12.44,27.787,0.09,1.32,0.0
ATOM,1354.0,HB2,ALA,88.0,9.419,14.06,27.975,0.09,1.32,0.0
ATOM,1355.0,HB3,ALA,88.0,8.823,13.083,29.138,0.09,1.32,0.0
ATOM,1356.0,N,PRO,89.0,8.142,11.944,25.466,-0.29,1.85,0.0
ATOM,1357.0,CA,PRO,89.0,8.2,10.695,24.669,0.02,2.275,0.0
ATOM,1358.0,C,PRO,89.0,9.146,9.647,25.33,0.51,2.0,0.0
ATOM,1359.0,O,PRO,89.0,10.252,9.33,24.89,-0.51,1.7,3.74
ATOM,1360.0,CB,PRO,89.0,8.657,11.192,23.254,-0.18,2.175,1.19
ATOM,1361.0,CG,PRO,89.0,9.548,12.358,23.561,-0.18,2.175,1.62
ATOM,1362.0,CD,PRO,89.0,8.869,13.061,24.821,0.0,2.175,0.0
ATOM,1363.0,HA,PRO,89.0,7.285,10.307,24.547,0.09,1.32,0.0
ATOM,1364.0,HB2,PRO,89.0,9.153,10.468,22.786,0.09,1.32,1.21
ATOM,1365.0,HB3,PRO,89.0,7.865,11.469,22.721,0.09,1.32,0.0
ATOM,1366.0,HG2,PRO,89.0,10.462,12.068,23.814,0.09,1.32,0.0
ATOM,1367.0,HG3,PRO,89.0,9.577,13.007,22.813,0.09,1.32,0.0
ATOM,1368.0,HD2,PRO,89.0,9.572,13.427,25.408,0.09,1.32,0.0
ATOM,1369.0,HD3,PRO,89.0,8.253,13.767,24.508,0.09,1.32,0.0
ATOM,1370.0,N,LEU,90.0,8.684,9.158,26.47,-0.47,1.85,0.0
ATOM,1371.0,CA,LEU,90.0,9.467,8.303,27.362,0.07,2.275,0.0
ATOM,1372.0,C,LEU,90.0,8.946,6.871,27.277,0.51,2.0,0.0
ATOM,1373.0,O,LEU,90.0,7.828,6.596,27.666,-0.51,1.7,0.0
ATOM,1374.0,CB,LEU,90.0,9.365,8.786,28.815,-0.18,2.175,0.22
ATOM,1375.0,CG,LEU,90.0,10.156,7.907,29.825,-0.09,2.275,0.0
ATOM,1376.0,CD1,LEU,90.0,11.697,8.027,29.637,-0.27,2.06,0.0
ATOM,1377.0,CD2,LEU,90.0,9.781,8.269,31.278,-0.27,2.06,0.0
ATOM,1378.0,H,LEU,90.0,7.693,9.438,26.687,0.31,0.2245,0.0
ATOM,1379.0,HA,LEU,90.0,10.42,8.312,27.059,0.09,1.32,0.0
ATOM,1380.0,HB2,LEU,90.0,9.742,9.693,28.867,0.09,1.32,0.0
ATOM,1381.0,HB3,LEU,90.0,8.421,8.757,29.086,0.09,1.32,0.0
ATOM,1382.0,HG,LEU,90.0,9.889,6.951,29.697,0.09,1.32,0.0
ATOM,1383.0,HD11,LEU,90.0,11.96,8.977,29.773,0.09,1.32,0.0
ATOM,1384.0,HD12,LEU,90.0,12.144,7.445,30.308,0.09,1.32,0.0
ATOM,1385.0,HD13,LEU,90.0,11.928,7.733,28.715,0.09,1.32,0.0
ATOM,1386.0,HD21,LEU,90.0,8.804,8.116,31.408,0.09,1.32,0.0
ATOM,1387.0,HD22,LEU,90.0,10.303,7.691,31.901,0.09,1.32,0.0
ATOM,1388.0,HD23,LEU,90.0,10.0,9.228,31.439,0.09,1.32,0.0
ATOM,1389.0,N,THR,91.0,9.771,5.982,26.742,-0.47,1.85,0.0
ATOM,1390.0,CA,THR,91.0,9.342,4.619,26.466,0.07,2.275,0.0
ATOM,1391.0,C,THR,91.0,9.196,3.741,27.692,0.51,2.0,0.0
ATOM,1392.0,O,THR,91.0,10.056,3.749,28.596,-0.51,1.7,0.0
ATOM,1393.0,CB,THR,91.0,10.314,3.982,25.466,0.14,2.275,0.0
ATOM,1394.0,OG1,THR,91.0,10.33,4.764,24.261,-0.66,1.77,0.3
ATOM,1395.0,CG2,THR,91.0,9.806,2.619,25.007,-0.27,2.06,0.0
ATOM,1396.0,H,THR,91.0,10.726,6.335,26.542,0.31,0.2245,0.94
ATOM,1397.0,HA,THR,91.0,8.435,4.661,25.993,0.09,1.32,0.0
ATOM,1398.0,HB,THR,91.0,11.253,3.993,25.862,0.09,1.32,0.0
ATOM,1399.0,HG21,THR,91.0,10.583,2.022,24.795,0.09,1.32,0.0
ATOM,1400.0,HG22,THR,91.0,9.257,2.201,25.733,0.09,1.32,0.0
ATOM,1401.0,HG23,THR,91.0,9.24,2.727,24.187,0.09,1.32,0.0
ATOM,1402.0,HG1,THR,91.0,10.182,5.735,24.474,0.43,0.2245,0.82
ATOM,1403.0,N,ILE,92.0,8.094,3.003,27.726,-0.47,1.85,0.0
ATOM,1404.0,CA,ILE,92.0,7.855,2.03,28.797,0.07,2.275,0.0
ATOM,1405.0,C,ILE,92.0,8.75,0.822,28.535,0.51,2.0,0.0
ATOM,1406.0,O,ILE,92.0,8.565,0.083,27.531,-0.51,1.7,9.86
ATOM,1407.0,CB,ILE,92.0,6.381,1.614,28.828,-0.09,2.275,0.17
ATOM,1408.0,CG1,ILE,92.0,5.45,2.811,29.098,-0.18,2.175,0.0
ATOM,1409.0,CG2,ILE,92.0,6.155,0.529,29.892,-0.27,2.06,16.51
ATOM,1410.0,CD1,ILE,92.0,3.96,2.575,28.804,-0.27,2.06,2.41
ATOM,1411.0,H,ILE,92.0,7.429,3.168,26.948,0.31,0.2245,0.0
ATOM,1412.0,HA,ILE,92.0,8.182,2.452,29.634,0.09,1.32,0.0
ATOM,1413.0,HB,ILE,92.0,6.142,1.241,27.931,0.09,1.32,1.91
ATOM,1414.0,HG12,ILE,92.0,5.544,3.075,30.061,0.09,1.32,0.0
ATOM,1415.0,HG13,ILE,92.0,5.761,3.583,28.535,0.09,1.32,0.0
ATOM,1416.0,HG21,ILE,92.0,5.206,0.227,29.854,0.09,1.32,6.25
ATOM,1417.0,HG22,ILE,92.0,6.761,-0.24,29.708,0.09,1.32,3.48
ATOM,1418.0,HG23,ILE,92.0,6.353,0.908,30.792,0.09,1.32,0.0
ATOM,1419.0,HD11,ILE,92.0,3.637,1.826,29.374,0.09,1.32,3.93
ATOM,1420.0,HD12,ILE,92.0,3.457,3.408,29.013,0.09,1.32,0.0
ATOM,1421.0,HD13,ILE,92.0,3.857,2.343,27.842,0.09,1.32,0.12
ATOM,1422.0,N,THR,93.0,9.749,0.638,29.396,-0.47,1.85,0.0
ATOM,1423.0,CA,THR,93.0,10.627,-0.532,29.312,0.07,2.275,0.88
ATOM,1424.0,C,THR,93.0,10.631,-1.297,30.604,0.51,2.0,0.76
ATOM,1425.0,O,THR,93.0,10.322,-0.76,31.676,-0.51,1.7,0.0
ATOM,1426.0,CB,THR,93.0,12.111,-0.181,28.945,0.14,2.275,4.49
ATOM,1427.0,OG1,THR,93.0,12.684,0.565,30.028,-0.66,1.77,0.31
ATOM,1428.0,CG2,THR,93.0,12.179,0.772,27.739,-0.27,2.06,6.71
ATOM,1429.0,H,THR,93.0,9.85,1.377,30.115,0.31,0.2245,0.0
ATOM,1430.0,HA,THR,93.0,10.279,-1.13,28.577,0.09,1.32,5.05
ATOM,1431.0,HB,THR,93.0,12.624,-1.048,28.841,0.09,1.32,5.56
ATOM,1432.0,HG21,THR,93.0,12.376,0.246,26.912,0.09,1.32,6.73
ATOM,1433.0,HG22,THR,93.0,11.302,1.241,27.637,0.09,1.32,0.0
ATOM,1434.0,HG23,THR,93.0,12.903,1.445,27.888,0.09,1.32,1.12
ATOM,1435.0,HG1,THR,93.0,12.207,1.443,30.138,0.43,0.2245,0.0
ATOM,1436.0,N,LEU,94.0,11.061,-2.541,30.516,-0.47,1.85,3.53
ATOM,1437.0,CA,LEU,94.0,11.161,-3.381,31.687,0.07,2.275,2.45
ATOM,1438.0,C,LEU,94.0,12.055,-2.759,32.766,0.51,2.0,0.0
ATOM,1439.0,O,LEU,94.0,11.619,-2.641,33.913,-0.51,1.7,0.0
ATOM,1440.0,CB,LEU,94.0,11.665,-4.763,31.277,-0.18,2.175,5.24
ATOM,1441.0,CG,LEU,94.0,12.061,-5.752,32.384,-0.09,2.275,0.0
ATOM,1442.0,CD1,LEU,94.0,10.939,-6.087,33.327,-0.27,2.06,24.16
ATOM,1443.0,CD2,LEU,94.0,12.602,-7.049,31.724,-0.27,2.06,25.63
ATOM,1444.0,H,LEU,94.0,11.314,-2.853,29.558,0.31,0.2245,7.92
ATOM,1445.0,HA,LEU,94.0,10.239,-3.506,32.083,0.09,1.32,2.58
ATOM,1446.0,HB2,LEU,94.0,10.943,-5.205,30.734,0.09,1.32,9.57
ATOM,1447.0,HB3,LEU,94.0,12.473,-4.636,30.695,0.09,1.32,1.13
ATOM,1448.0,HG,LEU,94.0,12.836,-5.352,32.903,0.09,1.32,0.33
ATOM,1449.0,HD11,LEU,94.0,10.178,-6.502,32.822,0.09,1.32,10.11
ATOM,1450.0,HD12,LEU,94.0,11.258,-6.734,34.024,0.09,1.32,5.24
ATOM,1451.0,HD13,LEU,94.0,10.612,-5.254,33.781,0.09,1.32,0.26
ATOM,1452.0,HD21,LEU,94.0,13.396,-6.818,31.169,0.09,1.32,0.0
ATOM,1453.0,HD22,LEU,94.0,12.858,-7.689,32.442,0.09,1.32,9.4
ATOM,1454.0,HD23,LEU,94.0,11.885,-7.44,31.154,0.09,1.32,9.75
ATOM,1455.0,N,VAL,95.0,13.297,-2.408,32.419,-0.47,1.85,0.0
ATOM,1456.0,CA,VAL,95.0,14.209,-1.854,33.407,0.07,2.275,0.0
ATOM,1457.0,C,VAL,95.0,13.699,-0.579,34.067,0.51,2.0,0.0
ATOM,1458.0,O,VAL,95.0,13.886,-0.409,35.271,-0.51,1.7,0.43
ATOM,1459.0,CB,VAL,95.0,15.662,-1.697,32.883,-0.09,2.275,1.99
ATOM,1460.0,CG1,VAL,95.0,16.216,-3.034,32.456,-0.27,2.06,12.77
ATOM,1461.0,CG2,VAL,95.0,15.717,-0.673,31.757,-0.27,2.06,13.08
ATOM,1462.0,H,VAL,95.0,13.535,-2.561,31.429,0.31,0.2245,0.93
ATOM,1463.0,HA,VAL,95.0,14.341,-2.55,34.139,0.09,1.32,0.0
ATOM,1464.0,HB,VAL,95.0,16.215,-1.372,33.643,0.09,1.32,4.0
ATOM,1465.0,HG11,VAL,95.0,17.093,-2.906,31.988,0.09,1.32,4.79
ATOM,1466.0,HG12,VAL,95.0,16.356,-3.617,33.259,0.09,1.32,5.88
ATOM,1467.0,HG13,VAL,95.0,15.574,-3.485,31.832,0.09,1.32,0.0
ATOM,1468.0,HG21,VAL,95.0,16.644,-0.642,31.385,0.09,1.32,8.22
ATOM,1469.0,HG22,VAL,95.0,15.075,-0.938,31.039,0.09,1.32,0.63
ATOM,1470.0,HG23,VAL,95.0,15.468,0.226,32.117,0.09,1.32,0.0
ATOM,1471.0,N,ARG,96.0,13.009,0.28,33.29,-0.47,1.85,0.0
ATOM,1472.0,CA,ARG,96.0,12.454,1.518,33.888,0.07,2.275,0.0
ATOM,1473.0,C,ARG,96.0,11.261,1.173,34.757,0.51,2.0,0.0
ATOM,1474.0,O,ARG,96.0,11.11,1.741,35.835,-0.51,1.7,0.0
ATOM,1475.0,CB,ARG,96.0,12.079,2.535,32.816,-0.18,2.175,0.0
ATOM,1476.0,CG,ARG,96.0,13.289,3.067,32.079,-0.18,2.175,0.03
ATOM,1477.0,CD,ARG,96.0,12.893,3.858,30.851,0.2,2.175,0.0
ATOM,1478.0,NE,ARG,96.0,14.013,4.518,30.147,-0.7,1.85,2.71
ATOM,1479.0,CZ,ARG,96.0,13.915,5.03,28.934,0.64,2.0,0.15
ATOM,1480.0,NH1,ARG,96.0,12.771,4.923,28.259,-0.8,1.85,0.0
ATOM,1481.0,NH2,ARG,96.0,14.99,5.627,28.395,-0.8,1.85,2.49
ATOM,1482.0,H,ARG,96.0,12.909,0.018,32.314,0.31,0.2245,0.0
ATOM,1483.0,HA,ARG,96.0,13.165,1.938,34.453,0.09,1.32,0.0
ATOM,1484.0,HB2,ARG,96.0,11.485,2.092,32.16,0.09,1.32,0.0
ATOM,1485.0,HB3,ARG,96.0,11.622,3.296,33.254,0.09,1.32,0.0
ATOM,1486.0,HG2,ARG,96.0,13.811,3.668,32.683,0.09,1.32,0.0
ATOM,1487.0,HG3,ARG,96.0,13.863,2.304,31.786,0.09,1.32,0.0
ATOM,1488.0,HD2,ARG,96.0,12.435,3.234,30.206,0.09,1.32,0.0
ATOM,1489.0,HD3,ARG,96.0,12.231,4.565,31.131,0.09,1.32,0.0
ATOM,1490.0,HE,ARG,96.0,14.89,4.574,30.627,0.44,0.2245,0.05
ATOM,1491.0,HH11,ARG,96.0,11.976,4.48,28.658,0.46,0.2245,0.0
ATOM,1492.0,HH12,ARG,96.0,12.712,5.3,27.326,0.46,0.2245,0.85
ATOM,1493.0,HH21,ARG,96.0,15.836,5.695,28.917,0.46,0.2245,0.52
ATOM,1494.0,HH22,ARG,96.0,14.934,6.002,27.471,0.46,0.2245,0.35
ATOM,1495.0,N,GLU,97.0,10.44,0.22,34.306,-0.47,1.85,0.0
ATOM,1496.0,CA,GLU,97.0,9.227,-0.159,35.043,0.07,2.275,0.0
ATOM,1497.0,C,GLU,97.0,9.595,-0.657,36.436,0.51,2.0,0.0
ATOM,1498.0,O,GLU,97.0,8.806,-0.553,37.374,-0.51,1.7,4.2
ATOM,1499.0,CB,GLU,97.0,8.416,-1.218,34.266,-0.18,2.175,1.92
ATOM,1500.0,CG,GLU,97.0,7.155,-1.724,34.972,-0.28,2.175,20.26
ATOM,1501.0,CD,GLU,97.0,6.064,-0.654,35.005,0.62,2.0,3.21
ATOM,1502.0,OE1,GLU,97.0,6.142,0.307,35.799,-0.76,1.7,6.5
ATOM,1503.0,OE2,GLU,97.0,5.105,-0.748,34.221,-0.76,1.7,27.04
ATOM,1504.0,H,GLU,97.0,10.726,-0.218,33.414,0.31,0.2245,0.0
ATOM,1505.0,HA,GLU,97.0,8.62,0.635,35.118,0.09,1.32,0.0
ATOM,1506.0,HB2,GLU,97.0,8.135,-0.808,33.413,0.09,1.32,0.0
ATOM,1507.0,HB3,GLU,97.0,9.006,-1.995,34.119,0.09,1.32,0.0
ATOM,1508.0,HG2,GLU,97.0,6.807,-2.484,34.469,0.09,1.32,10.18
ATOM,1509.0,HG3,GLU,97.0,7.385,-1.938,35.895,0.09,1.32,3.28
ATOM,1510.0,N,GLU,98.0,10.814,-1.172,36.583,-0.47,1.85,0.0
ATOM,1511.0,CA,GLU,98.0,11.199,-1.726,37.879,0.07,2.275,0.53
ATOM,1512.0,C,GLU,98.0,11.467,-0.615,38.885,0.51,2.0,0.0
ATOM,1513.0,O,GLU,98.0,11.404,-0.876,40.089,-0.51,1.7,6.78
ATOM,1514.0,CB,GLU,98.0,12.435,-2.611,37.733,-0.18,2.175,5.06
ATOM,1515.0,CG,GLU,98.0,12.145,-3.914,36.965,-0.28,2.175,7.63
ATOM,1516.0,CD,GLU,98.0,13.401,-4.724,36.602,0.62,2.0,3.22
ATOM,1517.0,OE1,GLU,98.0,14.485,-4.142,36.376,-0.76,1.7,21.04
ATOM,1518.0,OE2,GLU,98.0,13.304,-5.973,36.522,-0.76,1.7,33.52
ATOM,1519.0,H,GLU,98.0,11.416,-1.146,35.761,0.31,0.2245,0.0
ATOM,1520.0,HA,GLU,98.0,10.464,-2.321,38.223,0.09,1.32,6.07
ATOM,1521.0,HB2,GLU,98.0,13.105,-2.117,37.221,0.09,1.32,0.08
ATOM,1522.0,HB3,GLU,98.0,12.738,-2.864,38.626,0.09,1.32,8.35
ATOM,1523.0,HG2,GLU,98.0,11.583,-4.486,37.536,0.09,1.32,10.17
ATOM,1524.0,HG3,GLU,98.0,11.695,-3.679,36.121,0.09,1.32,0.0
ATOM,1525.0,N,VAL,99.0,11.732,0.61,38.402,-0.47,1.85,0.0
ATOM,1526.0,CA,VAL,99.0,12.095,1.691,39.32,0.07,2.275,0.42
ATOM,1527.0,C,VAL,99.0,11.143,2.886,39.385,0.51,2.0,0.0
ATOM,1528.0,O,VAL,99.0,11.211,3.656,40.333,-0.51,1.7,5.9
ATOM,1529.0,CB,VAL,99.0,13.532,2.182,39.119,-0.09,2.275,0.27
ATOM,1530.0,CG1,VAL,99.0,14.519,1.04,39.347,-0.27,2.06,19.5
ATOM,1531.0,CG2,VAL,99.0,13.696,2.866,37.77,-0.27,2.06,0.0
ATOM,1532.0,H,VAL,99.0,11.66,0.71,37.387,0.31,0.2245,0.0
ATOM,1533.0,HA,VAL,99.0,12.152,1.289,40.266,0.09,1.32,2.66
ATOM,1534.0,HB,VAL,99.0,13.722,2.869,39.813,0.09,1.32,1.78
ATOM,1535.0,HG11,VAL,99.0,14.045,0.166,39.245,0.09,1.32,0.0
ATOM,1536.0,HG12,VAL,99.0,15.257,1.101,38.676,0.09,1.32,0.0
ATOM,1537.0,HG13,VAL,99.0,14.898,1.109,40.269,0.09,1.32,11.35
ATOM,1538.0,HG21,VAL,99.0,14.652,2.806,37.483,0.09,1.32,0.0
ATOM,1539.0,HG22,VAL,99.0,13.113,2.412,37.096,0.09,1.32,0.0
ATOM,1540.0,HG23,VAL,99.0,13.429,3.826,37.852,0.09,1.32,0.0
ATOM,1541.0,N,ILE,100.0,10.273,3.035,38.389,-0.47,1.85,0.0
ATOM,1542.0,CA,ILE,100.0,9.245,4.101,38.411,0.07,2.275,0.0
ATOM,1543.0,C,ILE,100.0,7.884,3.491,37.998,0.51,2.0,0.0
ATOM,1544.0,O,ILE,100.0,7.824,2.378,37.454,-0.51,1.7,0.13
ATOM,1545.0,CB,ILE,100.0,9.602,5.286,37.482,-0.09,2.275,0.0
ATOM,1546.0,CG1,ILE,100.0,9.892,4.778,36.053,-0.18,2.175,0.0
ATOM,1547.0,CG2,ILE,100.0,10.797,6.095,38.054,-0.27,2.06,0.0
ATOM,1548.0,CD1,ILE,100.0,10.163,5.884,34.914,-0.27,2.06,0.0
ATOM,1549.0,H,ILE,100.0,10.369,2.361,37.612,0.31,0.2245,0.0
ATOM,1550.0,HA,ILE,100.0,9.152,4.376,39.36,0.09,1.32,0.0
ATOM,1551.0,HB,ILE,100.0,8.815,5.888,37.437,0.09,1.32,0.0
ATOM,1552.0,HG12,ILE,100.0,10.699,4.182,36.068,0.09,1.32,0.0
ATOM,1553.0,HG13,ILE,100.0,9.113,4.231,35.733,0.09,1.32,0.0
ATOM,1554.0,HG21,ILE,100.0,10.964,6.877,37.464,0.09,1.32,0.0
ATOM,1555.0,HG22,ILE,100.0,10.565,6.4,38.971,0.09,1.32,0.0
ATOM,1556.0,HG23,ILE,100.0,11.597,5.506,38.079,0.09,1.32,0.0
ATOM,1557.0,HD11,ILE,100.0,10.95,6.399,35.202,0.09,1.32,0.0
ATOM,1558.0,HD12,ILE,100.0,10.328,5.393,34.077,0.09,1.32,0.0
ATOM,1559.0,HD13,ILE,100.0,9.354,6.441,34.863,0.09,1.32,0.0
ATOM,1560.0,N,ASP,101.0,6.824,4.24,38.23,-0.47,1.85,0.0
ATOM,1561.0,CA,ASP,101.0,5.494,3.868,37.706,0.07,2.275,0.17
ATOM,1562.0,C,ASP,101.0,5.221,4.531,36.359,0.51,2.0,0.0
ATOM,1563.0,O,ASP,101.0,5.649,5.638,36.111,-0.51,1.7,0.0
ATOM,1564.0,CB,ASP,101.0,4.399,4.353,38.642,-0.28,2.175,3.37
ATOM,1565.0,CG,ASP,101.0,4.31,3.559,39.939,0.62,2.0,3.13
ATOM,1566.0,OD1,ASP,101.0,4.915,2.454,40.083,-0.76,1.7,17.34
ATOM,1567.0,OD2,ASP,101.0,3.639,4.012,40.895,-0.76,1.7,13.72
ATOM,1568.0,H,ASP,101.0,6.988,5.09,38.794,0.31,0.2245,0.0
ATOM,1569.0,HA,ASP,101.0,5.51,2.874,37.552,0.09,1.32,0.16
ATOM,1570.0,HB2,ASP,101.0,4.581,5.307,38.87,0.09,1.32,0.0
ATOM,1571.0,HB3,ASP,101.0,3.525,4.279,38.167,0.09,1.32,5.88
ATOM,1572.0,N,PHE,102.0,4.471,3.826,35.509,-0.47,1.85,0.0
ATOM,1573.0,CA,PHE,102.0,4.056,4.362,34.212,0.07,2.275,0.21
ATOM,1574.0,C,PHE,102.0,2.541,4.204,34.058,0.51,2.0,1.55
ATOM,1575.0,O,PHE,102.0,1.951,3.152,34.413,-0.51,1.7,19.53
ATOM,1576.0,CB,PHE,102.0,4.65,3.529,33.092,-0.18,2.175,1.11
ATOM,1577.0,CG,PHE,102.0,6.094,3.798,32.785,0.0,1.9924,0.0
ATOM,1578.0,CD1,PHE,102.0,6.453,4.934,32.088,-0.115,1.9924,0.0
ATOM,1579.0,CD2,PHE,102.0,7.081,2.866,33.141,-0.115,1.9924,0.0
ATOM,1580.0,CE1,PHE,102.0,7.843,5.124,31.758,-0.115,1.9924,0.0
ATOM,1581.0,CE2,PHE,102.0,8.437,3.031,32.808,-0.115,1.9924,0.0
ATOM,1582.0,CZ,PHE,102.0,8.812,4.173,32.109,-0.115,1.9924,0.0
ATOM,1583.0,H,PHE,102.0,4.212,2.877,35.844,0.31,0.2245,3.02
ATOM,1584.0,HA,PHE,102.0,4.243,5.344,34.227,0.09,1.32,0.0
ATOM,1585.0,HB2,PHE,102.0,4.568,2.568,33.346,0.09,1.32,0.08
ATOM,1586.0,HB3,PHE,102.0,4.125,3.708,32.264,0.09,1.32,0.0
ATOM,1587.0,HD1,PHE,102.0,5.81,5.609,31.813,0.115,1.3582,0.0
ATOM,1588.0,HD2,PHE,102.0,6.808,2.044,33.658,0.115,1.3582,0.0
ATOM,1589.0,HE1,PHE,102.0,8.099,5.962,31.265,0.115,1.3582,0.0
ATOM,1590.0,HE2,PHE,102.0,9.105,2.337,33.072,0.115,1.3582,0.0
ATOM,1591.0,HZ,PHE,102.0,9.763,4.323,31.855,0.115,1.3582,0.0
ATOM,1592.0,N,SER,103.0,1.922,5.2,33.419,-0.47,1.85,3.11
ATOM,1593.0,CA,SER,103.0,0.541,5.068,32.95,0.07,2.275,0.9
ATOM,1594.0,C,SER,103.0,0.523,4.063,31.819,0.51,2.0,0.0
ATOM,1595.0,O,SER,103.0,1.565,3.719,31.274,-0.51,1.7,1.52
ATOM,1596.0,CB,SER,103.0,0.036,6.424,32.434,0.05,2.175,0.08
ATOM,1597.0,OG,SER,103.0,0.696,6.735,31.223,-0.66,1.77,0.0
ATOM,1598.0,H,SER,103.0,2.492,6.054,33.287,0.31,0.2245,0.0
ATOM,1599.0,HA,SER,103.0,-0.005,4.706,33.7,0.09,1.32,0.6
ATOM,1600.0,HB2,SER,103.0,-0.936,6.359,32.271,0.09,1.32,0.0
ATOM,1601.0,HB3,SER,103.0,0.244,7.116,33.108,0.09,1.32,0.37
ATOM,1602.0,HG,SER,103.0,0.347,6.149,30.492,0.43,0.2245,0.0
ATOM,1603.0,N,LYS,104.0,-0.674,3.585,31.466,-0.47,1.85,0.0
ATOM,1604.0,CA,LYS,104.0,-0.862,2.898,30.182,0.07,2.275,0.0
ATOM,1605.0,C,LYS,104.0,-0.436,3.862,29.056,0.51,2.0,0.0
ATOM,1606.0,O,LYS,104.0,-0.389,5.102,29.244,-0.51,1.7,0.0
ATOM,1607.0,CB,LYS,104.0,-2.338,2.462,30.021,-0.18,2.175,1.06
ATOM,1608.0,CG,LYS,104.0,-2.819,1.522,31.172,-0.18,2.175,1.52
ATOM,1609.0,CD,LYS,104.0,-1.961,0.321,31.378,-0.18,2.175,10.17
ATOM,1610.0,CE,LYS,104.0,-2.648,-0.71,32.362,0.21,2.175,22.1
ATOM,1611.0,NZ,LYS,104.0,-2.606,-0.301,33.828,-0.3,1.85,12.29
ATOM,1612.0,H,LYS,104.0,-1.428,3.736,32.151,0.31,0.2245,0.0
ATOM,1613.0,HA,LYS,104.0,-0.275,2.097,30.151,0.09,1.32,0.95
ATOM,1614.0,HB2,LYS,104.0,-2.907,3.268,30.035,0.09,1.32,0.0
ATOM,1615.0,HB3,LYS,104.0,-2.428,1.967,29.172,0.09,1.32,3.17
ATOM,1616.0,HG2,LYS,104.0,-2.85,2.075,32.018,0.09,1.32,0.0
ATOM,1617.0,HG3,LYS,104.0,-3.765,1.24,30.954,0.09,1.32,2.73
ATOM,1618.0,HD2,LYS,104.0,-1.818,-0.158,30.523,0.09,1.32,7.33
ATOM,1619.0,HD3,LYS,104.0,-1.097,0.573,31.793,0.09,1.32,3.53
ATOM,1620.0,HE2,LYS,104.0,-3.605,-0.813,32.077,0.05,1.32,9.51
ATOM,1621.0,HE3,LYS,104.0,-2.182,-1.593,32.254,0.05,1.32,11.84
ATOM,1622.0,HZ1,LYS,104.0,-2.628,-1.124,34.385,0.33,0.2245,20.14
ATOM,1623.0,HZ2,LYS,104.0,-1.766,0.205,33.989,0.33,0.2245,10.32
ATOM,1624.0,HZ3,LYS,104.0,-3.398,0.269,34.018,0.33,0.2245,6.32
ATOM,1625.0,N,PRO,105.0,-0.054,3.301,27.919,-0.29,1.85,0.0
ATOM,1626.0,CA,PRO,105.0,0.545,4.104,26.839,0.02,2.275,0.0
ATOM,1627.0,C,PRO,105.0,-0.398,5.228,26.426,0.51,2.0,0.0
ATOM,1628.0,O,PRO,105.0,-1.63,5.018,26.352,-0.51,1.7,5.79
ATOM,1629.0,CB,PRO,105.0,0.732,3.106,25.707,-0.18,2.175,0.36
ATOM,1630.0,CG,PRO,105.0,0.762,1.799,26.333,-0.18,2.175,13.22
ATOM,1631.0,CD,PRO,105.0,-0.115,1.865,27.56,0.0,2.175,8.98
ATOM,1632.0,HA,PRO,105.0,1.436,4.468,27.122,0.09,1.32,0.0
ATOM,1633.0,HB2,PRO,105.0,-0.029,3.188,25.041,0.09,1.32,4.1
ATOM,1634.0,HB3,PRO,105.0,1.591,3.304,25.205,0.09,1.32,0.0
ATOM,1635.0,HG2,PRO,105.0,0.422,1.074,25.704,0.09,1.32,11.65
ATOM,1636.0,HG3,PRO,105.0,1.708,1.533,26.598,0.09,1.32,1.76
ATOM,1637.0,HD2,PRO,105.0,-1.051,1.597,27.355,0.09,1.32,6.97
ATOM,1638.0,HD3,PRO,105.0,0.248,1.305,28.3,0.09,1.32,3.5
ATOM,1639.0,N,PHE,106.0,0.181,6.41,26.207,-0.47,1.85,0.0
ATOM,1640.0,CA,PHE,106.0,-0.518,7.506,25.519,0.07,2.275,0.3
ATOM,1641.0,C,PHE,106.0,-0.201,7.527,24.012,0.51,2.0,1.53
ATOM,1642.0,O,PHE,106.0,-0.904,8.184,23.227,-0.51,1.7,7.14
ATOM,1643.0,CB,PHE,106.0,-0.276,8.844,26.225,-0.18,2.175,0.0
ATOM,1644.0,CG,PHE,106.0,1.138,9.314,26.171,0.0,1.9924,0.0
ATOM,1645.0,CD1,PHE,106.0,1.602,10.014,25.056,-0.115,1.9924,0.0
ATOM,1646.0,CD2,PHE,106.0,1.992,9.155,27.276,-0.115,1.9924,0.0
ATOM,1647.0,CE1,PHE,106.0,2.931,10.417,24.949,-0.115,1.9924,0.0
ATOM,1648.0,CE2,PHE,106.0,3.321,9.634,27.21,-0.115,1.9924,0.0
ATOM,1649.0,CZ,PHE,106.0,3.784,10.27,26.062,-0.115,1.9924,0.0
ATOM,1650.0,H,PHE,106.0,1.154,6.49,26.559,0.31,0.2245,0.0
ATOM,1651.0,HA,PHE,106.0,-1.504,7.322,25.602,0.09,1.32,0.0
ATOM,1652.0,HB2,PHE,106.0,-0.847,9.522,25.783,0.09,1.32,0.0
ATOM,1653.0,HB3,PHE,106.0,-0.531,8.73,27.176,0.09,1.32,0.0
ATOM,1654.0,HD1,PHE,106.0,0.968,10.234,24.315,0.115,1.3582,0.0
ATOM,1655.0,HD2,PHE,106.0,1.669,8.713,28.096,0.115,1.3582,0.0
ATOM,1656.0,HE1,PHE,106.0,3.275,10.803,24.097,0.115,1.3582,0.0
ATOM,1657.0,HE2,PHE,106.0,3.927,9.505,28.009,0.115,1.3582,0.0
ATOM,1658.0,HZ,PHE,106.0,4.712,10.625,26.015,0.115,1.3582,0.0
ATOM,1659.0,N,MET,107.0,0.852,6.822,23.601,-0.47,1.85,0.28
ATOM,1660.0,CA,MET,107.0,1.199,6.68,22.186,0.07,2.275,1.96
ATOM,1661.0,C,MET,107.0,1.821,5.289,21.981,0.51,2.0,0.0
ATOM,1662.0,O,MET,107.0,2.53,4.78,22.854,-0.51,1.7,0.0
ATOM,1663.0,CB,MET,107.0,2.167,7.796,21.74,-0.18,2.175,0.41
ATOM,1664.0,CG,MET,107.0,2.708,7.689,20.346,-0.14,2.175,0.15
ATOM,1665.0,SD,MET,107.0,3.694,9.144,19.947,-0.09,2.0,0.0
ATOM,1666.0,CE,MET,107.0,2.503,10.248,19.551,-0.22,2.06,1.49
ATOM,1667.0,H,MET,107.0,1.404,6.383,24.369,0.31,0.2245,0.0
ATOM,1668.0,HA,MET,107.0,0.362,6.722,21.651,0.09,1.32,5.09
ATOM,1669.0,HB2,MET,107.0,1.685,8.689,21.84,0.09,1.32,0.0
ATOM,1670.0,HB3,MET,107.0,2.947,7.816,22.397,0.09,1.32,0.0
ATOM,1671.0,HG2,MET,107.0,3.27,6.846,20.266,0.09,1.32,0.0
ATOM,1672.0,HG3,MET,107.0,1.937,7.592,19.691,0.09,1.32,3.51
ATOM,1673.0,HE1,MET,107.0,1.728,10.25,20.218,0.09,1.32,0.28
ATOM,1674.0,HE2,MET,107.0,2.85,11.21,19.519,0.09,1.32,0.0
ATOM,1675.0,HE3,MET,107.0,2.086,10.068,18.635,0.09,1.32,0.0
ATOM,1676.0,N,SER,108.0,1.47,4.658,20.857,-0.47,1.85,0.29
ATOM,1677.0,CA,SER,108.0,1.975,3.339,20.494,0.07,2.275,0.0
ATOM,1678.0,C,SER,108.0,2.971,3.555,19.358,0.51,2.0,0.5
ATOM,1679.0,O,SER,108.0,2.777,4.453,18.519,-0.51,1.7,11.27
ATOM,1680.0,CB,SER,108.0,0.798,2.442,20.051,0.05,2.175,22.81
ATOM,1681.0,OG,SER,108.0,-0.067,2.18,21.159,-0.66,1.77,30.13
ATOM,1682.0,H,SER,108.0,0.799,5.196,20.259,0.31,0.2245,7.64
ATOM,1683.0,HA,SER,108.0,2.469,2.97,21.268,0.09,1.32,0.0
ATOM,1684.0,HB2,SER,108.0,0.287,2.913,19.348,0.09,1.32,8.85
ATOM,1685.0,HB3,SER,108.0,1.162,1.585,19.717,0.09,1.32,6.07
ATOM,1686.0,HG,SER,108.0,0.316,2.599,21.979,0.43,0.2245,0.82
ATOM,1687.0,N,LEU,109.0,4.045,2.76,19.314,-0.47,1.85,1.85
ATOM,1688.0,CA,LEU,109.0,5.168,3.053,18.421,0.07,2.275,2.66
ATOM,1689.0,C,LEU,109.0,6.052,1.813,18.323,0.51,2.0,0.32
ATOM,1690.0,O,LEU,109.0,5.828,0.847,19.046,-0.51,1.7,0.87
ATOM,1691.0,CB,LEU,109.0,5.978,4.215,18.976,-0.18,2.175,0.0
ATOM,1692.0,CG,LEU,109.0,6.515,3.961,20.376,-0.09,2.275,0.0
ATOM,1693.0,CD1,LEU,109.0,7.935,4.311,20.294,-0.27,2.06,0.0
ATOM,1694.0,CD2,LEU,109.0,5.792,4.775,21.457,-0.27,2.06,0.0
ATOM,1695.0,H,LEU,109.0,4.012,1.945,19.947,0.31,0.2245,0.0
ATOM,1696.0,HA,LEU,109.0,4.809,3.259,17.514,0.09,1.32,2.34
ATOM,1697.0,HB2,LEU,109.0,6.751,4.362,18.381,0.09,1.32,0.0
ATOM,1698.0,HB3,LEU,109.0,5.392,5.006,19.019,0.09,1.32,0.0
ATOM,1699.0,HG,LEU,109.0,6.396,3.009,20.59,0.09,1.32,0.0
ATOM,1700.0,HD11,LEU,109.0,8.056,5.278,20.026,0.09,1.32,0.0
ATOM,1701.0,HD12,LEU,109.0,8.394,4.177,21.184,0.09,1.32,0.0
ATOM,1702.0,HD13,LEU,109.0,8.411,3.739,19.611,0.09,1.32,0.0
ATOM,1703.0,HD21,LEU,109.0,4.822,4.536,21.455,0.09,1.32,0.0
ATOM,1704.0,HD22,LEU,109.0,6.19,4.564,22.348,0.09,1.32,0.0
ATOM,1705.0,HD23,LEU,109.0,5.899,5.749,21.262,0.09,1.32,0.0
ATOM,1706.0,N,GLY,110.0,7.056,1.863,17.46,-0.47,1.85,0.0
ATOM,1707.0,CA,GLY,110.0,8.037,0.794,17.351,-0.02,2.175,0.0
ATOM,1708.0,C,GLY,110.0,9.319,1.345,16.773,0.51,2.0,0.0
ATOM,1709.0,O,GLY,110.0,9.292,2.367,16.084,-0.51,1.7,0.0
ATOM,1710.0,H,GLY,110.0,7.082,2.724,16.873,0.31,0.2245,0.0
ATOM,1711.0,HA2,GLY,110.0,8.214,0.408,18.259,0.09,1.32,0.0
ATOM,1712.0,HA3,GLY,110.0,7.681,0.072,16.754,0.09,1.32,0.0
ATOM,1713.0,N,ILE,111.0,10.445,0.669,16.999,-0.47,1.85,0.0
ATOM,1714.0,CA,ILE,111.0,11.668,1.064,16.329,0.07,2.275,0.0
ATOM,1715.0,C,ILE,111.0,11.481,0.901,14.818,0.51,2.0,0.0
ATOM,1716.0,O,ILE,111.0,10.848,-0.061,14.376,-0.51,1.7,0.0
ATOM,1717.0,CB,ILE,111.0,12.849,0.212,16.813,-0.09,2.275,0.0
ATOM,1718.0,CG1,ILE,111.0,13.192,0.582,18.254,-0.18,2.175,0.0
ATOM,1719.0,CG2,ILE,111.0,14.069,0.546,15.997,-0.27,2.06,0.0
ATOM,1720.0,CD1,ILE,111.0,14.035,-0.489,18.97,-0.27,2.06,0.0
ATOM,1721.0,H,ILE,111.0,10.366,-0.115,17.657,0.31,0.2245,0.0
ATOM,1722.0,HA,ILE,111.0,11.783,2.041,16.493,0.09,1.32,0.0
ATOM,1723.0,HB,ILE,111.0,12.569,-0.739,16.797,0.09,1.32,0.0
ATOM,1724.0,HG12,ILE,111.0,13.702,1.434,18.257,0.09,1.32,0.0
ATOM,1725.0,HG13,ILE,111.0,12.347,0.7,18.764,0.09,1.32,0.0
ATOM,1726.0,HG21,ILE,111.0,14.855,0.019,16.325,0.09,1.32,0.0
ATOM,1727.0,HG22,ILE,111.0,13.907,0.325,15.034,0.09,1.32,0.0
ATOM,1728.0,HG23,ILE,111.0,14.277,1.522,16.076,0.09,1.32,0.0
ATOM,1729.0,HD11,ILE,111.0,14.887,-0.609,18.471,0.09,1.32,0.0
ATOM,1730.0,HD12,ILE,111.0,14.219,-0.181,19.898,0.09,1.32,0.0
ATOM,1731.0,HD13,ILE,111.0,13.521,-1.341,18.984,0.09,1.32,0.0
ATOM,1732.0,N,SER,112.0,12.045,1.832,14.053,-0.47,1.85,0.0
ATOM,1733.0,CA,SER,112.0,11.828,1.91,12.606,0.07,2.275,0.0
ATOM,1734.0,C,SER,112.0,13.097,2.426,11.933,0.51,2.0,0.0
ATOM,1735.0,O,SER,112.0,14.022,2.941,12.588,-0.51,1.7,0.0
ATOM,1736.0,CB,SER,112.0,10.627,2.839,12.311,0.05,2.175,0.33
ATOM,1737.0,OG,SER,112.0,10.966,4.188,12.612,-0.66,1.77,0.0
ATOM,1738.0,H,SER,112.0,12.656,2.504,14.571,0.31,0.2245,0.0
ATOM,1739.0,HA,SER,112.0,11.653,0.986,12.268,0.09,1.32,0.0
ATOM,1740.0,HB2,SER,112.0,10.401,2.766,11.351,0.09,1.32,0.12
ATOM,1741.0,HB3,SER,112.0,9.867,2.559,12.88,0.09,1.32,0.0
ATOM,1742.0,HG,SER,112.0,11.549,4.209,13.422,0.43,0.2245,0.0
ATOM,1743.0,N,ILE,113.0,13.137,2.26,10.605,-0.47,1.85,0.0
ATOM,1744.0,CA,ILE,113.0,14.273,2.7,9.805,0.07,2.275,0.0
ATOM,1745.0,C,ILE,113.0,13.978,3.96,9.054,0.51,2.0,0.0
ATOM,1746.0,O,ILE,113.0,12.983,4.045,8.312,-0.51,1.7,0.0
ATOM,1747.0,CB,ILE,113.0,14.695,1.598,8.832,-0.09,2.275,0.0
ATOM,1748.0,CG1,ILE,113.0,14.955,0.28,9.572,-0.18,2.175,0.0
ATOM,1749.0,CG2,ILE,113.0,15.928,2.019,8.024,-0.27,2.06,0.0
ATOM,1750.0,CD1,ILE,113.0,15.012,-0.92,8.561,-0.27,2.06,0.3
ATOM,1751.0,H,ILE,113.0,12.297,1.796,10.205,0.31,0.2245,0.0
ATOM,1752.0,HA,ILE,113.0,15.011,2.91,10.464,0.09,1.32,0.0
ATOM,1753.0,HB,ILE,113.0,13.947,1.444,8.19,0.09,1.32,0.0
ATOM,1754.0,HG12,ILE,113.0,15.818,0.326,10.031,0.09,1.32,0.0
ATOM,1755.0,HG13,ILE,113.0,14.218,0.107,10.195,0.09,1.32,0.0
ATOM,1756.0,HG21,ILE,113.0,16.141,1.31,7.357,0.09,1.32,0.0
ATOM,1757.0,HG22,ILE,113.0,15.735,2.876,7.553,0.09,1.32,0.0
ATOM,1758.0,HG23,ILE,113.0,16.7,2.142,8.643,0.09,1.32,0.0
ATOM,1759.0,HD11,ILE,113.0,15.748,-0.744,7.923,0.09,1.32,0.0
ATOM,1760.0,HD12,ILE,113.0,15.181,-1.746,9.08,0.09,1.32,0.0
ATOM,1761.0,HD13,ILE,113.0,14.14,-0.965,8.095,0.09,1.32,0.0
ATOM,1762.0,N,MET,114.0,14.811,4.964,9.266,-0.47,1.85,0.0
ATOM,1763.0,CA,MET,114.0,14.748,6.194,8.449,0.07,2.275,0.0
ATOM,1764.0,C,MET,114.0,15.816,6.163,7.381,0.51,2.0,0.0
ATOM,1765.0,O,MET,114.0,16.992,6.023,7.687,-0.51,1.7,0.0
ATOM,1766.0,CB,MET,114.0,14.967,7.456,9.334,-0.18,2.175,0.0
ATOM,1767.0,CG,MET,114.0,15.041,8.764,8.503,-0.14,2.175,0.0
ATOM,1768.0,SD,MET,114.0,15.423,10.194,9.553,-0.09,2.0,0.0
ATOM,1769.0,CE,MET,114.0,13.975,10.23,10.619,-0.22,2.06,0.0
ATOM,1770.0,H,MET,114.0,15.494,4.828,10.028,0.31,0.2245,0.0
ATOM,1771.0,HA,MET,114.0,13.85,6.216,8.004,0.09,1.32,0.0
ATOM,1772.0,HB2,MET,114.0,14.208,7.536,9.975,0.09,1.32,0.0
ATOM,1773.0,HB3,MET,114.0,15.824,7.355,9.833,0.09,1.32,0.0
ATOM,1774.0,HG2,MET,114.0,15.747,8.641,7.785,0.09,1.32,0.0
ATOM,1775.0,HG3,MET,114.0,14.152,8.888,8.029,0.09,1.32,0.0
ATOM,1776.0,HE1,MET,114.0,13.289,9.592,10.27,0.09,1.32,0.0
ATOM,1777.0,HE2,MET,114.0,14.238,9.964,11.546,0.09,1.32,0.0
ATOM,1778.0,HE3,MET,114.0,13.595,11.155,10.632,0.09,1.32,0.0
ATOM,1779.0,N,ILE,115.0,15.403,6.322,6.118,-0.47,1.85,0.0
ATOM,1780.0,CA,ILE,115.0,16.366,6.48,5.043,0.07,2.275,0.0
ATOM,1781.0,C,ILE,115.0,16.226,7.812,4.31,0.51,2.0,0.0
ATOM,1782.0,O,ILE,115.0,15.157,8.46,4.333,-0.51,1.7,0.0
ATOM,1783.0,CB,ILE,115.0,16.222,5.355,4.021,-0.09,2.275,0.0
ATOM,1784.0,CG1,ILE,115.0,14.752,5.254,3.571,-0.18,2.175,0.0
ATOM,1785.0,CG2,ILE,115.0,16.692,4.02,4.615,-0.27,2.06,0.0
ATOM,1786.0,CD1,ILE,115.0,14.588,4.578,2.158,-0.27,2.06,4.25
ATOM,1787.0,H,ILE,115.0,14.381,6.321,5.99,0.31,0.2245,0.0
ATOM,1788.0,HA,ILE,115.0,17.281,6.488,5.477,0.09,1.32,0.0
ATOM,1789.0,HB,ILE,115.0,16.765,5.582,3.224,0.09,1.32,0.0
ATOM,1790.0,HG12,ILE,115.0,14.247,4.711,4.223,0.09,1.32,0.0
ATOM,1791.0,HG13,ILE,115.0,14.37,6.164,3.51,0.09,1.32,0.0
ATOM,1792.0,HG21,ILE,115.0,16.61,3.307,3.924,0.09,1.32,0.0
ATOM,1793.0,HG22,ILE,115.0,17.643,4.105,4.9,0.09,1.32,0.0
ATOM,1794.0,HG23,ILE,115.0,16.124,3.794,5.402,0.09,1.32,0.0
ATOM,1795.0,HD11,ILE,115.0,14.965,3.665,2.216,0.09,1.32,0.0
ATOM,1796.0,HD12,ILE,115.0,13.622,4.553,1.947,0.09,1.32,0.0
ATOM,1797.0,HD13,ILE,115.0,15.083,5.129,1.502,0.09,1.32,0.0
ATOM,1798.0,N,LYS,116.0,17.329,8.242,3.725,-0.47,1.85,0.0
ATOM,1799.0,CA,LYS,116.0,17.284,9.298,2.698,0.07,2.275,0.0
ATOM,1800.0,C,LYS,116.0,16.521,8.672,1.52,0.51,2.0,0.0
ATOM,1801.0,O,LYS,116.0,16.732,7.506,1.154,-0.51,1.7,0.0
ATOM,1802.0,CB,LYS,116.0,18.697,9.667,2.225,-0.18,2.175,0.0
ATOM,1803.0,CG,LYS,116.0,18.687,10.888,1.325,-0.18,2.175,0.81
ATOM,1804.0,CD,LYS,116.0,20.014,11.609,1.232,-0.18,2.175,0.5
ATOM,1805.0,CE,LYS,116.0,19.813,12.976,0.563,0.21,2.175,5.69
ATOM,1806.0,NZ,LYS,116.0,19.708,12.874,-0.927,-0.3,1.85,13.94
ATOM,1807.0,H,LYS,116.0,18.206,7.792,4.035,0.31,0.2245,0.0
ATOM,1808.0,HA,LYS,116.0,16.769,10.059,3.041,0.09,1.32,0.0
ATOM,1809.0,HB2,LYS,116.0,19.247,9.865,3.022,0.09,1.32,0.0
ATOM,1810.0,HB3,LYS,116.0,19.062,8.901,1.717,0.09,1.32,0.07
ATOM,1811.0,HG2,LYS,116.0,18.406,10.603,0.393,0.09,1.32,0.12
ATOM,1812.0,HG3,LYS,116.0,17.987,11.538,1.664,0.09,1.32,0.0
ATOM,1813.0,HD2,LYS,116.0,20.371,11.759,2.14,0.09,1.32,0.0
ATOM,1814.0,HD3,LYS,116.0,20.637,11.083,0.677,0.09,1.32,0.4
ATOM,1815.0,HE2,LYS,116.0,18.973,13.389,0.924,0.05,1.32,0.0
ATOM,1816.0,HE3,LYS,116.0,20.591,13.566,0.798,0.05,1.32,2.23
ATOM,1817.0,HZ1,LYS,116.0,19.628,13.791,-1.313,0.33,0.2245,20.47
ATOM,1818.0,HZ2,LYS,116.0,20.527,12.427,-1.283,0.33,0.2245,11.29
ATOM,1819.0,HZ3,LYS,116.0,18.9,12.337,-1.162,0.33,0.2245,8.72
ATOM,1820.0,N,LYS,117.0,15.611,9.414,0.922,-0.47,1.85,0.0
ATOM,1821.0,CA,LYS,117.0,14.823,8.812,-0.157,0.07,2.275,0.0
ATOM,1822.0,C,LYS,117.0,15.768,8.229,-1.228,0.51,2.0,0.09
ATOM,1823.0,O,LYS,117.0,16.784,8.831,-1.557,-0.51,1.7,15.09
ATOM,1824.0,CB,LYS,117.0,13.881,9.869,-0.774,-0.18,2.175,9.28
ATOM,1825.0,CG,LYS,117.0,12.653,10.109,0.102,-0.18,2.175,1.43
ATOM,1826.0,CD,LYS,117.0,11.829,11.318,-0.403,-0.18,2.175,9.13
ATOM,1827.0,CE,LYS,117.0,10.446,11.303,0.282,0.21,2.175,6.55
ATOM,1828.0,NZ,LYS,117.0,9.579,12.414,-0.247,-0.3,1.85,9.47
ATOM,1829.0,H,LYS,117.0,15.507,10.37,1.247,0.31,0.2245,0.0
ATOM,1830.0,HA,LYS,117.0,14.271,8.067,0.217,0.09,1.32,0.0
ATOM,1831.0,HB2,LYS,117.0,14.38,10.715,-0.854,0.09,1.32,3.77
ATOM,1832.0,HB3,LYS,117.0,13.581,9.536,-1.653,0.09,1.32,8.37
ATOM,1833.0,HG2,LYS,117.0,12.069,9.302,0.08,0.09,1.32,0.03
ATOM,1834.0,HG3,LYS,117.0,12.944,10.297,1.035,0.09,1.32,0.0
ATOM,1835.0,HD2,LYS,117.0,12.294,12.142,-0.151,0.09,1.32,0.0
ATOM,1836.0,HD3,LYS,117.0,11.7,11.23,-1.369,0.09,1.32,8.48
ATOM,1837.0,HE2,LYS,117.0,10.008,10.43,0.097,0.05,1.32,5.44
ATOM,1838.0,HE3,LYS,117.0,10.573,11.425,1.261,0.05,1.32,0.0
ATOM,1839.0,HZ1,LYS,117.0,10.075,13.275,-0.171,0.33,0.2245,1.72
ATOM,1840.0,HZ2,LYS,117.0,9.363,12.228,-1.202,0.33,0.2245,18.54
ATOM,1841.0,HZ3,LYS,117.0,8.741,12.454,0.291,0.33,0.2245,15.52
ATOM,1842.0,N,GLY,118.0,15.442,7.041,-1.708,-0.47,1.85,2.18
ATOM,1843.0,CA,GLY,118.0,16.237,6.384,-2.742,-0.02,2.175,20.65
ATOM,1844.0,C,GLY,118.0,17.252,5.379,-2.231,0.51,2.0,2.3
ATOM,1845.0,O,GLY,118.0,17.855,4.636,-3.02,-0.51,1.7,23.12
ATOM,1846.0,H,GLY,118.0,14.586,6.619,-1.295,0.31,0.2245,5.82
ATOM,1847.0,HA2,GLY,118.0,15.604,5.916,-3.399,0.09,1.32,12.77
ATOM,1848.0,HA3,GLY,118.0,16.722,7.1,-3.291,0.09,1.32,9.07
ATOM,1849.0,N,THR,119.0,17.398,5.313,-0.913,-0.47,1.85,0.64
ATOM,1850.0,CA,THR,119.0,18.315,4.357,-0.324,0.07,2.275,0.56
ATOM,1851.0,C,THR,119.0,17.764,2.954,-0.553,0.51,2.0,0.0
ATOM,1852.0,O,THR,119.0,16.603,2.679,-0.208,-0.51,1.7,7.58
ATOM,1853.0,CB,THR,119.0,18.443,4.644,1.176,0.14,2.275,0.0
ATOM,1854.0,OG1,THR,119.0,18.975,5.968,1.34,-0.66,1.77,0.07
ATOM,1855.0,CG2,THR,119.0,19.507,3.694,1.804,-0.27,2.06,0.0
ATOM,1856.0,H,THR,119.0,16.823,5.976,-0.371,0.31,0.2245,0.0
ATOM,1857.0,HA,THR,119.0,19.197,4.426,-0.786,0.09,1.32,1.1
ATOM,1858.0,HB,THR,119.0,17.519,4.621,1.599,0.09,1.32,0.0
ATOM,1859.0,HG21,THR,119.0,19.157,2.761,1.783,0.09,1.32,0.0
ATOM,1860.0,HG22,THR,119.0,20.348,3.757,1.273,0.09,1.32,0.0
ATOM,1861.0,HG23,THR,119.0,19.675,3.976,2.745,0.09,1.32,0.0
ATOM,1862.0,HG1,THR,119.0,18.234,6.646,1.314,0.43,0.2245,0.0
ATOM,1863.0,N,PRO,120.0,18.576,2.051,-1.132,-0.29,1.85,0.0
ATOM,1864.0,CA,PRO,120.0,18.12,0.685,-1.432,0.02,2.275,3.94
ATOM,1865.0,C,PRO,120.0,18.108,-0.223,-0.212,0.51,2.0,1.12
ATOM,1866.0,O,PRO,120.0,18.855,-1.201,-0.154,-0.51,1.7,15.19
ATOM,1867.0,CB,PRO,120.0,19.14,0.198,-2.494,-0.18,2.175,20.22
ATOM,1868.0,CG,PRO,120.0,20.382,1.006,-2.293,-0.18,2.175,18.69
ATOM,1869.0,CD,PRO,120.0,19.947,2.284,-1.608,0.0,2.175,8.01
ATOM,1870.0,HA,PRO,120.0,17.204,0.709,-1.872,0.09,1.32,10.22
ATOM,1871.0,HB2,PRO,120.0,19.324,-0.786,-2.37,0.09,1.32,6.93
ATOM,1872.0,HB3,PRO,120.0,18.765,0.332,-3.42,0.09,1.32,11.97
ATOM,1873.0,HG2,PRO,120.0,21.042,0.505,-1.721,0.09,1.32,4.2
ATOM,1874.0,HG3,PRO,120.0,20.819,1.209,-3.177,0.09,1.32,11.98
ATOM,1875.0,HD2,PRO,120.0,20.558,2.506,-0.833,0.09,1.32,0.0
ATOM,1876.0,HD3,PRO,120.0,19.971,3.066,-2.25,0.09,1.32,4.48
ATOM,1877.0,N,ILE,121.0,17.241,0.104,0.742,-0.47,1.85,0.16
ATOM,1878.0,CA,ILE,121.0,17.041,-0.661,1.959,0.07,2.275,0.03
ATOM,1879.0,C,ILE,121.0,15.552,-0.711,2.192,0.51,2.0,0.0
ATOM,1880.0,O,ILE,121.0,14.879,0.334,2.155,-0.51,1.7,1.7
ATOM,1881.0,CB,ILE,121.0,17.715,0.068,3.198,-0.09,2.275,0.0
ATOM,1882.0,CG1,ILE,121.0,19.254,0.054,3.12,-0.18,2.175,0.0
ATOM,1883.0,CG2,ILE,121.0,17.186,-0.506,4.517,-0.27,2.06,0.0
ATOM,1884.0,CD1,ILE,121.0,19.894,-1.344,3.249,-0.27,2.06,2.08
ATOM,1885.0,H,ILE,121.0,16.7,0.988,0.532,0.31,0.2245,0.11
ATOM,1886.0,HA,ILE,121.0,17.333,-1.587,1.759,0.09,1.32,0.0
ATOM,1887.0,HB,ILE,121.0,17.407,1.015,3.178,0.09,1.32,0.0
ATOM,1888.0,HG12,ILE,121.0,19.532,0.447,2.245,0.09,1.32,0.0
ATOM,1889.0,HG13,ILE,121.0,19.611,0.628,3.856,0.09,1.32,0.0
ATOM,1890.0,HG21,ILE,121.0,17.538,0.037,5.276,0.09,1.32,0.0
ATOM,1891.0,HG22,ILE,121.0,16.19,-0.473,4.513,0.09,1.32,0.0
ATOM,1892.0,HG23,ILE,121.0,17.491,-1.451,4.609,0.09,1.32,0.0
ATOM,1893.0,HD11,ILE,121.0,19.555,-1.916,2.51,0.09,1.32,0.8
ATOM,1894.0,HD12,ILE,121.0,20.881,-1.247,3.187,0.09,1.32,0.0
ATOM,1895.0,HD13,ILE,121.0,19.639,-1.729,4.13,0.09,1.32,0.0
ATOM,1896.0,N,GLU,122.0,15.04,-1.898,2.492,-0.47,1.85,0.0
ATOM,1897.0,CA,GLU,122.0,13.629,-2.079,2.801,0.07,2.275,0.1
ATOM,1898.0,C,GLU,122.0,13.32,-2.655,4.186,0.51,2.0,0.0
ATOM,1899.0,O,GLU,122.0,12.141,-2.725,4.572,-0.51,1.7,3.33
ATOM,1900.0,CB,GLU,122.0,12.943,-2.952,1.721,-0.18,2.175,6.38
ATOM,1901.0,CG,GLU,122.0,13.095,-2.442,0.301,-0.28,2.175,11.08
ATOM,1902.0,CD,GLU,122.0,12.33,-3.277,-0.717,0.62,2.0,5.35
ATOM,1903.0,OE1,GLU,122.0,12.351,-4.527,-0.621,-0.76,1.7,39.07
ATOM,1904.0,OE2,GLU,122.0,11.696,-2.686,-1.614,-0.76,1.7,48.05
ATOM,1905.0,H,GLU,122.0,15.729,-2.681,2.487,0.31,0.2245,0.0
ATOM,1906.0,HA,GLU,122.0,13.142,-1.179,2.702,0.09,1.32,0.3
ATOM,1907.0,HB2,GLU,122.0,13.353,-3.847,1.769,0.09,1.32,1.54
ATOM,1908.0,HB3,GLU,122.0,11.982,-2.977,1.935,0.09,1.32,7.84
ATOM,1909.0,HG2,GLU,122.0,12.737,-1.527,0.259,0.09,1.32,6.84
ATOM,1910.0,HG3,GLU,122.0,14.047,-2.48,0.055,0.09,1.32,3.54
ATOM,1911.0,N,SER,123.0,14.336,-3.125,4.915,-0.47,1.85,0.0
ATOM,1912.0,CA,SER,123.0,14.088,-3.874,6.154,0.07,2.275,0.22
ATOM,1913.0,C,SER,123.0,15.354,-3.905,7.002,0.51,2.0,0.0
ATOM,1914.0,O,SER,123.0,16.437,-3.596,6.528,-0.51,1.7,0.0
ATOM,1915.0,CB,SER,123.0,13.705,-5.344,5.901,0.05,2.175,19.09
ATOM,1916.0,OG,SER,123.0,14.794,-6.048,5.275,-0.66,1.77,4.19
ATOM,1917.0,H,SER,123.0,15.275,-2.923,4.545,0.31,0.2245,0.0
ATOM,1918.0,HA,SER,123.0,13.38,-3.39,6.67,0.09,1.32,1.21
ATOM,1919.0,HB2,SER,123.0,13.504,-5.778,6.767,0.09,1.32,4.92
ATOM,1920.0,HB3,SER,123.0,12.921,-5.372,5.297,0.09,1.32,6.13
ATOM,1921.0,HG,SER,123.0,14.896,-5.718,4.342,0.43,0.2245,1.86
ATOM,1922.0,N,ALA,124.0,15.203,-4.358,8.243,-0.47,1.85,0.0
ATOM,1923.0,CA,ALA,124.0,16.354,-4.458,9.131,0.07,2.275,0.0
ATOM,1924.0,C,ALA,124.0,17.262,-5.57,8.614,0.51,2.0,0.0
ATOM,1925.0,O,ALA,124.0,18.499,-5.452,8.662,-0.51,1.7,0.0
ATOM,1926.0,CB,ALA,124.0,15.889,-4.729,10.56,-0.27,2.06,2.28
ATOM,1927.0,H,ALA,124.0,14.244,-4.619,8.507,0.31,0.2245,5.53
ATOM,1928.0,HA,ALA,124.0,16.858,-3.598,9.109,0.09,1.32,0.0
ATOM,1929.0,HB1,ALA,124.0,14.922,-4.979,10.552,0.09,1.32,4.19
ATOM,1930.0,HB2,ALA,124.0,16.425,-5.478,10.947,0.09,1.32,0.0
ATOM,1931.0,HB3,ALA,124.0,16.017,-3.906,11.112,0.09,1.32,0.0
ATOM,1932.0,N,GLU,125.0,16.652,-6.624,8.065,-0.47,1.85,0.33
ATOM,1933.0,CA,GLU,125.0,17.442,-7.726,7.533,0.07,2.275,0.0
ATOM,1934.0,C,GLU,125.0,18.369,-7.206,6.44,0.51,2.0,0.0
ATOM,1935.0,O,GLU,125.0,19.571,-7.461,6.488,-0.51,1.7,0.0
ATOM,1936.0,CB,GLU,125.0,16.558,-8.891,7.094,-0.18,2.175,3.38
ATOM,1937.0,CG,GLU,125.0,17.361,-10.143,6.816,-0.28,2.175,3.29
ATOM,1938.0,CD,GLU,125.0,16.491,-11.245,6.257,0.62,2.0,5.54
ATOM,1939.0,OE1,GLU,125.0,15.336,-11.356,6.729,-0.76,1.7,36.91
ATOM,1940.0,OE2,GLU,125.0,16.949,-11.964,5.332,-0.76,1.7,24.44
ATOM,1941.0,H,GLU,125.0,15.627,-6.585,8.054,0.31,0.2245,2.27
ATOM,1942.0,HA,GLU,125.0,17.987,-8.139,8.265,0.09,1.32,0.0
ATOM,1943.0,HB2,GLU,125.0,15.938,-9.087,7.824,0.09,1.32,4.52
ATOM,1944.0,HB3,GLU,125.0,16.11,-8.631,6.266,0.09,1.32,2.51
ATOM,1945.0,HG2,GLU,125.0,18.042,-9.932,6.145,0.09,1.32,0.0
ATOM,1946.0,HG3,GLU,125.0,17.741,-10.463,7.659,0.09,1.32,0.56
ATOM,1947.0,N,ASP,126.0,17.821,-6.396,5.522,-0.47,1.85,0.0
ATOM,1948.0,CA,ASP,126.0,18.609,-5.721,4.498,0.07,2.275,1.06
ATOM,1949.0,C,ASP,126.0,19.801,-4.971,5.1,0.51,2.0,0.0
ATOM,1950.0,O,ASP,126.0,20.907,-5.088,4.596,-0.51,1.7,2.21
ATOM,1951.0,CB,ASP,126.0,17.768,-4.678,3.727,-0.28,2.175,2.65
ATOM,1952.0,CG,ASP,126.0,16.841,-5.275,2.707,0.62,2.0,3.36
ATOM,1953.0,OD1,ASP,126.0,16.837,-6.514,2.487,-0.76,1.7,31.05
ATOM,1954.0,OD2,ASP,126.0,16.033,-4.534,2.099,-0.76,1.7,8.75
ATOM,1955.0,H,ASP,126.0,16.786,-6.295,5.609,0.31,0.2245,0.0
ATOM,1956.0,HA,ASP,126.0,18.989,-6.434,3.892,0.09,1.32,3.45
ATOM,1957.0,HB2,ASP,126.0,17.234,-4.171,4.402,0.09,1.32,0.0
ATOM,1958.0,HB3,ASP,126.0,18.407,-4.06,3.272,0.09,1.32,0.23
ATOM,1959.0,N,LEU,127.0,19.569,-4.151,6.13,-0.47,1.85,0.0
ATOM,1960.0,CA,LEU,127.0,20.678,-3.433,6.774,0.07,2.275,0.0
ATOM,1961.0,C,LEU,127.0,21.731,-4.389,7.327,0.51,2.0,0.0
ATOM,1962.0,O,LEU,127.0,22.938,-4.153,7.154,-0.51,1.7,0.0
ATOM,1963.0,CB,LEU,127.0,20.163,-2.542,7.91,-0.18,2.175,0.0
ATOM,1964.0,CG,LEU,127.0,19.518,-1.209,7.574,-0.09,2.275,0.0
ATOM,1965.0,CD1,LEU,127.0,18.969,-0.584,8.904,-0.27,2.06,0.0
ATOM,1966.0,CD2,LEU,127.0,20.499,-0.259,6.9,-0.27,2.06,0.0
ATOM,1967.0,H,LEU,127.0,18.588,-4.07,6.42,0.31,0.2245,0.0
ATOM,1968.0,HA,LEU,127.0,21.115,-2.841,6.083,0.09,1.32,0.0
ATOM,1969.0,HB2,LEU,127.0,19.485,-3.082,8.431,0.09,1.32,0.0
ATOM,1970.0,HB3,LEU,127.0,20.944,-2.354,8.522,0.09,1.32,0.0
ATOM,1971.0,HG,LEU,127.0,18.758,-1.343,6.961,0.09,1.32,0.0
ATOM,1972.0,HD11,LEU,127.0,19.732,-0.458,9.527,0.09,1.32,0.0
ATOM,1973.0,HD12,LEU,127.0,18.547,0.288,8.687,0.09,1.32,0.0
ATOM,1974.0,HD13,LEU,127.0,18.302,-1.21,9.289,0.09,1.32,0.0
ATOM,1975.0,HD21,LEU,127.0,20.831,-0.67,6.05,0.09,1.32,0.0
ATOM,1976.0,HD22,LEU,127.0,20.039,0.606,6.695,0.09,1.32,0.0
ATOM,1977.0,HD23,LEU,127.0,21.272,-0.088,7.512,0.09,1.32,0.0
ATOM,1978.0,N,SER,128.0,21.264,-5.465,7.97,-0.47,1.85,0.0
ATOM,1979.0,CA,SER,128.0,22.145,-6.355,8.733,0.07,2.275,0.22
ATOM,1980.0,C,SER,128.0,23.091,-7.15,7.839,0.51,2.0,0.0
ATOM,1981.0,O,SER,128.0,24.126,-7.619,8.312,-0.51,1.7,21.06
ATOM,1982.0,CB,SER,128.0,21.34,-7.304,9.633,0.05,2.175,0.01
ATOM,1983.0,OG,SER,128.0,20.747,-8.356,8.859,-0.66,1.77,3.86
ATOM,1984.0,H,SER,128.0,20.241,-5.612,7.883,0.31,0.2245,0.0
ATOM,1985.0,HA,SER,128.0,22.708,-5.781,9.348,0.09,1.32,0.0
ATOM,1986.0,HB2,SER,128.0,21.949,-7.707,10.303,0.09,1.32,0.0
ATOM,1987.0,HB3,SER,128.0,20.617,-6.79,10.077,0.09,1.32,0.0
ATOM,1988.0,HG,SER,128.0,20.35,-7.967,8.033,0.43,0.2245,0.0
ATOM,1989.0,N,LYS,129.0,22.727,-7.277,6.564,-0.47,1.85,0.0
ATOM,1990.0,CA,LYS,129.0,23.496,-8.092,5.614,0.07,2.275,1.86
ATOM,1991.0,C,LYS,129.0,24.511,-7.311,4.812,0.51,2.0,2.04
ATOM,1992.0,O,LYS,129.0,25.093,-7.863,3.861,-0.51,1.7,27.55
ATOM,1993.0,CB,LYS,129.0,22.542,-8.797,4.669,-0.18,2.175,7.3
ATOM,1994.0,CG,LYS,129.0,21.996,-10.074,5.258,-0.18,2.175,8.07
ATOM,1995.0,CD,LYS,129.0,20.825,-10.59,4.463,-0.18,2.175,9.64
ATOM,1996.0,CE,LYS,129.0,20.285,-11.862,5.093,0.21,2.175,11.78
ATOM,1997.0,NZ,LYS,129.0,19.792,-12.83,4.071,-0.3,1.85,11.14
ATOM,1998.0,H,LYS,129.0,21.867,-6.759,6.301,0.31,0.2245,0.0
ATOM,1999.0,HA,LYS,129.0,23.98,-8.821,6.14,0.09,1.32,5.82
ATOM,2000.0,HB2,LYS,129.0,21.782,-8.188,4.476,0.09,1.32,0.0
ATOM,2001.0,HB3,LYS,129.0,23.033,-9.018,3.834,0.09,1.32,5.79
ATOM,2002.0,HG2,LYS,129.0,22.719,-10.769,5.263,0.09,1.32,10.25
ATOM,2003.0,HG3,LYS,129.0,21.701,-9.902,6.201,0.09,1.32,0.28
ATOM,2004.0,HD2,LYS,129.0,20.105,-9.909,4.461,0.09,1.32,0.9
ATOM,2005.0,HD3,LYS,129.0,21.12,-10.797,3.54,0.09,1.32,8.29
ATOM,2006.0,HE2,LYS,129.0,21.015,-12.296,5.63,0.05,1.32,8.75
ATOM,2007.0,HE3,LYS,129.0,19.529,-11.625,5.711,0.05,1.32,0.0
ATOM,2008.0,HZ1,LYS,129.0,19.277,-13.556,4.525,0.33,0.2245,14.94
ATOM,2009.0,HZ2,LYS,129.0,19.2,-12.353,3.423,0.33,0.2245,12.67
ATOM,2010.0,HZ3,LYS,129.0,20.572,-13.224,3.586,0.33,0.2245,18.7
ATOM,2011.0,N,GLN,130.0,24.726,-6.037,5.17,-0.47,1.85,1.03
ATOM,2012.0,CA,GLN,130.0,25.615,-5.146,4.406,0.07,2.275,1.53
ATOM,2013.0,C,GLN,130.0,26.28,-4.12,5.291,0.51,2.0,0.0
ATOM,2014.0,O,GLN,130.0,25.929,-3.998,6.469,-0.51,1.7,1.52
ATOM,2015.0,CB,GLN,130.0,24.845,-4.486,3.233,-0.18,2.175,14.86
ATOM,2016.0,CG,GLN,130.0,23.672,-3.565,3.66,-0.18,2.175,2.26
ATOM,2017.0,CD,GLN,130.0,24.148,-2.182,4.021,0.55,2.0,0.0
ATOM,2018.0,H,GLN,130.0,24.217,-5.736,6.023,0.31,0.2245,0.0
ATOM,2019.0,HA,GLN,130.0,26.334,-5.722,3.991,0.09,1.32,7.09
ATOM,2020.0,HB2,GLN,130.0,25.486,-3.933,2.701,0.09,1.32,1.92
ATOM,2021.0,HB3,GLN,130.0,24.467,-5.208,2.652,0.09,1.32,7.42
ATOM,2022.0,HG2,GLN,130.0,23.037,-3.507,2.897,0.09,1.32,6.07
ATOM,2023.0,HG3,GLN,130.0,23.231,-3.98,4.448,0.09,1.32,0.0
ATOM,2024.0,OE1,GLN,130.0,24.66,-1.444,3.17,-0.55,1.7,1.64
ATOM,2025.0,NE2,GLN,130.0,24.018,-1.827,5.283,-0.62,1.85,0.0
ATOM,2026.0,HE21,GLN,130.0,24.33,-0.909,5.611,0.32,0.2245,0.0
ATOM,2027.0,HE22,GLN,130.0,23.597,-2.482,5.944,0.3,0.2245,0.0
ATOM,2028.0,N,THR,131.0,27.27,-3.41,4.746,-0.47,1.85,0.17
ATOM,2029.0,CA,THR,131.0,27.989,-2.366,5.49,0.07,2.275,0.0
ATOM,2030.0,C,THR,131.0,28.25,-1.106,4.655,0.51,2.0,0.0
ATOM,2031.0,O,THR,131.0,28.73,-0.107,5.194,-0.51,1.7,13.49
ATOM,2032.0,CB,THR,131.0,29.356,-2.881,6.028,0.14,2.275,5.39
ATOM,2033.0,OG1,THR,131.0,30.163,-3.321,4.927,-0.66,1.77,22.57
ATOM,2034.0,CG2,THR,131.0,29.18,-4.156,6.879,-0.27,2.06,28.96
ATOM,2035.0,H,THR,131.0,27.488,-3.655,3.759,0.31,0.2245,4.43
ATOM,2036.0,HA,THR,131.0,27.426,-2.103,6.29,0.09,1.32,0.0
ATOM,2037.0,HB,THR,131.0,29.832,-2.109,6.487,0.09,1.32,5.49
ATOM,2038.0,HG21,THR,131.0,29.678,-4.909,6.451,0.09,1.32,9.59
ATOM,2039.0,HG22,THR,131.0,29.54,-3.992,7.796,0.09,1.32,3.18
ATOM,2040.0,HG23,THR,131.0,28.209,-4.383,6.935,0.09,1.32,0.05
ATOM,2041.0,HG1,THR,131.0,30.122,-2.654,4.176,0.43,0.2245,11.27
ATOM,2042.0,N,GLU,132.0,27.983,-1.167,3.347,-0.47,1.85,0.41
ATOM,2043.0,CA,GLU,132.0,28.056,0.003,2.487,0.07,2.275,2.04
ATOM,2044.0,C,GLU,132.0,27.226,1.189,3.067,0.51,2.0,0.0
ATOM,2045.0,O,GLU,132.0,27.711,2.331,3.2,-0.51,1.7,10.52
ATOM,2046.0,CB,GLU,132.0,27.531,-0.368,1.114,-0.18,2.175,10.23
ATOM,2047.0,CG,GLU,132.0,27.311,0.826,0.176,-0.28,2.175,3.13
ATOM,2048.0,CD,GLU,132.0,28.543,1.159,-0.647,0.62,2.0,1.63
ATOM,2049.0,OE1,GLU,132.0,29.076,0.24,-1.306,-0.76,1.7,40.2
ATOM,2050.0,OE2,GLU,132.0,28.981,2.337,-0.63,-0.76,1.7,22.26
ATOM,2051.0,H,GLU,132.0,27.722,-2.116,3.006,0.31,0.2245,1.52
ATOM,2052.0,HA,GLU,132.0,29.011,0.303,2.385,0.09,1.32,9.01
ATOM,2053.0,HB2,GLU,132.0,28.191,-0.958,0.68,0.09,1.32,6.45
ATOM,2054.0,HB3,GLU,132.0,26.659,-0.812,1.225,0.09,1.32,1.73
ATOM,2055.0,HG2,GLU,132.0,26.589,0.593,-0.446,0.09,1.32,9.56
ATOM,2056.0,HG3,GLU,132.0,27.098,1.609,0.726,0.09,1.32,0.0
ATOM,2057.0,N,ILE,133.0,25.983,0.891,3.417,-0.47,1.85,0.0
ATOM,2058.0,CA,ILE,133.0,25.139,1.86,4.104,0.07,2.275,0.0
ATOM,2059.0,C,ILE,133.0,25.321,1.698,5.612,0.51,2.0,0.0
ATOM,2060.0,O,ILE,133.0,24.918,0.688,6.188,-0.51,1.7,0.0
ATOM,2061.0,CB,ILE,133.0,23.65,1.677,3.676,-0.09,2.275,0.0
ATOM,2062.0,CG1,ILE,133.0,23.531,1.86,2.16,-0.18,2.175,0.0
ATOM,2063.0,CG2,ILE,133.0,22.72,2.688,4.399,-0.27,2.06,0.0
ATOM,2064.0,CD1,ILE,133.0,22.239,1.335,1.541,-0.27,2.06,5.26
ATOM,2065.0,H,ILE,133.0,25.672,-0.065,3.166,0.31,0.2245,0.0
ATOM,2066.0,HA,ILE,133.0,25.495,2.762,3.87,0.09,1.32,0.0
ATOM,2067.0,HB,ILE,133.0,23.388,0.751,3.9,0.09,1.32,0.0
ATOM,2068.0,HG12,ILE,133.0,23.611,2.838,1.951,0.09,1.32,0.0
ATOM,2069.0,HG13,ILE,133.0,24.303,1.388,1.725,0.09,1.32,0.0
ATOM,2070.0,HG21,ILE,133.0,21.783,2.52,4.113,0.09,1.32,0.0
ATOM,2071.0,HG22,ILE,133.0,22.809,2.557,5.38,0.09,1.32,0.0
ATOM,2072.0,HG23,ILE,133.0,22.996,3.609,4.149,0.09,1.32,0.0
ATOM,2073.0,HD11,ILE,133.0,21.465,1.812,1.95,0.09,1.32,0.0
ATOM,2074.0,HD12,ILE,133.0,22.259,1.5,0.558,0.09,1.32,1.18
ATOM,2075.0,HD13,ILE,133.0,22.167,0.357,1.719,0.09,1.32,0.91
ATOM,2076.0,N,ALA,134.0,25.942,2.687,6.249,-0.47,1.85,0.0
ATOM,2077.0,CA,ALA,134.0,26.097,2.652,7.698,0.07,2.275,0.0
ATOM,2078.0,C,ALA,134.0,24.751,2.941,8.36,0.51,2.0,0.0
ATOM,2079.0,O,ALA,134.0,23.856,3.535,7.74,-0.51,1.7,0.0
ATOM,2080.0,CB,ALA,134.0,27.123,3.668,8.153,-0.27,2.06,14.85
ATOM,2081.0,H,ALA,134.0,26.29,3.449,5.649,0.31,0.2245,0.04
ATOM,2082.0,HA,ALA,134.0,26.397,1.737,7.972,0.09,1.32,0.0
ATOM,2083.0,HB1,ALA,134.0,27.922,3.197,8.529,0.09,1.32,4.5
ATOM,2084.0,HB2,ALA,134.0,27.409,4.231,7.376,0.09,1.32,4.37
ATOM,2085.0,HB3,ALA,134.0,26.726,4.257,8.858,0.09,1.32,0.0
ATOM,2086.0,N,TYR,135.0,24.621,2.544,9.618,-0.47,1.85,0.0
ATOM,2087.0,CA,TYR,135.0,23.376,2.742,10.374,0.07,2.275,0.0
ATOM,2088.0,C,TYR,135.0,23.637,2.759,11.852,0.51,2.0,0.0
ATOM,2089.0,O,TYR,135.0,24.469,2.001,12.367,-0.51,1.7,0.0
ATOM,2090.0,CB,TYR,135.0,22.308,1.685,10.04,-0.18,2.175,0.0
ATOM,2091.0,CG,TYR,135.0,22.741,0.261,10.168,0.0,1.9924,0.0
ATOM,2092.0,CD1,TYR,135.0,22.436,-0.46,11.313,-0.115,1.9924,0.0
ATOM,2093.0,CD2,TYR,135.0,23.426,-0.39,9.124,-0.115,1.9924,0.0
ATOM,2094.0,CE1,TYR,135.0,22.819,-1.781,11.457,-0.115,1.9924,0.0
ATOM,2095.0,CE2,TYR,135.0,23.816,-1.731,9.259,-0.115,1.9924,0.0
ATOM,2096.0,CZ,TYR,135.0,23.5,-2.412,10.44,0.11,1.9924,0.0
ATOM,2097.0,OH,TYR,135.0,23.832,-3.758,10.646,-0.54,1.77,0.97
ATOM,2098.0,H,TYR,135.0,25.461,2.086,10.024,0.31,0.2245,0.0
ATOM,2099.0,HA,TYR,135.0,22.991,3.634,10.101,0.09,1.32,0.0
ATOM,2100.0,HB2,TYR,135.0,21.526,1.841,10.653,0.09,1.32,0.0
ATOM,2101.0,HB3,TYR,135.0,22.008,1.846,9.093,0.09,1.32,0.0
ATOM,2102.0,HD1,TYR,135.0,21.926,-0.014,12.056,0.115,1.3582,0.0
ATOM,2103.0,HD2,TYR,135.0,23.632,0.101,8.291,0.115,1.3582,0.0
ATOM,2104.0,HE1,TYR,135.0,22.599,-2.279,12.302,0.115,1.3582,0.0
ATOM,2105.0,HE2,TYR,135.0,24.307,-2.188,8.531,0.115,1.3582,0.0
ATOM,2106.0,HH,TYR,135.0,24.428,-3.817,11.44,0.43,0.2245,0.0
ATOM,2107.0,N,GLY,136.0,22.916,3.633,12.55,-0.47,1.85,0.0
ATOM,2108.0,CA,GLY,136.0,23.038,3.691,13.994,-0.02,2.175,0.0
ATOM,2109.0,C,GLY,136.0,21.799,4.229,14.658,0.51,2.0,0.0
ATOM,2110.0,O,GLY,136.0,20.735,4.351,14.02,-0.51,1.7,0.0
ATOM,2111.0,H,GLY,136.0,22.293,4.235,11.994,0.31,0.2245,0.0
ATOM,2112.0,HA2,GLY,136.0,23.236,2.76,14.35,0.09,1.32,0.0
ATOM,2113.0,HA3,GLY,136.0,23.834,4.274,14.239,0.09,1.32,0.0
ATOM,2114.0,N,THR,137.0,21.944,4.535,15.943,-0.47,1.85,0.0
ATOM,2115.0,CA,THR,137.0,20.861,4.975,16.804,0.07,2.275,0.0
ATOM,2116.0,C,THR,137.0,21.37,6.152,17.619,0.51,2.0,0.0
ATOM,2117.0,O,THR,137.0,22.571,6.501,17.589,-0.51,1.7,0.0
ATOM,2118.0,CB,THR,137.0,20.494,3.894,17.83,0.14,2.275,0.0
ATOM,2119.0,OG1,THR,137.0,21.606,3.72,18.762,-0.66,1.77,0.0
ATOM,2120.0,CG2,THR,137.0,20.256,2.51,17.197,-0.27,2.06,0.0
ATOM,2121.0,H,THR,137.0,22.937,4.428,16.291,0.31,0.2245,0.0
ATOM,2122.0,HA,THR,137.0,20.105,5.287,16.237,0.09,1.32,0.0
ATOM,2123.0,HB,THR,137.0,19.69,4.201,18.37,0.09,1.32,0.0
ATOM,2124.0,HG21,THR,137.0,21.129,2.133,16.889,0.09,1.32,0.0
ATOM,2125.0,HG22,THR,137.0,19.848,1.901,17.877,0.09,1.32,0.0
ATOM,2126.0,HG23,THR,137.0,19.638,2.605,16.417,0.09,1.32,0.0
ATOM,2127.0,HG1,THR,137.0,21.681,4.527,19.349,0.43,0.2245,0.0
ATOM,2128.0,N,LEU,138.0,20.46,6.735,18.38,-0.47,1.85,0.0
ATOM,2129.0,CA,LEU,138.0,20.86,7.658,19.445,0.07,2.275,0.0
ATOM,2130.0,C,LEU,138.0,21.922,6.991,20.326,0.51,2.0,0.0
ATOM,2131.0,O,LEU,138.0,21.904,5.777,20.481,-0.51,1.7,0.0
ATOM,2132.0,CB,LEU,138.0,19.637,7.974,20.266,-0.18,2.175,0.0
ATOM,2133.0,CG,LEU,138.0,18.677,9.103,19.927,-0.09,2.275,1.45
ATOM,2134.0,CD1,LEU,138.0,17.762,9.304,21.171,-0.27,2.06,14.74
ATOM,2135.0,CD2,LEU,138.0,19.453,10.409,19.605,-0.27,2.06,0.37
ATOM,2136.0,H,LEU,138.0,19.48,6.495,18.17,0.31,0.2245,0.7
ATOM,2137.0,HA,LEU,138.0,21.262,8.472,19.029,0.09,1.32,0.0
ATOM,2138.0,HB2,LEU,138.0,19.068,7.115,20.316,0.09,1.32,0.1
ATOM,2139.0,HB3,LEU,138.0,19.949,8.139,21.234,0.09,1.32,0.0
ATOM,2140.0,HG,LEU,138.0,18.115,8.849,19.164,0.09,1.32,2.2
ATOM,2141.0,HD11,LEU,138.0,18.334,9.539,21.95,0.09,1.32,3.99
ATOM,2142.0,HD12,LEU,138.0,17.121,10.039,20.977,0.09,1.32,0.76
ATOM,2143.0,HD13,LEU,138.0,17.273,8.456,21.345,0.09,1.32,5.56
ATOM,2144.0,HD21,LEU,138.0,20.05,10.242,18.826,0.09,1.32,0.0
ATOM,2145.0,HD22,LEU,138.0,18.796,11.125,19.388,0.09,1.32,0.0
ATOM,2146.0,HD23,LEU,138.0,19.991,10.665,20.402,0.09,1.32,0.41
ATOM,2147.0,N,ASP,139.0,22.834,7.767,20.908,-0.47,1.85,0.0
ATOM,2148.0,CA,ASP,139.0,23.868,7.21,21.773,0.07,2.275,0.0
ATOM,2149.0,C,ASP,139.0,23.367,6.873,23.182,0.51,2.0,0.0
ATOM,2150.0,O,ASP,139.0,24.141,6.412,24.023,-0.51,1.7,7.5
ATOM,2151.0,CB,ASP,139.0,25.122,8.114,21.807,-0.28,2.175,7.25
ATOM,2152.0,CG,ASP,139.0,24.904,9.424,22.548,0.62,2.0,3.02
ATOM,2153.0,OD1,ASP,139.0,23.861,9.604,23.214,-0.76,1.7,7.8
ATOM,2154.0,OD2,ASP,139.0,25.753,10.354,22.534,-0.76,1.7,23.28
ATOM,2155.0,H,ASP,139.0,22.746,8.778,20.697,0.31,0.2245,0.0
ATOM,2156.0,HA,ASP,139.0,24.172,6.336,21.354,0.09,1.32,0.0
ATOM,2157.0,HB2,ASP,139.0,25.847,7.605,22.259,0.09,1.32,5.5
ATOM,2158.0,HB3,ASP,139.0,25.375,8.314,20.867,0.09,1.32,0.49
ATOM,2159.0,N,SER,140.0,22.076,7.104,23.441,-0.47,1.85,0.0
ATOM,2160.0,CA,SER,140.0,21.441,6.606,24.645,0.07,2.275,0.15
ATOM,2161.0,C,SER,140.0,19.945,6.584,24.429,0.51,2.0,0.0
ATOM,2162.0,O,SER,140.0,19.44,7.276,23.533,-0.51,1.7,0.07
ATOM,2163.0,CB,SER,140.0,21.767,7.473,25.855,0.05,2.175,11.96
ATOM,2164.0,OG,SER,140.0,21.342,8.78,25.64,-0.66,1.77,4.78
ATOM,2165.0,H,SER,140.0,21.585,7.661,22.714,0.31,0.2245,0.11
ATOM,2166.0,HA,SER,140.0,21.748,5.666,24.796,0.09,1.32,0.77
ATOM,2167.0,HB2,SER,140.0,21.302,7.095,26.65,0.09,1.32,1.57
ATOM,2168.0,HB3,SER,140.0,22.753,7.46,25.997,0.09,1.32,5.63
ATOM,2169.0,HG,SER,140.0,21.94,9.234,24.974,0.43,0.2245,5.17
ATOM,2170.0,N,GLY,141.0,19.245,5.798,25.225,-0.47,1.85,0.88
ATOM,2171.0,CA,GLY,141.0,17.8,5.688,25.1,-0.02,2.175,1.23
ATOM,2172.0,C,GLY,141.0,17.343,4.268,24.839,0.51,2.0,0.01
ATOM,2173.0,O,GLY,141.0,18.176,3.318,24.765,-0.51,1.7,0.0
ATOM,2174.0,H,GLY,141.0,19.8,5.277,25.931,0.31,0.2245,0.09
ATOM,2175.0,HA2,GLY,141.0,17.364,6.03,25.951,0.09,1.32,0.0
ATOM,2176.0,HA3,GLY,141.0,17.483,6.287,24.344,0.09,1.32,1.25
ATOM,2177.0,N,SER,142.0,16.028,4.103,24.667,-0.47,1.85,0.0
ATOM,2178.0,CA,SER,142.0,15.455,2.765,24.645,0.07,2.275,0.42
ATOM,2179.0,C,SER,142.0,15.801,2.052,23.335,0.51,2.0,0.0
ATOM,2180.0,O,SER,142.0,15.928,0.828,23.324,-0.51,1.7,1.69
ATOM,2181.0,CB,SER,142.0,13.95,2.786,24.945,0.05,2.175,0.18
ATOM,2182.0,OG,SER,142.0,13.301,3.646,24.03,-0.66,1.77,2.52
ATOM,2183.0,H,SER,142.0,15.486,4.969,24.557,0.31,0.2245,5.83
ATOM,2184.0,HA,SER,142.0,15.86,2.236,25.397,0.09,1.32,0.62
ATOM,2185.0,HB2,SER,142.0,13.593,1.87,24.843,0.09,1.32,0.43
ATOM,2186.0,HB3,SER,142.0,13.815,3.124,25.865,0.09,1.32,0.0
ATOM,2187.0,HG,SER,142.0,12.379,3.85,24.358,0.43,0.2245,0.0
ATOM,2188.0,N,THR,143.0,16.015,2.815,22.256,-0.47,1.85,0.0
ATOM,2189.0,CA,THR,143.0,16.363,2.188,20.979,0.07,2.275,0.0
ATOM,2190.0,C,THR,143.0,17.751,1.571,21.056,0.51,2.0,0.0
ATOM,2191.0,O,THR,143.0,17.943,0.419,20.641,-0.51,1.7,0.0
ATOM,2192.0,CB,THR,143.0,16.295,3.144,19.836,0.14,2.275,2.69
ATOM,2193.0,OG1,THR,143.0,14.911,3.477,19.63,-0.66,1.77,2.38
ATOM,2194.0,CG2,THR,143.0,16.732,2.406,18.545,-0.27,2.06,0.0
ATOM,2195.0,H,THR,143.0,15.918,3.823,22.399,0.31,0.2245,2.73
ATOM,2196.0,HA,THR,143.0,15.699,1.458,20.793,0.09,1.32,0.0
ATOM,2197.0,HB,THR,143.0,16.785,4.005,20.069,0.09,1.32,0.82
ATOM,2198.0,HG21,THR,143.0,16.589,1.426,18.666,0.09,1.32,0.0
ATOM,2199.0,HG22,THR,143.0,16.184,2.737,17.779,0.09,1.32,0.0
ATOM,2200.0,HG23,THR,143.0,17.698,2.59,18.376,0.09,1.32,0.0
ATOM,2201.0,HG1,THR,143.0,14.354,2.642,19.603,0.43,0.2245,0.0
ATOM,2202.0,N,LYS,144.0,18.699,2.33,21.592,-0.47,1.85,0.0
ATOM,2203.0,CA,LYS,144.0,20.069,1.809,21.745,0.07,2.275,0.0
ATOM,2204.0,C,LYS,144.0,20.022,0.567,22.642,0.51,2.0,0.0
ATOM,2205.0,O,LYS,144.0,20.558,-0.502,22.274,-0.51,1.7,0.0
ATOM,2206.0,CB,LYS,144.0,20.998,2.848,22.33,-0.18,2.175,0.0
ATOM,2207.0,CG,LYS,144.0,22.436,2.373,22.374,-0.18,2.175,0.0
ATOM,2208.0,CD,LYS,144.0,23.381,3.532,22.641,-0.18,2.175,0.0
ATOM,2209.0,CE,LYS,144.0,24.855,3.088,22.645,0.21,2.175,1.09
ATOM,2210.0,NZ,LYS,144.0,25.658,3.981,23.534,-0.3,1.85,8.81
ATOM,2211.0,H,LYS,144.0,18.412,3.272,21.88,0.31,0.2245,0.0
ATOM,2212.0,HA,LYS,144.0,20.415,1.546,20.849,0.09,1.32,0.0
ATOM,2213.0,HB2,LYS,144.0,20.957,3.665,21.768,0.09,1.32,0.0
ATOM,2214.0,HB3,LYS,144.0,20.707,3.049,23.259,0.09,1.32,0.0
ATOM,2215.0,HG2,LYS,144.0,22.537,1.699,23.104,0.09,1.32,0.0
ATOM,2216.0,HG3,LYS,144.0,22.673,1.958,21.498,0.09,1.32,0.0
ATOM,2217.0,HD2,LYS,144.0,23.268,4.218,21.928,0.09,1.32,0.0
ATOM,2218.0,HD3,LYS,144.0,23.175,3.925,23.532,0.09,1.32,0.0
ATOM,2219.0,HE2,LYS,144.0,24.905,2.154,22.981,0.05,1.32,0.0
ATOM,2220.0,HE3,LYS,144.0,25.206,3.142,21.717,0.05,1.32,0.0
ATOM,2221.0,HZ1,LYS,144.0,25.954,4.782,23.015,0.33,0.2245,3.95
ATOM,2222.0,HZ2,LYS,144.0,25.094,4.269,24.306,0.33,0.2245,4.72
ATOM,2223.0,HZ3,LYS,144.0,26.456,3.482,23.867,0.33,0.2245,13.08
ATOM,2224.0,N,GLU,145.0,19.335,0.691,23.778,-0.47,1.85,0.0
ATOM,2225.0,CA,GLU,145.0,19.191,-0.433,24.732,0.07,2.275,0.0
ATOM,2226.0,C,GLU,145.0,18.528,-1.657,24.156,0.51,2.0,0.02
ATOM,2227.0,O,GLU,145.0,18.894,-2.774,24.52,-0.51,1.7,0.0
ATOM,2228.0,CB,GLU,145.0,18.398,-0.007,25.969,-0.18,2.175,8.84
ATOM,2229.0,CG,GLU,145.0,19.089,1.085,26.781,-0.28,2.175,4.27
ATOM,2230.0,CD,GLU,145.0,20.484,0.7,27.295,0.62,2.0,2.56
ATOM,2231.0,OE1,GLU,145.0,20.821,-0.525,27.429,-0.76,1.7,10.86
ATOM,2232.0,OE2,GLU,145.0,21.234,1.656,27.61,-0.76,1.7,13.7
ATOM,2233.0,H,GLU,145.0,18.915,1.623,23.939,0.31,0.2245,0.0
ATOM,2234.0,HA,GLU,145.0,20.118,-0.674,25.088,0.09,1.32,0.0
ATOM,2235.0,HB2,GLU,145.0,17.537,0.35,25.666,0.09,1.32,0.02
ATOM,2236.0,HB3,GLU,145.0,18.301,-0.791,26.549,0.09,1.32,0.01
ATOM,2237.0,HG2,GLU,145.0,19.201,1.877,26.204,0.09,1.32,0.0
ATOM,2238.0,HG3,GLU,145.0,18.534,1.285,27.572,0.09,1.32,7.51
ATOM,2239.0,N,PHE,146.0,17.545,-1.47,23.275,-0.47,1.85,0.33
ATOM,2240.0,CA,PHE,146.0,16.895,-2.601,22.629,0.07,2.275,2.79
ATOM,2241.0,C,PHE,146.0,17.937,-3.446,21.909,0.51,2.0,0.0
ATOM,2242.0,O,PHE,146.0,17.993,-4.66,22.126,-0.51,1.7,0.82
ATOM,2243.0,CB,PHE,146.0,15.769,-2.138,21.687,-0.18,2.175,0.34
ATOM,2244.0,CG,PHE,146.0,15.195,-3.244,20.819,0.0,1.9924,0.0
ATOM,2245.0,CD1,PHE,146.0,14.178,-4.087,21.312,-0.115,1.9924,4.67
ATOM,2246.0,CD2,PHE,146.0,15.684,-3.454,19.529,-0.115,1.9924,0.0
ATOM,2247.0,CE1,PHE,146.0,13.658,-5.079,20.518,-0.115,1.9924,4.13
ATOM,2248.0,CE2,PHE,146.0,15.174,-4.468,18.718,-0.115,1.9924,0.0
ATOM,2249.0,CZ,PHE,146.0,14.141,-5.273,19.217,-0.115,1.9924,0.02
ATOM,2250.0,H,PHE,146.0,17.296,-0.483,23.1,0.31,0.2245,0.0
ATOM,2251.0,HA,PHE,146.0,16.509,-3.173,23.355,0.09,1.32,4.51
ATOM,2252.0,HB2,PHE,146.0,15.037,-1.781,22.244,0.09,1.32,2.0
ATOM,2253.0,HB3,PHE,146.0,16.141,-1.447,21.088,0.09,1.32,0.0
ATOM,2254.0,HD1,PHE,146.0,13.845,-3.953,22.236,0.115,1.3582,12.41
ATOM,2255.0,HD2,PHE,146.0,16.414,-2.865,19.178,0.115,1.3582,0.0
ATOM,2256.0,HE1,PHE,146.0,12.923,-5.677,20.869,0.115,1.3582,12.0
ATOM,2257.0,HE2,PHE,146.0,15.541,-4.616,17.799,0.115,1.3582,0.0
ATOM,2258.0,HZ,PHE,146.0,13.745,-5.989,18.645,0.115,1.3582,0.29
ATOM,2259.0,N,PHE,147.0,18.769,-2.811,21.077,-0.47,1.85,0.0
ATOM,2260.0,CA,PHE,147.0,19.767,-3.563,20.301,0.07,2.275,0.0
ATOM,2261.0,C,PHE,147.0,20.84,-4.175,21.22,0.51,2.0,0.0
ATOM,2262.0,O,PHE,147.0,21.3,-5.304,20.984,-0.51,1.7,0.59
ATOM,2263.0,CB,PHE,147.0,20.432,-2.672,19.264,-0.18,2.175,0.0
ATOM,2264.0,CG,PHE,147.0,19.545,-2.387,18.096,0.0,1.9924,0.0
ATOM,2265.0,CD1,PHE,147.0,19.416,-3.34,17.071,-0.115,1.9924,0.0
ATOM,2266.0,CD2,PHE,147.0,18.827,-1.209,18.032,-0.115,1.9924,0.0
ATOM,2267.0,CE1,PHE,147.0,18.565,-3.097,15.962,-0.115,1.9924,0.0
ATOM,2268.0,CE2,PHE,147.0,17.977,-0.956,16.959,-0.115,1.9924,0.0
ATOM,2269.0,CZ,PHE,147.0,17.857,-1.874,15.912,-0.115,1.9924,0.0
ATOM,2270.0,H,PHE,147.0,18.655,-1.792,21.029,0.31,0.2245,0.0
ATOM,2271.0,HA,PHE,147.0,19.284,-4.332,19.872,0.09,1.32,0.0
ATOM,2272.0,HB2,PHE,147.0,20.656,-1.815,19.697,0.09,1.32,0.0
ATOM,2273.0,HB3,PHE,147.0,21.236,-3.137,18.934,0.09,1.32,0.0
ATOM,2274.0,HD1,PHE,147.0,19.917,-4.19,17.114,0.115,1.3582,0.0
ATOM,2275.0,HD2,PHE,147.0,18.914,-0.53,18.76,0.115,1.3582,0.0
ATOM,2276.0,HE1,PHE,147.0,18.477,-3.771,15.247,0.115,1.3582,0.0
ATOM,2277.0,HE2,PHE,147.0,17.441,-0.094,16.939,0.115,1.3582,0.0
ATOM,2278.0,HZ,PHE,147.0,17.277,-1.678,15.129,0.115,1.3582,0.0
ATOM,2279.0,N,ARG,148.0,21.219,-3.427,22.244,-0.47,1.85,0.0
ATOM,2280.0,CA,ARG,148.0,22.276,-3.86,23.156,0.07,2.275,0.0
ATOM,2281.0,C,ARG,148.0,21.858,-5.126,23.913,0.51,2.0,0.0
ATOM,2282.0,O,ARG,148.0,22.675,-6.017,24.146,-0.51,1.7,16.88
ATOM,2283.0,CB,ARG,148.0,22.688,-2.728,24.11,-0.18,2.175,0.0
ATOM,2284.0,CG,ARG,148.0,23.648,-3.226,25.232,-0.18,2.175,7.61
ATOM,2285.0,CD,ARG,148.0,23.859,-2.225,26.355,0.2,2.175,14.21
ATOM,2286.0,NE,ARG,148.0,24.844,-1.252,25.917,-0.7,1.85,5.08
ATOM,2287.0,CZ,ARG,148.0,24.613,0.05,25.75,0.64,2.0,1.67
ATOM,2288.0,NH1,ARG,148.0,23.418,0.565,26.01,-0.8,1.85,4.52
ATOM,2289.0,NH2,ARG,148.0,25.599,0.845,25.322,-0.8,1.85,13.42
ATOM,2290.0,H,ARG,148.0,20.714,-2.526,22.343,0.31,0.2245,0.0
ATOM,2291.0,HA,ARG,148.0,23.103,-4.067,22.622,0.09,1.32,0.0
ATOM,2292.0,HB2,ARG,148.0,23.167,-2.039,23.598,0.09,1.32,0.0
ATOM,2293.0,HB3,ARG,148.0,21.883,-2.373,24.549,0.09,1.32,0.0
ATOM,2294.0,HG2,ARG,148.0,23.268,-4.069,25.621,0.09,1.32,2.21
ATOM,2295.0,HG3,ARG,148.0,24.538,-3.432,24.816,0.09,1.32,1.0
ATOM,2296.0,HD2,ARG,148.0,23.003,-1.776,26.532,0.09,1.32,0.0
ATOM,2297.0,HD3,ARG,148.0,24.197,-2.711,27.14,0.09,1.32,10.67
ATOM,2298.0,HE,ARG,148.0,25.782,-1.584,25.722,0.44,0.2245,7.73
ATOM,2299.0,HH11,ARG,148.0,22.679,-0.01,26.354,0.46,0.2245,0.0
ATOM,2300.0,HH12,ARG,148.0,23.254,1.545,25.861,0.46,0.2245,2.42
ATOM,2301.0,HH21,ARG,148.0,26.505,0.458,25.15,0.46,0.2245,9.66
ATOM,2302.0,HH22,ARG,148.0,25.429,1.816,25.177,0.46,0.2245,1.68
ATOM,2303.0,N,ARG,149.0,20.578,-5.228,24.246,-0.47,1.85,0.0
ATOM,2304.0,CA,ARG,149.0,20.061,-6.351,25.02,0.07,2.275,0.76
ATOM,2305.0,C,ARG,149.0,19.519,-7.484,24.146,0.51,2.0,0.0
ATOM,2306.0,O,ARG,149.0,19.234,-8.578,24.667,-0.51,1.7,13.27
ATOM,2307.0,CB,ARG,149.0,18.921,-5.868,25.913,-0.18,2.175,3.61
ATOM,2308.0,CG,ARG,149.0,19.328,-5.075,27.18,-0.18,2.175,9.16
ATOM,2309.0,CD,ARG,149.0,18.087,-4.405,27.848,0.2,2.175,6.98
ATOM,2310.0,NE,ARG,149.0,17.605,-4.971,29.127,-0.7,1.85,1.98
ATOM,2311.0,CZ,ARG,149.0,16.544,-5.787,29.269,0.64,2.0,2.21
ATOM,2312.0,NH1,ARG,149.0,15.859,-6.227,28.211,-0.8,1.85,21.35
ATOM,2313.0,NH2,ARG,149.0,16.172,-6.189,30.475,-0.8,1.85,14.51
ATOM,2314.0,H,ARG,149.0,19.978,-4.443,23.91,0.31,0.2245,0.0
ATOM,2315.0,HA,ARG,149.0,20.811,-6.723,25.595,0.09,1.32,7.02
ATOM,2316.0,HB2,ARG,149.0,18.321,-5.272,25.372,0.09,1.32,0.13
ATOM,2317.0,HB3,ARG,149.0,18.396,-6.665,26.221,0.09,1.32,2.15
ATOM,2318.0,HG2,ARG,149.0,19.727,-5.692,27.84,0.09,1.32,9.74
ATOM,2319.0,HG3,ARG,149.0,19.957,-4.356,26.93,0.09,1.32,0.0
ATOM,2320.0,HD2,ARG,149.0,18.319,-3.427,27.988,0.09,1.32,1.86
ATOM,2321.0,HD3,ARG,149.0,17.333,-4.439,27.169,0.09,1.32,2.03
ATOM,2322.0,HE,ARG,149.0,18.114,-4.724,29.964,0.44,0.2245,9.13
ATOM,2323.0,HH11,ARG,149.0,16.146,-5.965,27.291,0.46,0.2245,6.28
ATOM,2324.0,HH12,ARG,149.0,15.064,-6.816,28.342,0.46,0.2245,13.62
ATOM,2325.0,HH21,ARG,149.0,16.699,-5.896,31.278,0.46,0.2245,8.82
ATOM,2326.0,HH22,ARG,149.0,15.376,-6.779,30.588,0.46,0.2245,2.81
ATOM,2327.0,N,SER,150.0,19.325,-7.232,22.843,-0.47,1.85,0.0
ATOM,2328.0,CA,SER,150.0,18.539,-8.17,22.045,0.07,2.275,1.1
ATOM,2329.0,C,SER,150.0,19.287,-9.459,21.763,0.51,2.0,0.0
ATOM,2330.0,O,SER,150.0,20.462,-9.427,21.402,-0.51,1.7,1.82
ATOM,2331.0,CB,SER,150.0,18.033,-7.588,20.735,0.05,2.175,0.97
ATOM,2332.0,OG,SER,150.0,17.108,-8.507,20.153,-0.66,1.77,0.55
ATOM,2333.0,H,SER,150.0,19.752,-6.378,22.487,0.31,0.2245,0.0
ATOM,2334.0,HA,SER,150.0,17.705,-8.401,22.571,0.09,1.32,6.45
ATOM,2335.0,HB2,SER,150.0,17.567,-6.738,20.913,0.09,1.32,0.0
ATOM,2336.0,HB3,SER,150.0,18.792,-7.467,20.117,0.09,1.32,0.0
ATOM,2337.0,HG,SER,150.0,17.572,-9.036,19.446,0.43,0.2245,0.0
ATOM,2338.0,N,LYS,151.0,18.568,-10.571,21.9,-0.47,1.85,0.0
ATOM,2339.0,CA,LYS,151.0,19.058,-11.89,21.485,0.07,2.275,0.3
ATOM,2340.0,C,LYS,151.0,18.421,-12.387,20.159,0.51,2.0,0.59
ATOM,2341.0,O,LYS,151.0,18.72,-13.494,19.721,-0.51,1.7,21.62
ATOM,2342.0,CB,LYS,151.0,18.825,-12.906,22.622,-0.18,2.175,13.03
ATOM,2343.0,CG,LYS,151.0,19.498,-12.479,23.898,-0.18,2.175,13.15
ATOM,2344.0,CD,LYS,151.0,20.991,-12.873,23.889,-0.18,2.175,14.91
ATOM,2345.0,CE,LYS,151.0,21.889,-11.672,23.758,0.21,2.175,8.87
ATOM,2346.0,NZ,LYS,151.0,23.05,-11.96,22.861,-0.3,1.85,6.73
ATOM,2347.0,H,LYS,151.0,17.626,-10.426,22.327,0.31,0.2245,6.59
ATOM,2348.0,HA,LYS,151.0,20.06,-11.841,21.35,0.09,1.32,0.0
ATOM,2349.0,HB2,LYS,151.0,17.85,-12.97,22.775,0.09,1.32,9.77
ATOM,2350.0,HB3,LYS,151.0,19.2,-13.775,22.332,0.09,1.32,5.78
ATOM,2351.0,HG2,LYS,151.0,19.441,-11.489,23.997,0.09,1.32,0.0
ATOM,2352.0,HG3,LYS,151.0,19.065,-12.925,24.677,0.09,1.32,11.39
ATOM,2353.0,HD2,LYS,151.0,21.19,-13.342,24.745,0.09,1.32,11.27
ATOM,2354.0,HD3,LYS,151.0,21.144,-13.485,23.118,0.09,1.32,5.29
ATOM,2355.0,HE2,LYS,151.0,21.368,-10.906,23.376,0.05,1.32,0.0
ATOM,2356.0,HE3,LYS,151.0,22.236,-11.414,24.662,0.05,1.32,12.15
ATOM,2357.0,HZ1,LYS,151.0,23.803,-11.346,23.091,0.33,0.2245,18.58
ATOM,2358.0,HZ2,LYS,151.0,23.337,-12.908,22.989,0.33,0.2245,16.21
ATOM,2359.0,HZ3,LYS,151.0,22.775,-11.816,21.912,0.33,0.2245,0.0
ATOM,2360.0,N,ILE,152.0,17.532,-11.592,19.553,-0.47,1.85,0.22
ATOM,2361.0,CA,ILE,152.0,16.925,-11.897,18.245,0.07,2.275,0.73
ATOM,2362.0,C,ILE,152.0,18.054,-11.785,17.237,0.51,2.0,0.0
ATOM,2363.0,O,ILE,152.0,18.784,-10.802,17.258,-0.51,1.7,0.0
ATOM,2364.0,CB,ILE,152.0,15.776,-10.893,17.942,-0.09,2.275,0.0
ATOM,2365.0,CG1,ILE,152.0,14.762,-10.899,19.126,-0.18,2.175,11.15
ATOM,2366.0,CG2,ILE,152.0,15.12,-11.18,16.571,-0.27,2.06,21.2
ATOM,2367.0,CD1,ILE,152.0,13.847,-9.658,19.239,-0.27,2.06,22.31
ATOM,2368.0,H,ILE,152.0,17.3,-10.724,20.091,0.31,0.2245,0.0
ATOM,2369.0,HA,ILE,152.0,16.664,-12.847,18.282,0.09,1.32,5.99
ATOM,2370.0,HB,ILE,152.0,16.165,-9.99,17.887,0.09,1.32,0.0
ATOM,2371.0,HG12,ILE,152.0,14.184,-11.712,19.036,0.09,1.32,9.8
ATOM,2372.0,HG13,ILE,152.0,15.285,-10.981,19.978,0.09,1.32,1.31
ATOM,2373.0,HG21,ILE,152.0,14.436,-10.481,16.39,0.09,1.32,1.4
ATOM,2374.0,HG22,ILE,152.0,15.823,-11.16,15.868,0.09,1.32,0.0
ATOM,2375.0,HG23,ILE,152.0,14.692,-12.077,16.601,0.09,1.32,9.55
ATOM,2376.0,HD11,ILE,152.0,13.312,-9.584,18.405,0.09,1.32,3.43
ATOM,2377.0,HD12,ILE,152.0,13.25,-9.777,20.025,0.09,1.32,11.29
ATOM,2378.0,HD13,ILE,152.0,14.42,-8.854,19.357,0.09,1.32,0.0
ATOM,2379.0,N,ALA,153.0,18.225,-12.81,16.397,-0.47,1.85,0.28
ATOM,2380.0,CA,ALA,153.0,19.429,-12.971,15.573,0.07,2.275,1.19
ATOM,2381.0,C,ALA,153.0,19.784,-11.721,14.723,0.51,2.0,0.0
ATOM,2382.0,O,ALA,153.0,20.908,-11.229,14.812,-0.51,1.7,0.24
ATOM,2383.0,CB,ALA,153.0,19.324,-14.243,14.68,-0.27,2.06,34.86
ATOM,2384.0,H,ALA,153.0,17.43,-13.486,16.377,0.31,0.2245,7.52
ATOM,2385.0,HA,ALA,153.0,20.218,-13.166,16.183,0.09,1.32,5.44
ATOM,2386.0,HB1,ALA,153.0,18.435,-14.661,14.828,0.09,1.32,7.56
ATOM,2387.0,HB2,ALA,153.0,19.424,-13.971,13.729,0.09,1.32,4.06
ATOM,2388.0,HB3,ALA,153.0,20.049,-14.872,14.938,0.09,1.32,11.36
ATOM,2389.0,N,VAL,154.0,18.843,-11.212,13.922,-0.47,1.85,0.0
ATOM,2390.0,CA,VAL,154.0,19.136,-10.029,13.057,0.07,2.275,0.37
ATOM,2391.0,C,VAL,154.0,19.602,-8.816,13.911,0.51,2.0,0.0
ATOM,2392.0,O,VAL,154.0,20.56,-8.12,13.555,-0.51,1.7,0.0
ATOM,2393.0,CB,VAL,154.0,17.909,-9.606,12.191,-0.09,2.275,1.18
ATOM,2394.0,CG1,VAL,154.0,18.178,-8.246,11.502,-0.27,2.06,1.06
ATOM,2395.0,CG2,VAL,154.0,17.583,-10.69,11.148,-0.27,2.06,24.78
ATOM,2396.0,H,VAL,154.0,17.932,-11.679,13.944,0.31,0.2245,1.59
ATOM,2397.0,HA,VAL,154.0,19.887,-10.277,12.445,0.09,1.32,0.38
ATOM,2398.0,HB,VAL,154.0,17.143,-9.468,12.803,0.09,1.32,0.84
ATOM,2399.0,HG11,VAL,154.0,17.997,-8.339,10.527,0.09,1.32,0.0
ATOM,2400.0,HG12,VAL,154.0,17.575,-7.56,11.899,0.09,1.32,0.0
ATOM,2401.0,HG13,VAL,154.0,19.129,-7.993,11.652,0.09,1.32,0.0
ATOM,2402.0,HG21,VAL,154.0,18.163,-10.552,10.349,0.09,1.32,1.05
ATOM,2403.0,HG22,VAL,154.0,17.759,-11.585,11.549,0.09,1.32,3.21
ATOM,2404.0,HG23,VAL,154.0,16.622,-10.612,10.892,0.09,1.32,8.63
ATOM,2405.0,N,PHE,155.0,18.9,-8.574,15.007,-0.47,1.85,0.0
ATOM,2406.0,CA,PHE,155.0,19.15,-7.378,15.85,0.07,2.275,0.0
ATOM,2407.0,C,PHE,155.0,20.461,-7.485,16.611,0.51,2.0,0.0
ATOM,2408.0,O,PHE,155.0,21.204,-6.501,16.777,-0.51,1.7,0.0
ATOM,2409.0,CB,PHE,155.0,17.978,-7.126,16.813,-0.18,2.175,0.0
ATOM,2410.0,CG,PHE,155.0,16.648,-7.022,16.107,0.0,1.9924,0.0
ATOM,2411.0,CD1,PHE,155.0,16.556,-6.529,14.788,-0.115,1.9924,0.0
ATOM,2412.0,CD2,PHE,155.0,15.496,-7.456,16.732,-0.115,1.9924,0.0
ATOM,2413.0,CE1,PHE,155.0,15.319,-6.46,14.145,-0.115,1.9924,2.39
ATOM,2414.0,CE2,PHE,155.0,14.238,-7.371,16.1,-0.115,1.9924,1.44
ATOM,2415.0,CZ,PHE,155.0,14.163,-6.877,14.802,-0.115,1.9924,8.85
ATOM,2416.0,H,PHE,155.0,18.17,-9.273,15.233,0.31,0.2245,0.0
ATOM,2417.0,HA,PHE,155.0,19.235,-6.6,15.216,0.09,1.32,0.0
ATOM,2418.0,HB2,PHE,155.0,17.934,-7.885,17.437,0.09,1.32,0.0
ATOM,2419.0,HB3,PHE,155.0,18.146,-6.274,17.274,0.09,1.32,0.0
ATOM,2420.0,HD1,PHE,155.0,17.373,-6.233,14.318,0.115,1.3582,0.0
ATOM,2421.0,HD2,PHE,155.0,15.541,-7.843,17.656,0.115,1.3582,0.0
ATOM,2422.0,HE1,PHE,155.0,15.27,-6.106,13.204,0.115,1.3582,0.03
ATOM,2423.0,HE2,PHE,155.0,13.416,-7.666,16.593,0.115,1.3582,2.49
ATOM,2424.0,HZ,PHE,155.0,13.281,-6.82,14.335,0.115,1.3582,7.21
ATOM,2425.0,N,ASP,156.0,20.724,-8.697,17.093,-0.47,1.85,0.0
ATOM,2426.0,CA,ASP,156.0,21.99,-9.009,17.732,0.07,2.275,0.12
ATOM,2427.0,C,ASP,156.0,23.162,-8.734,16.778,0.51,2.0,0.0
ATOM,2428.0,O,ASP,156.0,24.142,-8.102,17.169,-0.51,1.7,0.21
ATOM,2429.0,CB,ASP,156.0,21.943,-10.477,18.179,-0.28,2.175,2.12
ATOM,2430.0,CG,ASP,156.0,23.151,-10.887,18.953,0.62,2.0,3.49
ATOM,2431.0,OD1,ASP,156.0,24.235,-11.022,18.32,-0.76,1.7,23.97
ATOM,2432.0,OD2,ASP,156.0,23.105,-11.164,20.178,-0.76,1.7,12.49
ATOM,2433.0,H,ASP,156.0,19.955,-9.387,16.972,0.31,0.2245,0.0
ATOM,2434.0,HA,ASP,156.0,22.1,-8.383,18.511,0.09,1.32,0.5
ATOM,2435.0,HB2,ASP,156.0,21.131,-10.591,18.746,0.09,1.32,0.0
ATOM,2436.0,HB3,ASP,156.0,21.868,-11.037,17.359,0.09,1.32,0.41
ATOM,2437.0,N,LYS,157.0,23.047,-9.157,15.51,-0.47,1.85,0.0
ATOM,2438.0,CA,LYS,157.0,24.072,-8.859,14.506,0.07,2.275,0.3
ATOM,2439.0,C,LYS,157.0,24.173,-7.366,14.223,0.51,2.0,0.0
ATOM,2440.0,O,LYS,157.0,25.263,-6.837,14.085,-0.51,1.7,3.38
ATOM,2441.0,CB,LYS,157.0,23.815,-9.611,13.176,-0.18,2.175,1.19
ATOM,2442.0,CG,LYS,157.0,24.388,-11.023,13.16,-0.18,2.175,8.4
ATOM,2443.0,CD,LYS,157.0,23.869,-11.827,11.959,-0.18,2.175,8.83
ATOM,2444.0,CE,LYS,157.0,23.975,-13.351,12.217,0.21,2.175,14.48
ATOM,2445.0,NZ,LYS,157.0,24.803,-14.095,11.177,-0.3,1.85,16.29
ATOM,2446.0,H,LYS,157.0,22.189,-9.7,15.311,0.31,0.2245,0.0
ATOM,2447.0,HA,LYS,157.0,24.965,-9.186,14.849,0.09,1.32,1.4
ATOM,2448.0,HB2,LYS,157.0,22.833,-9.666,13.043,0.09,1.32,0.0
ATOM,2449.0,HB3,LYS,157.0,24.238,-9.088,12.445,0.09,1.32,3.48
ATOM,2450.0,HG2,LYS,157.0,25.384,-10.973,13.102,0.09,1.32,11.33
ATOM,2451.0,HG3,LYS,157.0,24.122,-11.496,13.998,0.09,1.32,2.39
ATOM,2452.0,HD2,LYS,157.0,22.917,-11.605,11.811,0.09,1.32,2.06
ATOM,2453.0,HD3,LYS,157.0,24.417,-11.611,11.165,0.09,1.32,6.28
ATOM,2454.0,HE2,LYS,157.0,24.391,-13.495,13.121,0.05,1.32,8.23
ATOM,2455.0,HE3,LYS,157.0,23.048,-13.74,12.226,0.05,1.32,5.17
ATOM,2456.0,HZ1,LYS,157.0,25.017,-13.466,10.438,0.33,0.2245,14.65
ATOM,2457.0,HZ2,LYS,157.0,25.637,-14.418,11.612,0.33,0.2245,19.82
ATOM,2458.0,HZ3,LYS,157.0,24.268,-14.861,10.839,0.33,0.2245,20.38
ATOM,2459.0,N,MET,158.0,23.028,-6.671,14.156,-0.47,1.85,0.0
ATOM,2460.0,CA,MET,158.0,23.074,-5.223,13.948,0.07,2.275,0.0
ATOM,2461.0,C,MET,158.0,23.793,-4.539,15.124,0.51,2.0,0.0
ATOM,2462.0,O,MET,158.0,24.515,-3.574,14.912,-0.51,1.7,0.0
ATOM,2463.0,CB,MET,158.0,21.661,-4.673,13.781,-0.18,2.175,0.0
ATOM,2464.0,CG,MET,158.0,21.08,-5.02,12.409,-0.14,2.175,0.0
ATOM,2465.0,SD,MET,158.0,19.273,-4.737,12.377,-0.09,2.0,0.0
ATOM,2466.0,CE,MET,158.0,19.243,-2.892,12.311,-0.22,2.06,0.0
ATOM,2467.0,H,MET,158.0,22.171,-7.216,14.258,0.31,0.2245,0.0
ATOM,2468.0,HA,MET,158.0,23.604,-5.04,13.118,0.09,1.32,0.0
ATOM,2469.0,HB2,MET,158.0,21.068,-5.065,14.481,0.09,1.32,0.0
ATOM,2470.0,HB3,MET,158.0,21.68,-3.679,13.871,0.09,1.32,0.0
ATOM,2471.0,HG2,MET,158.0,21.538,-4.453,11.706,0.09,1.32,0.0
ATOM,2472.0,HG3,MET,158.0,21.288,-5.989,12.199,0.09,1.32,0.0
ATOM,2473.0,HE1,MET,158.0,18.453,-2.578,12.822,0.09,1.32,0.0
ATOM,2474.0,HE2,MET,158.0,20.083,-2.555,12.718,0.09,1.32,0.0
ATOM,2475.0,HE3,MET,158.0,19.178,-2.619,11.359,0.09,1.32,0.0
ATOM,2476.0,N,TRP,159.0,23.584,-5.021,16.342,-0.47,1.85,0.0
ATOM,2477.0,CA,TRP,159.0,24.216,-4.372,17.482,0.07,2.275,0.0
ATOM,2478.0,C,TRP,159.0,25.741,-4.514,17.416,0.51,2.0,0.0
ATOM,2479.0,O,TRP,159.0,26.484,-3.56,17.621,-0.51,1.7,0.0
ATOM,2480.0,CB,TRP,159.0,23.686,-4.916,18.83,-0.18,2.175,0.06
ATOM,2481.0,CG,TRP,159.0,24.457,-4.385,20.03,-0.03,1.9924,0.0
ATOM,2482.0,CD1,TRP,159.0,25.219,-5.113,20.872,0.035,1.9924,5.16
ATOM,2483.0,CD2,TRP,159.0,24.589,-3.012,20.452,-0.02,1.8,0.0
ATOM,2484.0,NE1,TRP,159.0,25.8,-4.305,21.821,-0.61,1.85,0.33
ATOM,2485.0,CE2,TRP,159.0,25.437,-3.005,21.585,0.13,1.8,0.0
ATOM,2486.0,CE3,TRP,159.0,24.087,-1.785,19.981,-0.115,1.9924,0.0
ATOM,2487.0,CZ2,TRP,159.0,25.774,-1.837,22.277,-0.115,1.9924,0.02
ATOM,2488.0,CZ3,TRP,159.0,24.422,-0.606,20.673,-0.115,1.9924,0.0
ATOM,2489.0,CH2,TRP,159.0,25.261,-0.652,21.814,-0.115,1.9924,0.91
ATOM,2490.0,H,TRP,159.0,22.976,-5.84,16.404,0.31,0.2245,0.0
ATOM,2491.0,HA,TRP,159.0,24.005,-3.39,17.436,0.09,1.32,0.0
ATOM,2492.0,HB2,TRP,159.0,22.747,-4.635,18.942,0.09,1.32,0.0
ATOM,2493.0,HB3,TRP,159.0,23.778,-5.898,18.838,0.09,1.32,0.0
ATOM,2494.0,HD1,TRP,159.0,25.351,-6.108,20.823,0.115,1.3582,11.3
ATOM,2495.0,HE1,TRP,159.0,26.392,-4.615,22.564,0.38,0.2245,8.94
ATOM,2496.0,HE3,TRP,159.0,23.508,-1.739,19.177,0.115,1.3582,0.0
ATOM,2497.0,HZ2,TRP,159.0,26.371,-1.883,23.083,0.115,1.3582,0.12
ATOM,2498.0,HZ3,TRP,159.0,24.065,0.257,20.356,0.115,1.3582,0.0
ATOM,2499.0,HH2,TRP,159.0,25.474,0.205,22.279,0.115,1.3582,0.33
ATOM,2500.0,N,THR,160.0,26.192,-5.72,17.133,-0.47,1.85,0.0
ATOM,2501.0,CA,THR,160.0,27.628,-5.956,17.022,0.07,2.275,0.19
ATOM,2502.0,C,THR,160.0,28.236,-5.071,15.92,0.51,2.0,0.0
ATOM,2503.0,O,THR,160.0,29.292,-4.456,16.103,-0.51,1.7,0.1
ATOM,2504.0,CB,THR,160.0,27.848,-7.398,16.679,0.14,2.275,2.68
ATOM,2505.0,OG1,THR,160.0,27.266,-8.19,17.718,-0.66,1.77,15.86
ATOM,2506.0,CG2,THR,160.0,29.341,-7.705,16.673,-0.27,2.06,33.92
ATOM,2507.0,H,THR,160.0,25.479,-6.449,17.003,0.31,0.2245,0.0
ATOM,2508.0,HA,THR,160.0,28.064,-5.711,17.892,0.09,1.32,2.15
ATOM,2509.0,HB,THR,160.0,27.368,-7.624,15.81,0.09,1.32,1.46
ATOM,2510.0,HG21,THR,160.0,29.483,-8.697,16.697,0.09,1.32,11.39
ATOM,2511.0,HG22,THR,160.0,29.76,-7.333,15.842,0.09,1.32,4.46
ATOM,2512.0,HG23,THR,160.0,29.775,-7.29,17.475,0.09,1.32,8.86
ATOM,2513.0,HG1,THR,160.0,26.264,-8.203,17.63,0.43,0.2245,0.14
ATOM,2514.0,N,TYR,161.0,27.553,-5.0,14.778,-0.47,1.85,1.12
ATOM,2515.0,CA,TYR,161.0,27.924,-4.056,13.754,0.07,2.275,2.12
ATOM,2516.0,C,TYR,161.0,27.978,-2.611,14.271,0.51,2.0,0.0
ATOM,2517.0,O,TYR,161.0,28.972,-1.898,14.021,-0.51,1.7,0.05
ATOM,2518.0,CB,TYR,161.0,26.991,-4.136,12.51,-0.18,2.175,4.17
ATOM,2519.0,CG,TYR,161.0,27.101,-2.849,11.737,0.0,1.9924,0.0
ATOM,2520.0,CD1,TYR,161.0,28.116,-2.674,10.791,-0.115,1.9924,2.87
ATOM,2521.0,CD2,TYR,161.0,26.242,-1.766,12.013,-0.115,1.9924,0.0
ATOM,2522.0,CE1,TYR,161.0,28.263,-1.457,10.101,-0.115,1.9924,1.28
ATOM,2523.0,CE2,TYR,161.0,26.367,-0.56,11.319,-0.115,1.9924,0.0
ATOM,2524.0,CZ,TYR,161.0,27.378,-0.417,10.386,0.11,1.9924,0.0
ATOM,2525.0,OH,TYR,161.0,27.467,0.788,9.771,-0.54,1.77,1.62
ATOM,2526.0,H,TYR,161.0,26.762,-5.663,14.703,0.31,0.2245,0.0
ATOM,2527.0,HA,TYR,161.0,28.85,-4.291,13.412,0.09,1.32,3.12
ATOM,2528.0,HB2,TYR,161.0,27.3,-4.873,11.953,0.09,1.32,9.21
ATOM,2529.0,HB3,TYR,161.0,26.077,-4.24,12.83,0.09,1.32,0.0
ATOM,2530.0,HD1,TYR,161.0,28.75,-3.419,10.598,0.115,1.3582,6.99
ATOM,2531.0,HD2,TYR,161.0,25.541,-1.866,12.708,0.115,1.3582,0.0
ATOM,2532.0,HE1,TYR,161.0,28.979,-1.346,9.428,0.115,1.3582,5.98
ATOM,2533.0,HE2,TYR,161.0,25.732,0.187,11.498,0.115,1.3582,0.0
ATOM,2534.0,HH,TYR,161.0,27.272,1.518,10.428,0.43,0.2245,0.0
ATOM,2535.0,N,MET,162.0,26.936,-2.153,14.966,-0.47,1.85,0.0
ATOM,2536.0,CA,MET,162.0,26.911,-0.745,15.366,0.07,2.275,0.0
ATOM,2537.0,C,MET,162.0,27.989,-0.432,16.392,0.51,2.0,0.0
ATOM,2538.0,O,MET,162.0,28.633,0.608,16.332,-0.51,1.7,1.0
ATOM,2539.0,CB,MET,162.0,25.551,-0.383,15.917,-0.18,2.175,0.0
ATOM,2540.0,CG,MET,162.0,24.484,-0.478,14.838,-0.14,2.175,0.0
ATOM,2541.0,SD,MET,162.0,22.927,0.294,15.394,-0.09,2.0,0.0
ATOM,2542.0,CE,MET,162.0,22.459,-0.718,16.51,-0.22,2.06,0.0
ATOM,2543.0,H,MET,162.0,26.205,-2.83,15.18,0.31,0.2245,0.0
ATOM,2544.0,HA,MET,162.0,27.087,-0.185,14.545,0.09,1.32,0.0
ATOM,2545.0,HB2,MET,162.0,25.31,-1.011,16.654,0.09,1.32,0.0
ATOM,2546.0,HB3,MET,162.0,25.567,0.553,16.261,0.09,1.32,0.0
ATOM,2547.0,HG2,MET,162.0,24.822,-0.022,13.997,0.09,1.32,0.0
ATOM,2548.0,HG3,MET,162.0,24.33,-1.454,14.608,0.09,1.32,0.0
ATOM,2549.0,HE1,MET,162.0,22.74,-1.709,16.355,0.09,1.32,0.0
ATOM,2550.0,HE2,MET,162.0,22.815,-0.516,17.468,0.09,1.32,0.0
ATOM,2551.0,HE3,MET,162.0,21.428,-0.781,16.646,0.09,1.32,0.0
ATOM,2552.0,N,ARG,163.0,28.201,-1.368,17.299,-0.47,1.85,0.0
ATOM,2553.0,CA,ARG,163.0,29.192,-1.197,18.34,0.07,2.275,0.0
ATOM,2554.0,C,ARG,163.0,30.608,-1.077,17.758,0.51,2.0,0.07
ATOM,2555.0,O,ARG,163.0,31.447,-0.391,18.352,-0.51,1.7,27.33
ATOM,2556.0,CB,ARG,163.0,29.159,-2.359,19.323,-0.18,2.175,0.46
ATOM,2557.0,CG,ARG,163.0,29.054,-1.905,20.742,-0.18,2.175,1.98
ATOM,2558.0,CD,ARG,163.0,29.488,-2.925,21.74,0.2,2.175,5.73
ATOM,2559.0,NE,ARG,163.0,30.099,-2.241,22.873,-0.7,1.85,4.24
ATOM,2560.0,CZ,ARG,163.0,30.524,-2.855,23.966,0.64,2.0,2.15
ATOM,2561.0,NH1,ARG,163.0,30.378,-4.178,24.078,-0.8,1.85,24.74
ATOM,2562.0,NH2,ARG,163.0,31.085,-2.147,24.945,-0.8,1.85,27.55
ATOM,2563.0,H,ARG,163.0,27.608,-2.216,17.201,0.31,0.2245,0.0
ATOM,2564.0,HA,ARG,163.0,28.992,-0.352,18.855,0.09,1.32,0.06
ATOM,2565.0,HB2,ARG,163.0,28.37,-2.922,19.108,0.09,1.32,0.0
ATOM,2566.0,HB3,ARG,163.0,29.998,-2.878,19.215,0.09,1.32,3.73
ATOM,2567.0,HG2,ARG,163.0,29.618,-1.074,20.873,0.09,1.32,3.66
ATOM,2568.0,HG3,ARG,163.0,28.094,-1.653,20.945,0.09,1.32,0.0
ATOM,2569.0,HD2,ARG,163.0,28.698,-3.427,22.052,0.09,1.32,0.0
ATOM,2570.0,HD3,ARG,163.0,30.156,-3.519,21.322,0.09,1.32,7.38
ATOM,2571.0,HE,ARG,163.0,30.203,-1.242,22.82,0.44,0.2245,9.75
ATOM,2572.0,HH11,ARG,163.0,29.974,-4.717,23.349,0.46,0.2245,9.43
ATOM,2573.0,HH12,ARG,163.0,30.686,-4.636,24.922,0.46,0.2245,18.49
ATOM,2574.0,HH21,ARG,163.0,31.199,-1.158,24.839,0.46,0.2245,18.33
ATOM,2575.0,HH22,ARG,163.0,31.391,-2.601,25.779,0.46,0.2245,18.63
ATOM,2576.0,N,SER,164.0,30.849,-1.728,16.613,-0.47,1.85,0.0
ATOM,2577.0,CA,SER,164.0,32.188,-1.862,16.014,0.07,2.275,1.64
ATOM,2578.0,C,SER,164.0,32.427,-0.955,14.792,0.51,2.0,0.49
ATOM,2579.0,O,SER,164.0,33.542,-0.875,14.267,-0.51,1.7,15.54
ATOM,2580.0,CB,SER,164.0,32.519,-3.338,15.681,0.05,2.175,21.33
ATOM,2581.0,OG,SER,164.0,31.646,-3.966,14.783,-0.66,1.77,15.13
ATOM,2582.0,H,SER,164.0,29.992,-2.141,16.171,0.31,0.2245,0.0
ATOM,2583.0,HA,SER,164.0,32.871,-1.607,16.722,0.09,1.32,7.49
ATOM,2584.0,HB2,SER,164.0,33.461,-3.366,15.305,0.09,1.32,8.98
ATOM,2585.0,HB3,SER,164.0,32.529,-3.856,16.553,0.09,1.32,8.92
ATOM,2586.0,HG,SER,164.0,30.775,-4.166,15.237,0.43,0.2245,0.0
ATOM,2587.0,N,ALA,165.0,31.396,-0.243,14.354,-0.47,1.85,0.0
ATOM,2588.0,CA,ALA,165.0,31.495,0.505,13.095,0.07,2.275,0.71
ATOM,2589.0,C,ALA,165.0,32.334,1.752,13.302,0.51,2.0,0.0
ATOM,2590.0,O,ALA,165.0,32.263,2.364,14.383,-0.51,1.7,6.41
ATOM,2591.0,CB,ALA,165.0,30.062,0.874,12.567,-0.27,2.06,0.83
ATOM,2592.0,H,ALA,165.0,30.557,-0.259,14.946,0.31,0.2245,0.0
ATOM,2593.0,HA,ALA,165.0,31.941,-0.078,12.412,0.09,1.32,6.77
ATOM,2594.0,HB1,ALA,165.0,29.439,0.148,12.829,0.09,1.32,0.0
ATOM,2595.0,HB2,ALA,165.0,29.792,1.734,12.98,0.09,1.32,0.0
ATOM,2596.0,HB3,ALA,165.0,30.108,0.958,11.58,0.09,1.32,4.34
ATOM,2597.0,N,GLU,166.0,33.161,2.091,12.308,-0.47,1.85,0.05
ATOM,2598.0,CA,GLU,166.0,33.962,3.306,12.335,0.07,2.275,0.0
ATOM,2599.0,C,GLU,166.0,33.819,4.05,11.006,0.51,2.0,0.58
ATOM,2600.0,O,GLU,166.0,33.953,3.424,9.946,-0.51,1.7,28.08
ATOM,2601.0,CB,GLU,166.0,35.438,2.983,12.559,-0.18,2.175,8.46
ATOM,2602.0,CG,GLU,166.0,35.689,2.217,13.84,-0.28,2.175,7.01
ATOM,2603.0,CD,GLU,166.0,37.158,1.963,14.044,0.62,2.0,4.83
ATOM,2604.0,OE1,GLU,166.0,37.726,1.226,13.21,-0.76,1.7,41.14
ATOM,2605.0,OE2,GLU,166.0,37.681,2.538,14.994,-0.76,1.7,47.31
ATOM,2606.0,H,GLU,166.0,33.179,1.41,11.517,0.31,0.2245,9.2
ATOM,2607.0,HA,GLU,166.0,33.657,3.9,13.082,0.09,1.32,0.0
ATOM,2608.0,HB2,GLU,166.0,35.738,2.424,11.811,0.09,1.32,5.98
ATOM,2609.0,HB3,GLU,166.0,35.925,3.832,12.616,0.09,1.32,6.59
ATOM,2610.0,HG2,GLU,166.0,35.37,2.758,14.59,0.09,1.32,6.86
ATOM,2611.0,HG3,GLU,166.0,35.24,1.35,13.775,0.09,1.32,0.0
ATOM,2612.0,N,PRO,167.0,33.568,5.36,11.034,-0.29,1.85,0.46
ATOM,2613.0,CA,PRO,167.0,33.401,6.128,12.27,0.02,2.275,1.67
ATOM,2614.0,C,PRO,167.0,32.11,5.772,12.979,0.51,2.0,0.0
ATOM,2615.0,O,PRO,167.0,31.247,5.068,12.434,-0.51,1.7,1.61
ATOM,2616.0,CB,PRO,167.0,33.343,7.587,11.799,-0.18,2.175,15.87
ATOM,2617.0,CG,PRO,167.0,33.008,7.541,10.416,-0.18,2.175,17.15
ATOM,2618.0,CD,PRO,167.0,33.388,6.203,9.844,0.0,2.175,17.31
ATOM,2619.0,HA,PRO,167.0,34.196,5.996,12.88,0.09,1.32,5.37
ATOM,2620.0,HB2,PRO,167.0,32.655,8.092,12.353,0.09,1.32,5.02
ATOM,2621.0,HB3,PRO,167.0,34.241,8.033,11.971,0.09,1.32,12.36
ATOM,2622.0,HG2,PRO,167.0,32.001,7.706,10.259,0.09,1.32,1.1
ATOM,2623.0,HG3,PRO,167.0,33.48,8.287,9.882,0.09,1.32,13.24
ATOM,2624.0,HD2,PRO,167.0,32.663,5.836,9.259,0.09,1.32,11.28
ATOM,2625.0,HD3,PRO,167.0,34.24,6.258,9.318,0.09,1.32,11.83
ATOM,2626.0,N,SER,168.0,32.0,6.252,14.207,-0.47,1.85,1.54
ATOM,2627.0,CA,SER,168.0,30.86,5.918,15.041,0.07,2.275,1.19
ATOM,2628.0,C,SER,168.0,29.527,6.209,14.321,0.51,2.0,0.0
ATOM,2629.0,O,SER,168.0,29.37,7.277,13.752,-0.51,1.7,2.98
ATOM,2630.0,CB,SER,168.0,30.919,6.735,16.316,0.05,2.175,21.38
ATOM,2631.0,OG,SER,168.0,29.785,6.52,17.147,-0.66,1.77,7.64
ATOM,2632.0,H,SER,168.0,32.775,6.868,14.511,0.31,0.2245,8.47
ATOM,2633.0,HA,SER,168.0,30.885,4.93,15.237,0.09,1.32,1.22
ATOM,2634.0,HB2,SER,168.0,31.741,6.485,16.829,0.09,1.32,11.67
ATOM,2635.0,HB3,SER,168.0,30.961,7.708,16.081,0.09,1.32,9.36
ATOM,2636.0,HG,SER,168.0,29.101,7.223,16.961,0.43,0.2245,1.83
ATOM,2637.0,N,VAL,169.0,28.596,5.26,14.405,-0.47,1.85,0.0
ATOM,2638.0,CA,VAL,169.0,27.236,5.393,13.845,0.07,2.275,0.0
ATOM,2639.0,C,VAL,169.0,26.224,5.946,14.846,0.51,2.0,0.0
ATOM,2640.0,O,VAL,169.0,25.037,6.153,14.514,-0.51,1.7,0.0
ATOM,2641.0,CB,VAL,169.0,26.74,4.028,13.309,-0.09,2.275,0.0
ATOM,2642.0,CG1,VAL,169.0,27.654,3.573,12.177,-0.27,2.06,0.7
ATOM,2643.0,CG2,VAL,169.0,26.674,2.954,14.449,-0.27,2.06,0.0
ATOM,2644.0,H,VAL,169.0,28.91,4.395,14.909,0.31,0.2245,0.05
ATOM,2645.0,HA,VAL,169.0,27.288,6.037,13.064,0.09,1.32,0.0
ATOM,2646.0,HB,VAL,169.0,25.842,4.168,12.92,0.09,1.32,0.0
ATOM,2647.0,HG11,VAL,169.0,28.01,2.662,12.382,0.09,1.32,0.0
ATOM,2648.0,HG12,VAL,169.0,27.136,3.544,11.322,0.09,1.32,0.0
ATOM,2649.0,HG13,VAL,169.0,28.415,4.215,12.085,0.09,1.32,0.0
ATOM,2650.0,HG21,VAL,169.0,26.171,2.171,14.104,0.09,1.32,0.0
ATOM,2651.0,HG22,VAL,169.0,27.604,2.701,14.687,0.09,1.32,0.0
ATOM,2652.0,HG23,VAL,169.0,26.208,3.359,15.226,0.09,1.32,0.0
ATOM,2653.0,N,PHE,170.0,26.683,6.221,16.067,-0.47,1.85,0.0
ATOM,2654.0,CA,PHE,170.0,25.831,6.815,17.092,0.07,2.275,0.0
ATOM,2655.0,C,PHE,170.0,25.765,8.339,17.008,0.51,2.0,0.0
ATOM,2656.0,O,PHE,170.0,26.757,9.016,16.662,-0.51,1.7,12.15
ATOM,2657.0,CB,PHE,170.0,26.263,6.373,18.483,-0.18,2.175,3.16
ATOM,2658.0,CG,PHE,170.0,26.215,4.876,18.665,0.0,1.9924,0.0
ATOM,2659.0,CD1,PHE,170.0,24.982,4.218,18.737,-0.115,1.9924,0.0
ATOM,2660.0,CD2,PHE,170.0,27.396,4.134,18.637,-0.115,1.9924,7.24
ATOM,2661.0,CE1,PHE,170.0,24.917,2.809,18.885,-0.115,1.9924,0.0
ATOM,2662.0,CE2,PHE,170.0,27.363,2.735,18.752,-0.115,1.9924,7.07
ATOM,2663.0,CZ,PHE,170.0,26.137,2.073,18.893,-0.115,1.9924,0.0
ATOM,2664.0,H,PHE,170.0,27.681,5.98,16.22,0.31,0.2245,0.0
ATOM,2665.0,HA,PHE,170.0,24.89,6.475,16.927,0.09,1.32,0.0
ATOM,2666.0,HB2,PHE,170.0,27.194,6.664,18.623,0.09,1.32,2.85
ATOM,2667.0,HB3,PHE,170.0,25.648,6.776,19.138,0.09,1.32,0.0
ATOM,2668.0,HD1,PHE,170.0,24.137,4.731,18.684,0.115,1.3582,0.0
ATOM,2669.0,HD2,PHE,170.0,28.271,4.596,18.534,0.115,1.3582,3.86
ATOM,2670.0,HE1,PHE,170.0,24.049,2.355,18.981,0.115,1.3582,0.0
ATOM,2671.0,HE2,PHE,170.0,28.226,2.214,18.734,0.115,1.3582,4.0
ATOM,2672.0,HZ,PHE,170.0,26.103,1.085,19.0,0.115,1.3582,0.0
ATOM,2673.0,N,VAL,171.0,24.59,8.88,17.311,-0.47,1.85,0.0
ATOM,2674.0,CA,VAL,171.0,24.365,10.305,17.25,0.07,2.275,0.41
ATOM,2675.0,C,VAL,171.0,23.922,10.785,18.616,0.51,2.0,0.1
ATOM,2676.0,O,VAL,171.0,23.377,10.022,19.4,-0.51,1.7,0.0
ATOM,2677.0,CB,VAL,171.0,23.349,10.714,16.147,-0.09,2.275,0.0
ATOM,2678.0,CG1,VAL,171.0,23.929,10.457,14.77,-0.27,2.06,0.0
ATOM,2679.0,CG2,VAL,171.0,21.981,10.037,16.342,-0.27,2.06,0.0
ATOM,2680.0,H,VAL,171.0,23.859,8.191,17.592,0.31,0.2245,0.0
ATOM,2681.0,HA,VAL,171.0,25.231,10.755,17.029,0.09,1.32,0.05
ATOM,2682.0,HB,VAL,171.0,23.202,11.694,16.23,0.09,1.32,0.0
ATOM,2683.0,HG11,VAL,171.0,24.236,9.506,14.706,0.09,1.32,0.0
ATOM,2684.0,HG12,VAL,171.0,23.231,10.627,14.073,0.09,1.32,0.0
ATOM,2685.0,HG13,VAL,171.0,24.707,11.067,14.613,0.09,1.32,0.0
ATOM,2686.0,HG21,VAL,171.0,21.384,10.296,15.587,0.09,1.32,0.0
ATOM,2687.0,HG22,VAL,171.0,22.11,9.048,16.354,0.09,1.32,0.0
ATOM,2688.0,HG23,VAL,171.0,21.591,10.343,17.207,0.09,1.32,0.0
ATOM,2689.0,N,ARG,172.0,24.181,12.049,18.946,-0.47,1.85,0.0
ATOM,2690.0,CA,ARG,172.0,23.785,12.55,20.286,0.07,2.275,0.0
ATOM,2691.0,C,ARG,172.0,22.303,12.98,20.387,0.51,2.0,0.0
ATOM,2692.0,O,ARG,172.0,21.715,12.959,21.461,-0.51,1.7,17.33
ATOM,2693.0,CB,ARG,172.0,24.706,13.704,20.751,-0.18,2.175,5.14
ATOM,2694.0,CG,ARG,172.0,26.145,13.694,20.165,-0.18,2.175,2.71
ATOM,2695.0,CD,ARG,172.0,27.099,14.782,20.739,0.2,2.175,16.4
ATOM,2696.0,NE,ARG,172.0,28.49,14.307,20.853,-0.7,1.85,5.93
ATOM,2697.0,CZ,ARG,172.0,29.561,14.889,20.289,0.64,2.0,3.64
ATOM,2698.0,NH1,ARG,172.0,29.451,15.987,19.538,-0.8,1.85,25.19
ATOM,2699.0,NH2,ARG,172.0,30.764,14.359,20.472,-0.8,1.85,28.72
ATOM,2700.0,H,ARG,172.0,24.649,12.617,18.242,0.31,0.2245,0.0
ATOM,2701.0,HA,ARG,172.0,23.949,11.811,20.963,0.09,1.32,0.0
ATOM,2702.0,HB2,ARG,172.0,24.282,14.567,20.487,0.09,1.32,1.54
ATOM,2703.0,HB3,ARG,172.0,24.788,13.657,21.744,0.09,1.32,7.41
ATOM,2704.0,HG2,ARG,172.0,26.565,12.799,20.344,0.09,1.32,3.18
ATOM,2705.0,HG3,ARG,172.0,26.094,13.832,19.171,0.09,1.32,0.0
ATOM,2706.0,HD2,ARG,172.0,27.064,15.561,20.125,0.09,1.32,3.02
ATOM,2707.0,HD3,ARG,172.0,26.758,15.03,21.639,0.09,1.32,8.74
ATOM,2708.0,HE,ARG,172.0,28.652,13.473,21.402,0.44,0.2245,10.95
ATOM,2709.0,HH11,ARG,172.0,28.551,16.403,19.405,0.46,0.2245,11.0
ATOM,2710.0,HH12,ARG,172.0,30.26,16.387,19.117,0.46,0.2245,18.14
ATOM,2711.0,HH21,ARG,172.0,30.869,13.543,21.043,0.46,0.2245,17.83
ATOM,2712.0,HH22,ARG,172.0,31.566,14.773,20.042,0.46,0.2245,18.15
ATOM,2713.0,N,THR,173.0,21.711,13.392,19.269,-0.47,1.85,0.0
ATOM,2714.0,CA,THR,173.0,20.327,13.893,19.275,0.07,2.275,0.16
ATOM,2715.0,C,THR,173.0,19.6,13.424,18.024,0.51,2.0,0.0
ATOM,2716.0,O,THR,173.0,20.227,13.094,17.008,-0.51,1.7,0.0
ATOM,2717.0,CB,THR,173.0,20.264,15.459,19.274,0.14,2.275,3.74
ATOM,2718.0,OG1,THR,173.0,20.876,15.944,18.076,-0.66,1.77,5.03
ATOM,2719.0,CG2,THR,173.0,21.071,16.088,20.432,-0.27,2.06,32.24
ATOM,2720.0,H,THR,173.0,22.29,13.333,18.415,0.31,0.2245,0.0
ATOM,2721.0,HA,THR,173.0,19.861,13.516,20.077,0.09,1.32,3.24
ATOM,2722.0,HB,THR,173.0,19.288,15.735,19.276,0.09,1.32,4.98
ATOM,2723.0,HG21,THR,173.0,21.788,15.453,20.716,0.09,1.32,0.0
ATOM,2724.0,HG22,THR,173.0,21.482,16.943,20.119,0.09,1.32,10.13
ATOM,2725.0,HG23,THR,173.0,20.458,16.269,21.199,0.09,1.32,11.47
ATOM,2726.0,HG1,THR,173.0,21.705,15.415,17.866,0.43,0.2245,0.2
ATOM,2727.0,N,THR,174.0,18.272,13.449,18.086,-0.47,1.85,0.0
ATOM,2728.0,CA,THR,174.0,17.454,13.158,16.922,0.07,2.275,0.0
ATOM,2729.0,C,THR,174.0,17.802,14.075,15.773,0.51,2.0,0.0
ATOM,2730.0,O,THR,174.0,18.021,13.6,14.684,-0.51,1.7,0.0
ATOM,2731.0,CB,THR,174.0,15.939,13.168,17.296,0.14,2.275,0.87
ATOM,2732.0,OG1,THR,174.0,15.72,12.197,18.317,-0.66,1.77,5.99
ATOM,2733.0,CG2,THR,174.0,15.111,12.641,16.113,-0.27,2.06,0.61
ATOM,2734.0,H,THR,174.0,17.884,13.689,19.018,0.31,0.2245,1.58
ATOM,2735.0,HA,THR,174.0,17.63,12.206,16.637,0.09,1.32,0.0
ATOM,2736.0,HB,THR,174.0,15.709,14.085,17.663,0.09,1.32,1.1
ATOM,2737.0,HG21,THR,174.0,15.726,12.359,15.376,0.09,1.32,0.0
ATOM,2738.0,HG22,THR,174.0,14.566,11.858,16.412,0.09,1.32,0.04
ATOM,2739.0,HG23,THR,174.0,14.504,13.364,15.784,0.09,1.32,2.2
ATOM,2740.0,HG1,THR,174.0,15.453,12.644,19.178,0.43,0.2245,0.93
ATOM,2741.0,N,ALA,175.0,17.948,15.385,16.032,-0.47,1.85,1.48
ATOM,2742.0,CA,ALA,175.0,18.358,16.33,15.001,0.07,2.275,2.34
ATOM,2743.0,C,ALA,175.0,19.66,15.957,14.317,0.51,2.0,0.11
ATOM,2744.0,O,ALA,175.0,19.773,16.107,13.105,-0.51,1.7,3.27
ATOM,2745.0,CB,ALA,175.0,18.423,17.753,15.521,-0.27,2.06,38.24
ATOM,2746.0,H,ALA,175.0,17.746,15.653,17.013,0.31,0.2245,2.7
ATOM,2747.0,HA,ALA,175.0,17.624,16.376,14.296,0.09,1.32,4.42
ATOM,2748.0,HB1,ALA,175.0,17.61,18.257,15.226,0.09,1.32,11.85
ATOM,2749.0,HB2,ALA,175.0,18.462,17.745,16.521,0.09,1.32,4.81
ATOM,2750.0,HB3,ALA,175.0,19.24,18.206,15.163,0.09,1.32,9.0
ATOM,2751.0,N,GLU,176.0,20.631,15.458,15.09,-0.47,1.85,0.43
ATOM,2752.0,CA,GLU,176.0,21.905,15.027,14.561,0.07,2.275,2.4
ATOM,2753.0,C,GLU,176.0,21.714,13.782,13.663,0.51,2.0,0.0
ATOM,2754.0,O,GLU,176.0,22.25,13.748,12.587,-0.51,1.7,0.67
ATOM,2755.0,CB,GLU,176.0,22.921,14.774,15.686,-0.18,2.175,1.74
ATOM,2756.0,CG,GLU,176.0,24.326,14.483,15.172,-0.28,2.175,13.17
ATOM,2757.0,CD,GLU,176.0,25.258,13.97,16.274,0.62,2.0,2.82
ATOM,2758.0,OE1,GLU,176.0,24.991,14.271,17.453,-0.76,1.7,4.54
ATOM,2759.0,OE2,GLU,176.0,26.25,13.275,15.971,-0.76,1.7,23.98
ATOM,2760.0,H,GLU,176.0,20.381,15.411,16.105,0.31,0.2245,0.0
ATOM,2761.0,HA,GLU,176.0,22.323,15.757,14.014,0.09,1.32,4.01
ATOM,2762.0,HB2,GLU,176.0,22.966,15.585,16.234,0.09,1.32,4.84
ATOM,2763.0,HB3,GLU,176.0,22.619,13.99,16.189,0.09,1.32,0.0
ATOM,2764.0,HG2,GLU,176.0,24.268,13.782,14.49,0.09,1.32,0.0
ATOM,2765.0,HG3,GLU,176.0,24.711,15.316,14.83,0.09,1.32,10.58
ATOM,2766.0,N,GLY,177.0,20.865,12.839,14.064,-0.47,1.85,0.0
ATOM,2767.0,CA,GLY,177.0,20.641,11.647,13.243,-0.02,2.175,0.0
ATOM,2768.0,C,GLY,177.0,19.976,12.02,11.922,0.51,2.0,0.0
ATOM,2769.0,O,GLY,177.0,20.397,11.578,10.85,-0.51,1.7,0.0
ATOM,2770.0,H,GLY,177.0,20.399,13.013,14.964,0.31,0.2245,0.0
ATOM,2771.0,HA2,GLY,177.0,21.521,11.199,13.058,0.09,1.32,0.0
ATOM,2772.0,HA3,GLY,177.0,20.052,11.004,13.742,0.09,1.32,0.0
ATOM,2773.0,N,VAL,178.0,18.937,12.864,12.007,-0.47,1.85,0.0
ATOM,2774.0,CA,VAL,178.0,18.235,13.323,10.811,0.07,2.275,0.0
ATOM,2775.0,C,VAL,178.0,19.193,14.057,9.856,0.51,2.0,0.0
ATOM,2776.0,O,VAL,178.0,19.223,13.771,8.655,-0.51,1.7,0.0
ATOM,2777.0,CB,VAL,178.0,17.015,14.21,11.173,-0.09,2.275,0.74
ATOM,2778.0,CG1,VAL,178.0,16.408,14.817,9.876,-0.27,2.06,1.89
ATOM,2779.0,CG2,VAL,178.0,15.969,13.383,11.967,-0.27,2.06,0.0
ATOM,2780.0,H,VAL,178.0,18.688,13.15,12.968,0.31,0.2245,0.0
ATOM,2781.0,HA,VAL,178.0,17.879,12.518,10.325,0.09,1.32,0.0
ATOM,2782.0,HB,VAL,178.0,17.34,14.971,11.711,0.09,1.32,0.49
ATOM,2783.0,HG11,VAL,178.0,15.427,14.653,9.878,0.09,1.32,0.0
ATOM,2784.0,HG12,VAL,178.0,16.594,15.794,9.865,0.09,1.32,2.57
ATOM,2785.0,HG13,VAL,178.0,16.831,14.376,9.091,0.09,1.32,0.0
ATOM,2786.0,HG21,VAL,178.0,16.439,12.633,12.421,0.09,1.32,0.0
ATOM,2787.0,HG22,VAL,178.0,15.538,13.98,12.637,0.09,1.32,0.45
ATOM,2788.0,HG23,VAL,178.0,15.293,13.033,11.327,0.09,1.32,0.0
ATOM,2789.0,N,ALA,179.0,20.007,14.972,10.389,-0.47,1.85,0.05
ATOM,2790.0,CA,ALA,179.0,20.893,15.732,9.517,0.07,2.275,0.53
ATOM,2791.0,C,ALA,179.0,21.933,14.791,8.926,0.51,2.0,0.32
ATOM,2792.0,O,ALA,179.0,22.345,14.942,7.778,-0.51,1.7,0.11
ATOM,2793.0,CB,ALA,179.0,21.534,16.896,10.267,-0.27,2.06,31.71
ATOM,2794.0,H,ALA,179.0,19.952,15.081,11.403,0.31,0.2245,0.0
ATOM,2795.0,HA,ALA,179.0,20.356,16.126,8.771,0.09,1.32,1.05
ATOM,2796.0,HB1,ALA,179.0,20.913,17.678,10.26,0.09,1.32,11.63
ATOM,2797.0,HB2,ALA,179.0,21.717,16.623,11.21,0.09,1.32,0.0
ATOM,2798.0,HB3,ALA,179.0,22.392,17.147,9.82,0.09,1.32,6.41
ATOM,2799.0,N,ARG,180.0,22.346,13.779,9.691,-0.47,1.85,0.77
ATOM,2800.0,CA,ARG,180.0,23.303,12.825,9.145,0.07,2.275,2.35
ATOM,2801.0,C,ARG,180.0,22.683,12.03,8.0,0.51,2.0,0.0
ATOM,2802.0,O,ARG,180.0,23.342,11.736,7.004,-0.51,1.7,0.0
ATOM,2803.0,CB,ARG,180.0,23.879,11.89,10.22,-0.18,2.175,1.69
ATOM,2804.0,CG,ARG,180.0,25.092,11.093,9.749,-0.18,2.175,2.3
ATOM,2805.0,CD,ARG,180.0,25.59,10.208,10.855,0.2,2.175,2.65
ATOM,2806.0,NE,ARG,180.0,26.713,9.334,10.511,-0.7,1.85,4.09
ATOM,2807.0,CZ,ARG,180.0,27.465,8.731,11.435,0.64,2.0,1.73
ATOM,2808.0,NH1,ARG,180.0,27.231,8.982,12.724,-0.8,1.85,9.24
ATOM,2809.0,NH2,ARG,180.0,28.464,7.911,11.073,-0.8,1.85,5.54
ATOM,2810.0,H,ARG,180.0,21.954,13.739,10.631,0.31,0.2245,0.0
ATOM,2811.0,HA,ARG,180.0,24.1,13.328,8.791,0.09,1.32,3.13
ATOM,2812.0,HB2,ARG,180.0,24.156,12.443,10.996,0.09,1.32,1.96
ATOM,2813.0,HB3,ARG,180.0,23.171,11.247,10.483,0.09,1.32,0.0
ATOM,2814.0,HG2,ARG,180.0,24.83,10.527,8.978,0.09,1.32,0.0
ATOM,2815.0,HG3,ARG,180.0,25.815,11.723,9.493,0.09,1.32,9.68
ATOM,2816.0,HD2,ARG,180.0,25.867,10.796,11.633,0.09,1.32,3.07
ATOM,2817.0,HD3,ARG,180.0,24.819,9.631,11.171,0.09,1.32,0.0
ATOM,2818.0,HE,ARG,180.0,26.924,9.184,9.552,0.44,0.2245,4.96
ATOM,2819.0,HH11,ARG,180.0,26.502,9.587,13.015,0.46,0.2245,0.03
ATOM,2820.0,HH12,ARG,180.0,27.814,8.54,13.422,0.46,0.2245,0.39
ATOM,2821.0,HH21,ARG,180.0,28.618,7.748,10.096,0.46,0.2245,9.24
ATOM,2822.0,HH22,ARG,180.0,29.03,7.48,11.76,0.46,0.2245,0.0
ATOM,2823.0,N,VAL,181.0,21.417,11.658,8.15,-0.47,1.85,0.0
ATOM,2824.0,CA,VAL,181.0,20.746,10.955,7.062,0.07,2.275,0.0
ATOM,2825.0,C,VAL,181.0,20.752,11.884,5.823,0.51,2.0,0.0
ATOM,2826.0,O,VAL,181.0,21.114,11.491,4.712,-0.51,1.7,0.0
ATOM,2827.0,CB,VAL,181.0,19.297,10.55,7.435,-0.09,2.275,0.0
ATOM,2828.0,CG1,VAL,181.0,18.555,10.075,6.176,-0.27,2.06,0.0
ATOM,2829.0,CG2,VAL,181.0,19.287,9.463,8.508,-0.27,2.06,0.0
ATOM,2830.0,H,VAL,181.0,20.981,11.895,9.043,0.31,0.2245,0.0
ATOM,2831.0,HA,VAL,181.0,21.274,10.147,6.831,0.09,1.32,0.0
ATOM,2832.0,HB,VAL,181.0,18.83,11.361,7.754,0.09,1.32,0.0
ATOM,2833.0,HG11,VAL,181.0,17.572,10.11,6.343,0.09,1.32,0.0
ATOM,2834.0,HG12,VAL,181.0,18.79,10.673,5.413,0.09,1.32,0.0
ATOM,2835.0,HG13,VAL,181.0,18.83,9.139,5.968,0.09,1.32,0.0
ATOM,2836.0,HG21,VAL,181.0,18.403,8.998,8.494,0.09,1.32,0.0
ATOM,2837.0,HG22,VAL,181.0,20.017,8.808,8.318,0.09,1.32,0.0
ATOM,2838.0,HG23,VAL,181.0,19.434,9.884,9.402,0.09,1.32,0.0
ATOM,2839.0,N,ARG,182.0,20.369,13.132,6.037,-0.47,1.85,0.0
ATOM,2840.0,CA,ARG,182.0,20.102,14.018,4.913,0.07,2.275,0.0
ATOM,2841.0,C,ARG,182.0,21.395,14.403,4.193,0.51,2.0,0.0
ATOM,2842.0,O,ARG,182.0,21.388,14.659,2.978,-0.51,1.7,9.39
ATOM,2843.0,CB,ARG,182.0,19.38,15.27,5.39,-0.18,2.175,3.63
ATOM,2844.0,CG,ARG,182.0,17.909,15.05,5.668,-0.18,2.175,0.0
ATOM,2845.0,CD,ARG,182.0,17.242,16.281,6.253,0.2,2.175,4.34
ATOM,2846.0,NE,ARG,182.0,15.79,16.15,6.331,-0.7,1.85,0.0
ATOM,2847.0,CZ,ARG,182.0,15.011,16.82,7.183,0.64,2.0,0.0
ATOM,2848.0,NH1,ARG,182.0,15.523,17.644,8.078,-0.8,1.85,8.64
ATOM,2849.0,NH2,ARG,182.0,13.699,16.669,7.142,-0.8,1.85,0.0
ATOM,2850.0,H,ARG,182.0,20.28,13.409,7.024,0.31,0.2245,0.0
ATOM,2851.0,HA,ARG,182.0,19.501,13.543,4.257,0.09,1.32,0.0
ATOM,2852.0,HB2,ARG,182.0,19.812,15.58,6.231,0.09,1.32,0.0
ATOM,2853.0,HB3,ARG,182.0,19.461,15.967,4.685,0.09,1.32,4.7
ATOM,2854.0,HG2,ARG,182.0,17.438,14.817,4.816,0.09,1.32,0.0
ATOM,2855.0,HG3,ARG,182.0,17.8,14.299,6.321,0.09,1.32,0.0
ATOM,2856.0,HD2,ARG,182.0,17.609,16.426,7.171,0.09,1.32,0.01
ATOM,2857.0,HD3,ARG,182.0,17.471,17.063,5.673,0.09,1.32,3.67
ATOM,2858.0,HE,ARG,182.0,15.34,15.507,5.696,0.44,0.2245,0.0
ATOM,2859.0,HH11,ARG,182.0,16.511,17.797,8.121,0.46,0.2245,8.77
ATOM,2860.0,HH12,ARG,182.0,14.921,18.124,8.723,0.46,0.2245,12.75
ATOM,2861.0,HH21,ARG,182.0,13.289,16.062,6.453,0.46,0.2245,0.0
ATOM,2862.0,HH22,ARG,182.0,13.113,17.153,7.789,0.46,0.2245,0.0
ATOM,2863.0,N,LYS,183.0,22.502,14.384,4.931,-0.47,1.85,0.0
ATOM,2864.0,CA,LYS,183.0,23.82,14.767,4.414,0.07,2.275,0.15
ATOM,2865.0,C,LYS,183.0,24.684,13.639,3.89,0.51,2.0,0.0
ATOM,2866.0,O,LYS,183.0,25.764,13.912,3.373,-0.51,1.7,14.52
ATOM,2867.0,CB,LYS,183.0,24.635,15.49,5.506,-0.18,2.175,8.42
ATOM,2868.0,CG,LYS,183.0,24.425,17.022,5.623,-0.18,2.175,12.5
ATOM,2869.0,CD,LYS,183.0,24.035,17.725,4.298,-0.18,2.175,7.1
ATOM,2870.0,CE,LYS,183.0,25.052,18.817,3.909,0.21,2.175,18.33
ATOM,2871.0,NZ,LYS,183.0,24.402,20.119,3.493,-0.3,1.85,15.43
ATOM,2872.0,H,LYS,183.0,22.354,14.07,5.92,0.31,0.2245,0.0
ATOM,2873.0,HA,LYS,183.0,23.678,15.45,3.657,0.09,1.32,0.83
ATOM,2874.0,HB2,LYS,183.0,24.4,15.083,6.393,0.09,1.32,0.0
ATOM,2875.0,HB3,LYS,183.0,25.61,15.33,5.326,0.09,1.32,6.67
ATOM,2876.0,HG2,LYS,183.0,23.698,17.194,6.299,0.09,1.32,2.56
ATOM,2877.0,HG3,LYS,183.0,25.277,17.437,5.964,0.09,1.32,7.77
ATOM,2878.0,HD2,LYS,183.0,24.012,17.046,3.577,0.09,1.32,2.45
ATOM,2879.0,HD3,LYS,183.0,23.148,18.149,4.416,0.09,1.32,6.27
ATOM,2880.0,HE2,LYS,183.0,25.652,18.992,4.696,0.05,1.32,8.07
ATOM,2881.0,HE3,LYS,183.0,25.612,18.478,3.147,0.05,1.32,11.33
ATOM,2882.0,HZ1,LYS,183.0,24.28,20.113,2.505,0.33,0.2245,20.27
ATOM,2883.0,HZ2,LYS,183.0,23.52,20.195,3.948,0.33,0.2245,15.38
ATOM,2884.0,HZ3,LYS,183.0,24.995,20.872,3.763,0.33,0.2245,20.58
ATOM,2885.0,N,SER,184.0,24.263,12.379,4.032,-0.47,1.85,0.0
ATOM,2886.0,CA,SER,184.0,25.133,11.234,3.708,0.07,2.275,0.89
ATOM,2887.0,C,SER,184.0,24.93,10.548,2.361,0.51,2.0,0.02
ATOM,2888.0,O,SER,184.0,25.469,9.471,2.127,-0.51,1.7,2.98
ATOM,2889.0,CB,SER,184.0,25.161,10.212,4.87,0.05,2.175,4.88
ATOM,2890.0,OG,SER,184.0,25.686,10.831,6.035,-0.66,1.77,12.54
ATOM,2891.0,H,SER,184.0,23.295,12.276,4.381,0.31,0.2245,0.0
ATOM,2892.0,HA,SER,184.0,26.107,11.575,3.741,0.09,1.32,6.51
ATOM,2893.0,HB2,SER,184.0,24.237,9.912,5.046,0.09,1.32,0.0
ATOM,2894.0,HB3,SER,184.0,25.743,9.458,4.609,0.09,1.32,1.16
ATOM,2895.0,HG,SER,184.0,24.946,11.275,6.537,0.43,0.2245,0.0
ATOM,2896.0,N,LYS,185.0,24.159,11.174,1.468,-0.47,1.85,0.0
ATOM,2897.0,CA,LYS,185.0,24.018,10.67,0.101,0.07,2.275,1.69
ATOM,2898.0,C,LYS,185.0,23.592,9.196,0.029,0.51,2.0,1.53
ATOM,2899.0,O,LYS,185.0,23.983,8.446,-0.899,-0.51,1.7,17.0
ATOM,2900.0,CB,LYS,185.0,25.308,10.946,-0.699,-0.18,2.175,6.84
ATOM,2901.0,CG,LYS,185.0,25.885,12.363,-0.432,-0.18,2.175,3.31
ATOM,2902.0,CD,LYS,185.0,26.831,12.816,-1.516,-0.18,2.175,13.38
ATOM,2903.0,CE,LYS,185.0,27.363,14.215,-1.206,0.21,2.175,21.32
ATOM,2904.0,NZ,LYS,185.0,28.834,14.219,-1.336,-0.3,1.85,13.8
ATOM,2905.0,H,LYS,185.0,23.684,12.022,1.819,0.31,0.2245,0.09
ATOM,2906.0,HA,LYS,185.0,23.318,11.228,-0.381,0.09,1.32,1.13
ATOM,2907.0,HB2,LYS,185.0,25.991,10.286,-0.431,0.09,1.32,3.11
ATOM,2908.0,HB3,LYS,185.0,25.1,10.88,-1.662,0.09,1.32,8.19
ATOM,2909.0,HG2,LYS,185.0,25.115,13.003,-0.368,0.09,1.32,7.01
ATOM,2910.0,HG3,LYS,185.0,26.366,12.341,0.447,0.09,1.32,2.53
ATOM,2911.0,HD2,LYS,185.0,27.601,12.194,-1.562,0.09,1.32,6.62
ATOM,2912.0,HD3,LYS,185.0,26.35,12.852,-2.381,0.09,1.32,10.07
ATOM,2913.0,HE2,LYS,185.0,26.966,14.857,-1.852,0.05,1.32,11.59
ATOM,2914.0,HE3,LYS,185.0,27.106,14.455,-0.276,0.05,1.32,3.27
ATOM,2915.0,HZ1,LYS,185.0,29.119,14.979,-1.922,0.33,0.2245,20.44
ATOM,2916.0,HZ2,LYS,185.0,29.252,14.324,-0.432,0.33,0.2245,20.7
ATOM,2917.0,HZ3,LYS,185.0,29.139,13.356,-1.743,0.33,0.2245,14.07
ATOM,2918.0,N,GLY,186.0,22.791,8.791,1.017,-0.47,1.85,0.0
ATOM,2919.0,CA,GLY,186.0,22.167,7.479,1.024,-0.02,2.175,3.94
ATOM,2920.0,C,GLY,186.0,23.029,6.447,1.743,0.51,2.0,0.0
ATOM,2921.0,O,GLY,186.0,22.716,5.254,1.698,-0.51,1.7,1.79
ATOM,2922.0,H,GLY,186.0,22.656,9.496,1.775,0.31,0.2245,0.0
ATOM,2923.0,HA2,GLY,186.0,21.267,7.534,1.481,0.09,1.32,0.0
ATOM,2924.0,HA3,GLY,186.0,22.01,7.174,0.073,0.09,1.32,7.21
ATOM,2925.0,N,LYS,187.0,24.132,6.911,2.364,-0.47,1.85,0.0
ATOM,2926.0,CA,LYS,187.0,25.104,5.982,2.961,0.07,2.275,0.0
ATOM,2927.0,C,LYS,187.0,24.982,5.945,4.472,0.51,2.0,0.0
ATOM,2928.0,O,LYS,187.0,25.841,5.369,5.174,-0.51,1.7,3.69
ATOM,2929.0,CB,LYS,187.0,26.549,6.317,2.526,-0.18,2.175,11.4
ATOM,2930.0,CG,LYS,187.0,26.71,6.419,1.004,-0.18,2.175,2.5
ATOM,2931.0,CD,LYS,187.0,26.774,5.071,0.381,-0.18,2.175,1.38
ATOM,2932.0,CE,LYS,187.0,27.098,5.191,-1.102,0.21,2.175,17.59
ATOM,2933.0,NZ,LYS,187.0,26.402,4.071,-1.79,-0.3,1.85,11.44
ATOM,2934.0,H,LYS,187.0,24.226,7.933,2.381,0.31,0.2245,0.0
ATOM,2935.0,HA,LYS,187.0,24.929,5.058,2.594,0.09,1.32,0.0
ATOM,2936.0,HB2,LYS,187.0,26.796,7.19,2.925,0.09,1.32,2.75
ATOM,2937.0,HB3,LYS,187.0,27.144,5.596,2.856,0.09,1.32,2.2
ATOM,2938.0,HG2,LYS,187.0,25.927,6.927,0.641,0.09,1.32,0.0
ATOM,2939.0,HG3,LYS,187.0,27.551,6.926,0.812,0.09,1.32,10.16
ATOM,2940.0,HD2,LYS,187.0,27.491,4.534,0.81,0.09,1.32,1.29
ATOM,2941.0,HD3,LYS,187.0,25.896,4.615,0.468,0.09,1.32,0.0
ATOM,2942.0,HE2,LYS,187.0,26.756,6.049,-1.439,0.05,1.32,4.06
ATOM,2943.0,HE3,LYS,187.0,28.07,5.104,-1.229,0.05,1.32,7.07
ATOM,2944.0,HZ1,LYS,187.0,25.69,3.704,-1.191,0.33,0.2245,4.67
ATOM,2945.0,HZ2,LYS,187.0,25.987,4.407,-2.635,0.33,0.2245,20.42
ATOM,2946.0,HZ3,LYS,187.0,27.062,3.351,-2.004,0.33,0.2245,6.42
ATOM,2947.0,N,TYR,188.0,23.905,6.534,4.993,-0.47,1.85,0.0
ATOM,2948.0,CA,TYR,188.0,23.585,6.364,6.426,0.07,2.275,0.0
ATOM,2949.0,C,TYR,188.0,22.094,6.216,6.626,0.51,2.0,0.0
ATOM,2950.0,O,TYR,188.0,21.324,7.051,6.153,-0.51,1.7,0.0
ATOM,2951.0,CB,TYR,188.0,24.061,7.559,7.245,-0.18,2.175,0.0
ATOM,2952.0,CG,TYR,188.0,23.82,7.443,8.754,0.0,1.9924,0.0
ATOM,2953.0,CD1,TYR,188.0,24.665,6.664,9.558,-0.115,1.9924,0.0
ATOM,2954.0,CD2,TYR,188.0,22.774,8.116,9.377,-0.115,1.9924,0.0
ATOM,2955.0,CE1,TYR,188.0,24.48,6.591,10.947,-0.115,1.9924,0.0
ATOM,2956.0,CE2,TYR,188.0,22.564,8.041,10.747,-0.115,1.9924,0.0
ATOM,2957.0,CZ,TYR,188.0,23.414,7.263,11.533,0.11,1.9924,0.0
ATOM,2958.0,OH,TYR,188.0,23.252,7.131,12.888,-0.54,1.77,0.0
ATOM,2959.0,H,TYR,188.0,23.341,7.091,4.345,0.31,0.2245,0.0
ATOM,2960.0,HA,TYR,188.0,24.038,5.524,6.742,0.09,1.32,0.0
ATOM,2961.0,HB2,TYR,188.0,25.044,7.672,7.104,0.09,1.32,2.27
ATOM,2962.0,HB3,TYR,188.0,23.582,8.376,6.926,0.09,1.32,0.0
ATOM,2963.0,HD1,TYR,188.0,25.411,6.151,9.139,0.115,1.3582,0.01
ATOM,2964.0,HD2,TYR,188.0,22.152,8.674,8.819,0.115,1.3582,0.0
ATOM,2965.0,HE1,TYR,188.0,25.113,6.06,11.506,0.115,1.3582,0.0
ATOM,2966.0,HE2,TYR,188.0,21.81,8.539,11.172,0.115,1.3582,0.0
ATOM,2967.0,HH,TYR,188.0,24.085,6.748,13.284,0.43,0.2245,0.0
ATOM,2968.0,N,ALA,189.0,21.7,5.172,7.333,-0.47,1.85,0.0
ATOM,2969.0,CA,ALA,189.0,20.303,4.994,7.748,0.07,2.275,0.0
ATOM,2970.0,C,ALA,189.0,20.209,5.117,9.23,0.51,2.0,0.0
ATOM,2971.0,O,ALA,189.0,21.166,4.771,9.941,-0.51,1.7,0.0
ATOM,2972.0,CB,ALA,189.0,19.82,3.664,7.344,-0.27,2.06,0.0
ATOM,2973.0,H,ALA,189.0,22.45,4.491,7.571,0.31,0.2245,0.0
ATOM,2974.0,HA,ALA,189.0,19.754,5.713,7.313,0.09,1.32,0.0
ATOM,2975.0,HB1,ALA,189.0,20.571,2.991,7.352,0.09,1.32,0.0
ATOM,2976.0,HB2,ALA,189.0,19.101,3.337,7.971,0.09,1.32,0.0
ATOM,2977.0,HB3,ALA,189.0,19.434,3.689,6.413,0.09,1.32,0.0
ATOM,2978.0,N,TYR,190.0,19.051,5.565,9.706,-0.47,1.85,0.0
ATOM,2979.0,CA,TYR,190.0,18.939,5.932,11.116,0.07,2.275,0.0
ATOM,2980.0,C,TYR,190.0,17.819,5.148,11.759,0.51,2.0,0.0
ATOM,2981.0,O,TYR,190.0,16.679,5.126,11.246,-0.51,1.7,0.0
ATOM,2982.0,CB,TYR,190.0,18.721,7.456,11.25,-0.18,2.175,0.0
ATOM,2983.0,CG,TYR,190.0,18.67,7.969,12.666,0.0,1.9924,0.0
ATOM,2984.0,CD1,TYR,190.0,19.625,7.601,13.591,-0.115,1.9924,0.0
ATOM,2985.0,CD2,TYR,190.0,17.642,8.824,13.078,-0.115,1.9924,0.0
ATOM,2986.0,CE1,TYR,190.0,19.569,8.061,14.901,-0.115,1.9924,0.0
ATOM,2987.0,CE2,TYR,190.0,17.564,9.276,14.38,-0.115,1.9924,0.0
ATOM,2988.0,CZ,TYR,190.0,18.547,8.887,15.286,0.11,1.9924,0.0
ATOM,2989.0,OH,TYR,190.0,18.487,9.353,16.57,-0.54,1.77,0.22
ATOM,2990.0,H,TYR,190.0,18.283,5.627,9.03,0.31,0.2245,0.0
ATOM,2991.0,HA,TYR,190.0,19.8,5.691,11.571,0.09,1.32,0.0
ATOM,2992.0,HB2,TYR,190.0,19.472,7.914,10.772,0.09,1.32,0.0
ATOM,2993.0,HB3,TYR,190.0,17.856,7.68,10.8,0.09,1.32,0.0
ATOM,2994.0,HD1,TYR,190.0,20.375,6.991,13.321,0.115,1.3582,0.0
ATOM,2995.0,HD2,TYR,190.0,16.954,9.11,12.411,0.115,1.3582,0.0
ATOM,2996.0,HE1,TYR,190.0,20.279,7.786,15.556,0.115,1.3582,0.0
ATOM,2997.0,HE2,TYR,190.0,16.821,9.869,14.673,0.115,1.3582,0.0
ATOM,2998.0,HH,TYR,190.0,18.933,10.246,16.62,0.43,0.2245,0.0
ATOM,2999.0,N,LEU,191.0,18.137,4.491,12.879,-0.47,1.85,0.0
ATOM,3000.0,CA,LEU,191.0,17.149,3.678,13.557,0.07,2.275,0.0
ATOM,3001.0,C,LEU,191.0,16.538,4.487,14.712,0.51,2.0,0.0
ATOM,3002.0,O,LEU,191.0,17.284,4.914,15.592,-0.51,1.7,0.09
ATOM,3003.0,CB,LEU,191.0,17.83,2.396,14.059,-0.18,2.175,0.0
ATOM,3004.0,CG,LEU,191.0,18.161,1.374,12.951,-0.09,2.275,0.0
ATOM,3005.0,CD1,LEU,191.0,19.368,0.525,13.306,-0.27,2.06,0.0
ATOM,3006.0,CD2,LEU,191.0,16.929,0.48,12.747,-0.27,2.06,0.0
ATOM,3007.0,H,LEU,191.0,19.109,4.615,13.197,0.31,0.2245,0.0
ATOM,3008.0,HA,LEU,191.0,16.415,3.45,12.918,0.09,1.32,0.0
ATOM,3009.0,HB2,LEU,191.0,18.682,2.65,14.487,0.09,1.32,0.0
ATOM,3010.0,HB3,LEU,191.0,17.22,1.953,14.694,0.09,1.32,0.0
ATOM,3011.0,HG,LEU,191.0,18.34,1.876,12.1,0.09,1.32,0.0
ATOM,3012.0,HD11,LEU,191.0,19.188,0.021,14.152,0.09,1.32,0.0
ATOM,3013.0,HD12,LEU,191.0,19.552,-0.124,12.566,0.09,1.32,0.0
ATOM,3014.0,HD13,LEU,191.0,20.167,1.114,13.436,0.09,1.32,0.0
ATOM,3015.0,HD21,LEU,191.0,16.154,1.048,12.476,0.09,1.32,0.0
ATOM,3016.0,HD22,LEU,191.0,17.124,-0.189,12.032,0.09,1.32,0.0
ATOM,3017.0,HD23,LEU,191.0,16.72,0.009,13.602,0.09,1.32,0.0
ATOM,3018.0,N,LEU,192.0,15.213,4.74,14.692,-0.47,1.85,0.0
ATOM,3019.0,CA,LEU,192.0,14.595,5.652,15.681,0.07,2.275,0.19
ATOM,3020.0,C,LEU,192.0,13.137,5.271,15.815,0.51,2.0,0.0
ATOM,3021.0,O,LEU,192.0,12.593,4.529,14.983,-0.51,1.7,0.0
ATOM,3022.0,CB,LEU,192.0,14.766,7.128,15.273,-0.18,2.175,1.22
ATOM,3023.0,CG,LEU,192.0,13.764,7.609,14.21,-0.09,2.275,0.0
ATOM,3024.0,CD1,LEU,192.0,13.852,9.117,14.136,-0.27,2.06,0.0
ATOM,3025.0,CD2,LEU,192.0,14.016,6.927,12.811,-0.27,2.06,0.0
ATOM,3026.0,H,LEU,192.0,14.687,4.259,13.953,0.31,0.2245,0.0
ATOM,3027.0,HA,LEU,192.0,15.05,5.515,16.553,0.09,1.32,1.92
ATOM,3028.0,HB2,LEU,192.0,14.633,7.682,16.078,0.09,1.32,4.36
ATOM,3029.0,HB3,LEU,192.0,15.671,7.236,14.899,0.09,1.32,0.0
ATOM,3030.0,HG,LEU,192.0,12.854,7.337,14.484,0.09,1.32,0.0
ATOM,3031.0,HD11,LEU,192.0,14.782,9.39,13.881,0.09,1.32,0.0
ATOM,3032.0,HD12,LEU,192.0,13.208,9.461,13.449,0.09,1.32,0.0
ATOM,3033.0,HD13,LEU,192.0,13.625,9.514,15.027,0.09,1.32,0.0
ATOM,3034.0,HD21,LEU,192.0,13.919,5.947,12.925,0.09,1.32,0.0
ATOM,3035.0,HD22,LEU,192.0,13.342,7.277,12.173,0.09,1.32,0.0
ATOM,3036.0,HD23,LEU,192.0,14.934,7.159,12.517,0.09,1.32,0.0
ATOM,3037.0,N,GLU,193.0,12.457,5.763,16.835,-0.47,1.85,0.0
ATOM,3038.0,CA,GLU,193.0,11.084,5.352,17.034,0.07,2.275,0.0
ATOM,3039.0,C,GLU,193.0,10.162,5.864,15.903,0.51,2.0,0.0
ATOM,3040.0,O,GLU,193.0,10.377,6.952,15.343,-0.51,1.7,0.0
ATOM,3041.0,CB,GLU,193.0,10.617,5.824,18.409,-0.18,2.175,0.0
ATOM,3042.0,CG,GLU,193.0,11.353,4.997,19.458,-0.28,2.175,1.2
ATOM,3043.0,CD,GLU,193.0,11.209,5.49,20.892,0.62,2.0,2.7
ATOM,3044.0,OE1,GLU,193.0,11.366,4.643,21.79,-0.76,1.7,0.29
ATOM,3045.0,OE2,GLU,193.0,10.955,6.673,21.117,-0.76,1.7,14.82
ATOM,3046.0,H,GLU,193.0,12.961,6.423,17.436,0.31,0.2245,5.26
ATOM,3047.0,HA,GLU,193.0,11.022,4.345,17.069,0.09,1.32,0.0
ATOM,3048.0,HB2,GLU,193.0,10.883,6.739,18.517,0.09,1.32,1.35
ATOM,3049.0,HB3,GLU,193.0,9.681,5.634,18.489,0.09,1.32,0.0
ATOM,3050.0,HG2,GLU,193.0,10.996,4.072,19.426,0.09,1.32,0.0
ATOM,3051.0,HG3,GLU,193.0,12.32,5.008,19.238,0.09,1.32,0.15
ATOM,3052.0,N,SER,194.0,9.203,5.027,15.526,-0.47,1.85,0.0
ATOM,3053.0,CA,SER,194.0,8.369,5.248,14.331,0.07,2.275,0.0
ATOM,3054.0,C,SER,194.0,7.656,6.602,14.343,0.51,2.0,0.0
ATOM,3055.0,O,SER,194.0,7.511,7.241,13.287,-0.51,1.7,0.0
ATOM,3056.0,CB,SER,194.0,7.32,4.139,14.215,0.05,2.175,0.08
ATOM,3057.0,OG,SER,194.0,6.544,4.056,15.415,-0.66,1.77,2.1
ATOM,3058.0,H,SER,194.0,9.084,4.194,16.146,0.31,0.2245,0.0
ATOM,3059.0,HA,SER,194.0,8.978,5.225,13.523,0.09,1.32,0.0
ATOM,3060.0,HB2,SER,194.0,6.714,4.344,13.458,0.09,1.32,0.03
ATOM,3061.0,HB3,SER,194.0,7.78,3.272,14.074,0.09,1.32,0.0
ATOM,3062.0,HG,SER,194.0,6.535,4.948,15.86,0.43,0.2245,0.0
ATOM,3063.0,N,THR,195.0,7.194,7.031,15.522,-0.47,1.85,0.0
ATOM,3064.0,CA,THR,195.0,6.482,8.304,15.568,0.07,2.275,0.0
ATOM,3065.0,C,THR,195.0,7.403,9.467,15.215,0.51,2.0,0.0
ATOM,3066.0,O,THR,195.0,6.958,10.429,14.573,-0.51,1.7,0.0
ATOM,3067.0,CB,THR,195.0,5.812,8.538,16.932,0.14,2.275,0.0
ATOM,3068.0,OG1,THR,195.0,6.67,8.131,17.982,-0.66,1.77,0.0
ATOM,3069.0,CG2,THR,195.0,4.646,7.584,17.067,-0.27,2.06,0.74
ATOM,3070.0,H,THR,195.0,7.373,6.431,16.321,0.31,0.2245,0.0
ATOM,3071.0,HA,THR,195.0,5.734,8.277,14.892,0.09,1.32,0.0
ATOM,3072.0,HB,THR,195.0,5.624,9.541,17.035,0.09,1.32,0.0
ATOM,3073.0,HG21,THR,195.0,3.785,8.098,17.126,0.09,1.32,0.0
ATOM,3074.0,HG22,THR,195.0,4.606,6.974,16.27,0.09,1.32,1.2
ATOM,3075.0,HG23,THR,195.0,4.75,7.028,17.897,0.09,1.32,0.0
ATOM,3076.0,HG1,THR,195.0,7.461,7.62,17.621,0.43,0.2245,0.0
ATOM,3077.0,N,MET,196.0,8.67,9.374,15.601,-0.47,1.85,0.0
ATOM,3078.0,CA,MET,196.0,9.594,10.445,15.255,0.07,2.275,0.0
ATOM,3079.0,C,MET,196.0,9.911,10.377,13.754,0.51,2.0,0.0
ATOM,3080.0,O,MET,196.0,10.051,11.408,13.073,-0.51,1.7,0.0
ATOM,3081.0,CB,MET,196.0,10.865,10.337,16.094,-0.18,2.175,2.31
ATOM,3082.0,CG,MET,196.0,11.828,11.449,15.857,-0.14,2.175,0.03
ATOM,3083.0,SD,MET,196.0,11.125,13.141,16.106,-0.09,2.0,1.06
ATOM,3084.0,CE,MET,196.0,11.041,13.079,17.919,-0.22,2.06,2.47
ATOM,3085.0,H,MET,196.0,8.92,8.537,16.128,0.31,0.2245,0.0
ATOM,3086.0,HA,MET,196.0,9.147,11.321,15.432,0.09,1.32,0.0
ATOM,3087.0,HB2,MET,196.0,10.605,10.326,17.07,0.09,1.32,1.02
ATOM,3088.0,HB3,MET,196.0,11.315,9.458,15.882,0.09,1.32,0.0
ATOM,3089.0,HG2,MET,196.0,12.651,11.332,16.471,0.09,1.32,1.3
ATOM,3090.0,HG3,MET,196.0,12.21,11.38,14.899,0.09,1.32,0.0
ATOM,3091.0,HE1,MET,196.0,10.19,13.504,18.218,0.09,1.32,0.0
ATOM,3092.0,HE2,MET,196.0,11.068,12.126,18.212,0.09,1.32,3.69
ATOM,3093.0,HE3,MET,196.0,11.82,13.574,18.296,0.09,1.32,0.0
ATOM,3094.0,N,ASN,197.0,10.04,9.162,13.246,-0.47,1.85,0.0
ATOM,3095.0,CA,ASN,197.0,10.296,8.916,11.815,0.07,2.275,0.0
ATOM,3096.0,C,ASN,197.0,9.136,9.544,11.044,0.51,2.0,0.0
ATOM,3097.0,O,ASN,197.0,9.349,10.296,10.078,-0.51,1.7,0.0
ATOM,3098.0,CB,ASN,197.0,10.397,7.407,11.552,-0.18,2.175,0.0
ATOM,3099.0,CG,ASN,197.0,11.212,7.064,10.297,0.55,2.0,0.0
ATOM,3100.0,OD1,ASN,197.0,11.601,5.941,10.089,-0.55,1.7,0.0
ATOM,3101.0,ND2,ASN,197.0,11.466,8.059,9.47,-0.62,1.85,0.0
ATOM,3102.0,H,ASN,197.0,9.946,8.386,13.939,0.31,0.2245,0.0
ATOM,3103.0,HA,ASN,197.0,11.114,9.419,11.576,0.09,1.32,0.0
ATOM,3104.0,HB2,ASN,197.0,10.837,6.977,12.336,0.09,1.32,0.0
ATOM,3105.0,HB3,ASN,197.0,9.477,7.044,11.434,0.09,1.32,0.0
ATOM,3106.0,HD22,ASN,197.0,11.136,8.984,9.679,0.3,0.2245,0.0
ATOM,3107.0,HD21,ASN,197.0,11.988,7.901,8.631,0.32,0.2245,0.0
ATOM,3108.0,N,GLU,198.0,7.914,9.3,11.517,-0.47,1.85,0.0
ATOM,3109.0,CA,GLU,198.0,6.736,9.813,10.818,0.07,2.275,0.63
ATOM,3110.0,C,GLU,198.0,6.699,11.33,10.809,0.51,2.0,0.0
ATOM,3111.0,O,GLU,198.0,6.296,11.932,9.8,-0.51,1.7,0.41
ATOM,3112.0,CB,GLU,198.0,5.483,9.3,11.476,-0.18,2.175,0.57
ATOM,3113.0,CG,GLU,198.0,5.162,7.86,11.167,-0.28,2.175,0.59
ATOM,3114.0,CD,GLU,198.0,4.23,7.249,12.223,0.62,2.0,0.0
ATOM,3115.0,OE1,GLU,198.0,3.962,7.874,13.295,-0.76,1.7,0.0
ATOM,3116.0,OE2,GLU,198.0,3.82,6.105,11.983,-0.76,1.7,25.99
ATOM,3117.0,H,GLU,198.0,7.875,8.743,12.38,0.31,0.2245,0.0
ATOM,3118.0,HA,GLU,198.0,6.734,9.468,9.867,0.09,1.32,0.7
ATOM,3119.0,HB2,GLU,198.0,5.598,9.376,12.456,0.09,1.32,0.0
ATOM,3120.0,HB3,GLU,198.0,4.723,9.849,11.161,0.09,1.32,0.0
ATOM,3121.0,HG2,GLU,198.0,4.692,7.815,10.311,0.09,1.32,8.55
ATOM,3122.0,HG3,GLU,198.0,5.989,7.338,11.18,0.09,1.32,0.0
ATOM,3123.0,N,TYR,199.0,7.072,11.938,11.929,-0.47,1.85,0.0
ATOM,3124.0,CA,TYR,199.0,7.088,13.386,12.07,0.07,2.275,0.0
ATOM,3125.0,C,TYR,199.0,8.094,14.0,11.084,0.51,2.0,0.0
ATOM,3126.0,O,TYR,199.0,7.746,14.878,10.318,-0.51,1.7,0.0
ATOM,3127.0,CB,TYR,199.0,7.458,13.748,13.515,-0.18,2.175,0.0
ATOM,3128.0,CG,TYR,199.0,7.792,15.189,13.657,0.0,1.9924,0.0
ATOM,3129.0,CD1,TYR,199.0,6.782,16.157,13.576,-0.115,1.9924,0.23
ATOM,3130.0,CD2,TYR,199.0,9.113,15.594,13.86,-0.115,1.9924,0.0
ATOM,3131.0,CE1,TYR,199.0,7.084,17.514,13.713,-0.115,1.9924,0.88
ATOM,3132.0,CE2,TYR,199.0,9.421,16.951,13.994,-0.115,1.9924,0.0
ATOM,3133.0,CZ,TYR,199.0,8.397,17.891,13.909,0.11,1.9924,0.0
ATOM,3134.0,OH,TYR,199.0,8.723,19.23,14.044,-0.54,1.77,7.37
ATOM,3135.0,H,TYR,199.0,7.353,11.287,12.699,0.31,0.2245,0.0
ATOM,3136.0,HA,TYR,199.0,6.179,13.741,11.841,0.09,1.32,0.0
ATOM,3137.0,HB2,TYR,199.0,6.68,13.536,14.09,0.09,1.32,0.0
ATOM,3138.0,HB3,TYR,199.0,8.247,13.205,13.771,0.09,1.32,0.0
ATOM,3139.0,HD1,TYR,199.0,5.84,15.877,13.419,0.115,1.3582,0.0
ATOM,3140.0,HD2,TYR,199.0,9.836,14.919,13.911,0.115,1.3582,0.0
ATOM,3141.0,HE1,TYR,199.0,6.357,18.195,13.67,0.115,1.3582,3.85
ATOM,3142.0,HE2,TYR,199.0,10.359,17.24,14.147,0.115,1.3582,4.42
ATOM,3143.0,HH,TYR,199.0,8.835,19.629,13.137,0.43,0.2245,0.0
ATOM,3144.0,N,ILE,200.0,9.328,13.484,11.07,-0.47,1.85,0.0
ATOM,3145.0,CA,ILE,200.0,10.372,13.97,10.143,0.07,2.275,0.0
ATOM,3146.0,C,ILE,200.0,10.006,13.849,8.643,0.51,2.0,0.0
ATOM,3147.0,O,ILE,200.0,10.383,14.691,7.818,-0.51,1.7,0.0
ATOM,3148.0,CB,ILE,200.0,11.687,13.241,10.455,-0.09,2.275,0.0
ATOM,3149.0,CG1,ILE,200.0,12.1,13.588,11.892,-0.18,2.175,0.0
ATOM,3150.0,CG2,ILE,200.0,12.802,13.634,9.51,-0.27,2.06,0.0
ATOM,3151.0,CD1,ILE,200.0,12.428,15.148,12.1,-0.27,2.06,12.8
ATOM,3152.0,H,ILE,200.0,9.491,12.723,11.755,0.31,0.2245,0.0
ATOM,3153.0,HA,ILE,200.0,10.473,14.961,10.33,0.09,1.32,0.0
ATOM,3154.0,HB,ILE,200.0,11.52,12.271,10.412,0.09,1.32,0.0
ATOM,3155.0,HG12,ILE,200.0,11.369,13.366,12.516,0.09,1.32,0.0
ATOM,3156.0,HG13,ILE,200.0,12.922,13.095,12.131,0.09,1.32,0.0
ATOM,3157.0,HG21,ILE,200.0,13.637,13.137,9.747,0.09,1.32,0.0
ATOM,3158.0,HG22,ILE,200.0,12.542,13.412,8.57,0.09,1.32,0.0
ATOM,3159.0,HG23,ILE,200.0,12.974,14.617,9.58,0.09,1.32,0.0
ATOM,3160.0,HD11,ILE,200.0,11.608,15.643,11.874,0.09,1.32,0.0
ATOM,3161.0,HD12,ILE,200.0,12.679,15.262,13.045,0.09,1.32,4.01
ATOM,3162.0,HD13,ILE,200.0,13.171,15.366,11.492,0.09,1.32,0.01
ATOM,3163.0,N,GLU,201.0,9.29,12.789,8.326,-0.47,1.85,0.0
ATOM,3164.0,CA,GLU,201.0,8.795,12.541,6.989,0.07,2.275,0.0
ATOM,3165.0,C,GLU,201.0,7.885,13.673,6.482,0.51,2.0,0.0
ATOM,3166.0,O,GLU,201.0,7.747,13.861,5.253,-0.51,1.7,2.9
ATOM,3167.0,CB,GLU,201.0,8.082,11.199,6.95,-0.18,2.175,0.32
ATOM,3168.0,CG,GLU,201.0,7.993,10.648,5.544,-0.28,2.175,1.78
ATOM,3169.0,CD,GLU,201.0,7.497,9.219,5.439,0.62,2.0,2.26
ATOM,3170.0,OE1,GLU,201.0,7.949,8.352,6.191,-0.76,1.7,3.03
ATOM,3171.0,OE2,GLU,201.0,6.657,8.976,4.547,-0.76,1.7,37.97
ATOM,3172.0,H,GLU,201.0,9.108,12.136,9.131,0.31,0.2245,0.0
ATOM,3173.0,HA,GLU,201.0,9.571,12.434,6.346,0.09,1.32,0.0
ATOM,3174.0,HB2,GLU,201.0,8.599,10.567,7.487,0.09,1.32,0.0
ATOM,3175.0,HB3,GLU,201.0,7.172,11.331,7.278,0.09,1.32,0.27
ATOM,3176.0,HG2,GLU,201.0,7.365,11.218,5.025,0.09,1.32,2.71
ATOM,3177.0,HG3,GLU,201.0,8.9,10.676,5.139,0.09,1.32,0.0
ATOM,3178.0,N,GLN,202.0,7.232,14.381,7.416,-0.47,1.85,0.0
ATOM,3179.0,CA,GLN,202.0,6.39,15.547,7.034,0.07,2.275,0.0
ATOM,3180.0,C,GLN,202.0,7.123,16.91,7.196,0.51,2.0,0.0
ATOM,3181.0,O,GLN,202.0,6.504,18.001,7.21,-0.51,1.7,0.0
ATOM,3182.0,CB,GLN,202.0,5.053,15.506,7.774,-0.18,2.175,0.0
ATOM,3183.0,CG,GLN,202.0,4.265,14.175,7.675,-0.18,2.175,0.0
ATOM,3184.0,CD,GLN,202.0,4.048,13.632,6.252,0.55,2.0,0.55
ATOM,3185.0,H,GLN,202.0,7.356,14.064,8.382,0.31,0.2245,0.0
ATOM,3186.0,HA,GLN,202.0,6.154,15.446,6.058,0.09,1.32,0.0
ATOM,3187.0,HB2,GLN,202.0,5.213,15.685,8.752,0.09,1.32,0.24
ATOM,3188.0,HB3,GLN,202.0,4.455,16.233,7.413,0.09,1.32,0.0
ATOM,3189.0,HG2,GLN,202.0,4.762,13.478,8.206,0.09,1.32,0.0
ATOM,3190.0,HG3,GLN,202.0,3.363,14.314,8.102,0.09,1.32,0.0
ATOM,3191.0,OE1,GLN,202.0,4.202,12.433,6.026,-0.55,1.7,18.6
ATOM,3192.0,NE2,GLN,202.0,3.68,14.499,5.304,-0.62,1.85,7.86
ATOM,3193.0,HE21,GLN,202.0,3.539,14.206,4.361,0.32,0.2245,12.26
ATOM,3194.0,HE22,GLN,202.0,3.546,15.477,5.575,0.3,0.2245,0.41
ATOM,3195.0,N,ARG,203.0,8.447,16.861,7.326,-0.47,1.85,0.0
ATOM,3196.0,CA,ARG,203.0,9.231,18.095,7.419,0.07,2.275,0.0
ATOM,3197.0,C,ARG,203.0,10.069,18.345,6.189,0.51,2.0,0.0
ATOM,3198.0,O,ARG,203.0,10.665,17.441,5.623,-0.51,1.7,0.0
ATOM,3199.0,CB,ARG,203.0,10.11,18.087,8.669,-0.18,2.175,1.23
ATOM,3200.0,CG,ARG,203.0,9.278,17.768,9.93,-0.18,2.175,0.0
ATOM,3201.0,CD,ARG,203.0,8.479,18.96,10.429,0.2,2.175,1.76
ATOM,3202.0,NE,ARG,203.0,9.414,20.036,10.768,-0.7,1.85,0.2
ATOM,3203.0,CZ,ARG,203.0,9.072,21.272,11.094,0.64,2.0,0.0
ATOM,3204.0,NH1,ARG,203.0,7.783,21.642,11.117,-0.8,1.85,7.2
ATOM,3205.0,NH2,ARG,203.0,10.037,22.149,11.373,-0.8,1.85,19.75
ATOM,3206.0,H,ARG,203.0,8.856,15.917,7.354,0.31,0.2245,0.0
ATOM,3207.0,HA,ARG,203.0,8.589,18.871,7.544,0.09,1.32,0.0
ATOM,3208.0,HB2,ARG,203.0,10.79,17.386,8.575,0.09,1.32,0.0
ATOM,3209.0,HB3,ARG,203.0,10.501,18.978,8.788,0.09,1.32,0.9
ATOM,3210.0,HG2,ARG,203.0,8.642,17.027,9.717,0.09,1.32,0.0
ATOM,3211.0,HG3,ARG,203.0,9.898,17.476,10.658,0.09,1.32,0.0
ATOM,3212.0,HD2,ARG,203.0,7.884,19.259,9.708,0.09,1.32,0.0
ATOM,3213.0,HD3,ARG,203.0,7.987,18.688,11.234,0.09,1.32,0.0
ATOM,3214.0,HE,ARG,203.0,10.403,19.811,10.75,0.44,0.2245,6.25
ATOM,3215.0,HH11,ARG,203.0,7.069,20.982,10.908,0.46,0.2245,1.43
ATOM,3216.0,HH12,ARG,203.0,7.546,22.586,11.348,0.46,0.2245,15.6
ATOM,3217.0,HH21,ARG,203.0,10.995,21.871,11.355,0.46,0.2245,18.02
ATOM,3218.0,HH22,ARG,203.0,9.796,23.095,11.604,0.46,0.2245,17.72
ATOM,3219.0,N,LYS,204.0,10.132,19.611,5.806,-0.47,1.85,0.0
ATOM,3220.0,CA,LYS,204.0,11.018,20.039,4.743,0.07,2.275,0.0
ATOM,3221.0,C,LYS,204.0,12.452,19.686,5.116,0.51,2.0,0.07
ATOM,3222.0,O,LYS,204.0,12.827,19.816,6.277,-0.51,1.7,11.94
ATOM,3223.0,CB,LYS,204.0,10.877,21.558,4.551,-0.18,2.175,7.15
ATOM,3224.0,CG,LYS,204.0,9.631,21.922,3.754,-0.18,2.175,1.15
ATOM,3225.0,CD,LYS,204.0,9.64,23.394,3.363,-0.18,2.175,12.65
ATOM,3226.0,CE,LYS,204.0,9.008,24.264,4.445,0.21,2.175,6.38
ATOM,3227.0,NZ,LYS,204.0,9.057,25.707,4.023,-0.3,1.85,15.1
ATOM,3228.0,H,LYS,204.0,9.502,20.256,6.326,0.31,0.2245,0.0
ATOM,3229.0,HA,LYS,204.0,10.779,19.557,3.898,0.09,1.32,0.0
ATOM,3230.0,HB2,LYS,204.0,10.813,21.978,5.444,0.09,1.32,2.25
ATOM,3231.0,HB3,LYS,204.0,11.672,21.882,4.059,0.09,1.32,4.09
ATOM,3232.0,HG2,LYS,204.0,9.602,21.368,2.924,0.09,1.32,3.1
ATOM,3233.0,HG3,LYS,204.0,8.823,21.74,4.31,0.09,1.32,0.0
ATOM,3234.0,HD2,LYS,204.0,10.581,23.687,3.232,0.09,1.32,8.06
ATOM,3235.0,HD3,LYS,204.0,9.121,23.508,2.523,0.09,1.32,9.99
ATOM,3236.0,HE2,LYS,204.0,8.061,23.995,4.569,0.05,1.32,2.91
ATOM,3237.0,HE3,LYS,204.0,9.517,24.157,5.29,0.05,1.32,3.56
ATOM,3238.0,HZ1,LYS,204.0,9.086,25.752,3.027,0.33,0.2245,14.58
ATOM,3239.0,HZ2,LYS,204.0,8.242,26.171,4.362,0.33,0.2245,20.44
ATOM,3240.0,HZ3,LYS,204.0,9.875,26.129,4.407,0.33,0.2245,20.14
ATOM,3241.0,N,PRO,205.0,13.273,19.302,4.141,-0.29,1.85,0.0
ATOM,3242.0,CA,PRO,205.0,12.9,19.241,2.728,0.02,2.275,1.66
ATOM,3243.0,C,PRO,205.0,12.285,17.954,2.193,0.51,2.0,0.0
ATOM,3244.0,O,PRO,205.0,12.475,17.705,1.01,-0.51,1.7,14.54
ATOM,3245.0,CB,PRO,205.0,14.23,19.543,2.015,-0.18,2.175,18.71
ATOM,3246.0,CG,PRO,205.0,15.25,19.099,2.961,-0.18,2.175,10.53
ATOM,3247.0,CD,PRO,205.0,14.716,19.052,4.341,0.0,2.175,4.48
ATOM,3248.0,HA,PRO,205.0,12.284,20.049,2.494,0.09,1.32,2.28
ATOM,3249.0,HB2,PRO,205.0,14.276,19.038,1.148,0.09,1.32,4.72
ATOM,3250.0,HB3,PRO,205.0,14.299,20.525,1.82,0.09,1.32,11.32
ATOM,3251.0,HG2,PRO,205.0,15.618,18.17,2.685,0.09,1.32,0.0
ATOM,3252.0,HG3,PRO,205.0,16.078,19.72,2.916,0.09,1.32,13.22
ATOM,3253.0,HD2,PRO,205.0,14.853,18.159,4.77,0.09,1.32,0.0
ATOM,3254.0,HD3,PRO,205.0,15.111,19.764,4.924,0.09,1.32,8.96
ATOM,3255.0,N,CYS,206.0,11.525,17.206,3.01,-0.47,1.85,0.0
ATOM,3256.0,CA,CYS,206.0,10.787,16.031,2.546,0.07,2.275,0.2
ATOM,3257.0,C,CYS,206.0,11.706,15.047,1.813,0.51,2.0,0.0
ATOM,3258.0,O,CYS,206.0,11.362,14.526,0.741,-0.51,1.7,5.84
ATOM,3259.0,CB,CYS,206.0,9.617,16.45,1.64,-0.1,2.175,10.21
ATOM,3260.0,SG,CYS,206.0,8.795,17.921,2.297,-0.08,1.975,9.88
ATOM,3261.0,H,CYS,206.0,11.509,17.537,3.998,0.31,0.2245,0.0
ATOM,3262.0,HA,CYS,206.0,10.406,15.559,3.35,0.09,1.32,0.0
ATOM,3263.0,HB2,CYS,206.0,9.976,16.664,0.753,0.09,1.32,5.91
ATOM,3264.0,HB3,CYS,206.0,8.967,15.715,1.617,0.09,1.32,0.3
ATOM,3265.0,N,ASP,207.0,12.883,14.801,2.378,-0.47,1.85,0.0
ATOM,3266.0,CA,ASP,207.0,13.837,13.903,1.689,0.07,2.275,0.21
ATOM,3267.0,C,ASP,207.0,14.128,12.618,2.467,0.51,2.0,0.0
ATOM,3268.0,O,ASP,207.0,15.042,11.859,2.122,-0.51,1.7,0.0
ATOM,3269.0,CB,ASP,207.0,15.137,14.618,1.343,-0.28,2.175,12.39
ATOM,3270.0,CG,ASP,207.0,15.793,15.259,2.556,0.62,2.0,0.0
ATOM,3271.0,OD1,ASP,207.0,15.187,15.254,3.658,-0.76,1.7,0.0
ATOM,3272.0,OD2,ASP,207.0,16.921,15.802,2.51,-0.76,1.7,9.98
ATOM,3273.0,H,ASP,207.0,13.066,15.252,3.27,0.31,0.2245,0.0
ATOM,3274.0,HA,ASP,207.0,13.401,13.631,0.816,0.09,1.32,0.62
ATOM,3275.0,HB2,ASP,207.0,15.766,13.952,0.959,0.09,1.32,0.33
ATOM,3276.0,HB3,ASP,207.0,14.935,15.329,0.68,0.09,1.32,6.02
ATOM,3277.0,N,THR,208.0,13.363,12.38,3.532,-0.47,1.85,0.0
ATOM,3278.0,CA,THR,208.0,13.487,11.119,4.229,0.07,2.275,0.0
ATOM,3279.0,C,THR,208.0,12.207,10.355,4.126,0.51,2.0,0.0
ATOM,3280.0,O,THR,208.0,11.15,10.904,3.781,-0.51,1.7,0.11
ATOM,3281.0,CB,THR,208.0,13.785,11.345,5.731,0.14,2.275,0.0
ATOM,3282.0,OG1,THR,208.0,12.693,12.098,6.297,-0.66,1.77,0.0
ATOM,3283.0,CG2,THR,208.0,15.03,12.224,5.934,-0.27,2.06,0.0
ATOM,3284.0,H,THR,208.0,12.718,13.133,3.791,0.31,0.2245,0.0
ATOM,3285.0,HA,THR,208.0,14.222,10.585,3.794,0.09,1.32,0.0
ATOM,3286.0,HB,THR,208.0,13.823,10.446,6.195,0.09,1.32,0.0
ATOM,3287.0,HG21,THR,208.0,15.164,12.389,6.911,0.09,1.32,0.0
ATOM,3288.0,HG22,THR,208.0,15.831,11.757,5.56,0.09,1.32,0.0
ATOM,3289.0,HG23,THR,208.0,14.901,13.096,5.462,0.09,1.32,0.0
ATOM,3290.0,HG1,THR,208.0,11.864,11.533,6.328,0.43,0.2245,0.0
ATOM,3291.0,N,MET,209.0,12.267,9.104,4.532,-0.47,1.85,0.0
ATOM,3292.0,CA,MET,209.0,11.072,8.329,4.638,0.07,2.275,0.0
ATOM,3293.0,C,MET,209.0,11.307,7.186,5.574,0.51,2.0,0.0
ATOM,3294.0,O,MET,209.0,12.446,6.738,5.756,-0.51,1.7,0.0
ATOM,3295.0,CB,MET,209.0,10.629,7.798,3.264,-0.18,2.175,1.65
ATOM,3296.0,CG,MET,209.0,11.542,6.883,2.594,-0.14,2.175,0.0
ATOM,3297.0,SD,MET,209.0,10.689,6.419,1.009,-0.09,2.0,17.56
ATOM,3298.0,CE,MET,209.0,9.716,5.044,1.516,-0.22,2.06,32.19
ATOM,3299.0,H,MET,209.0,13.215,8.757,4.755,0.31,0.2245,0.0
ATOM,3300.0,HA,MET,209.0,10.346,8.909,5.024,0.09,1.32,0.0
ATOM,3301.0,HB2,MET,209.0,9.715,7.348,3.391,0.09,1.32,0.11
ATOM,3302.0,HB3,MET,209.0,10.451,8.613,2.665,0.09,1.32,0.0
ATOM,3303.0,HG2,MET,209.0,12.407,7.317,2.369,0.09,1.32,0.0
ATOM,3304.0,HG3,MET,209.0,11.696,6.055,3.122,0.09,1.32,0.0
ATOM,3305.0,HE1,MET,209.0,8.898,4.959,0.936,0.09,1.32,12.23
ATOM,3306.0,HE2,MET,209.0,10.247,4.192,1.445,0.09,1.32,1.85
ATOM,3307.0,HE3,MET,209.0,9.419,5.156,2.471,0.09,1.32,0.16
ATOM,3308.0,N,LYS,210.0,10.211,6.767,6.197,-0.47,1.85,0.0
ATOM,3309.0,CA,LYS,210.0,10.189,5.542,6.986,0.07,2.275,0.0
ATOM,3310.0,C,LYS,210.0,10.057,4.358,6.04,0.51,2.0,0.0
ATOM,3311.0,O,LYS,210.0,9.166,4.345,5.156,-0.51,1.7,11.76
ATOM,3312.0,CB,LYS,210.0,9.009,5.559,7.941,-0.18,2.175,0.0
ATOM,3313.0,CG,LYS,210.0,8.854,4.25,8.741,-0.18,2.175,0.0
ATOM,3314.0,CD,LYS,210.0,8.006,4.493,10.016,-0.18,2.175,0.0
ATOM,3315.0,CE,LYS,210.0,6.52,4.668,9.693,0.21,2.175,2.31
ATOM,3316.0,NZ,LYS,210.0,5.841,3.446,9.138,-0.3,1.85,11.64
ATOM,3317.0,H,LYS,210.0,9.38,7.383,6.074,0.31,0.2245,0.0
ATOM,3318.0,HA,LYS,210.0,11.049,5.461,7.487,0.09,1.32,0.0
ATOM,3319.0,HB2,LYS,210.0,9.133,6.298,8.594,0.09,1.32,0.0
ATOM,3320.0,HB3,LYS,210.0,8.174,5.694,7.419,0.09,1.32,2.01
ATOM,3321.0,HG2,LYS,210.0,8.391,3.579,8.178,0.09,1.32,0.09
ATOM,3322.0,HG3,LYS,210.0,9.749,3.929,9.015,0.09,1.32,0.0
ATOM,3323.0,HD2,LYS,210.0,8.113,3.708,10.615,0.09,1.32,0.0
ATOM,3324.0,HD3,LYS,210.0,8.336,5.318,10.458,0.09,1.32,0.0
ATOM,3325.0,HE2,LYS,210.0,6.036,4.951,10.539,0.05,1.32,0.0
ATOM,3326.0,HE3,LYS,210.0,6.421,5.425,9.024,0.05,1.32,3.01
ATOM,3327.0,HZ1,LYS,210.0,6.308,3.168,8.302,0.33,0.2245,7.21
ATOM,3328.0,HZ2,LYS,210.0,5.887,2.715,9.814,0.33,0.2245,6.84
ATOM,3329.0,HZ3,LYS,210.0,4.889,3.667,8.939,0.33,0.2245,18.65
ATOM,3330.0,N,VAL,211.0,10.918,3.352,6.202,-0.47,1.85,0.0
ATOM,3331.0,CA,VAL,211.0,10.82,2.123,5.389,0.07,2.275,0.3
ATOM,3332.0,C,VAL,211.0,10.721,0.848,6.18,0.51,2.0,0.0
ATOM,3333.0,O,VAL,211.0,11.365,0.708,7.236,-0.51,1.7,0.07
ATOM,3334.0,CB,VAL,211.0,12.052,1.904,4.459,-0.09,2.275,0.18
ATOM,3335.0,CG1,VAL,211.0,11.938,2.749,3.268,-0.27,2.06,6.6
ATOM,3336.0,CG2,VAL,211.0,13.384,2.124,5.204,-0.27,2.06,0.0
ATOM,3337.0,H,VAL,211.0,11.64,3.499,6.923,0.31,0.2245,0.0
ATOM,3338.0,HA,VAL,211.0,9.98,2.212,4.812,0.09,1.32,1.83
ATOM,3339.0,HB,VAL,211.0,12.025,0.947,4.179,0.09,1.32,0.04
ATOM,3340.0,HG11,VAL,211.0,12.56,2.433,2.538,0.09,1.32,1.44
ATOM,3341.0,HG12,VAL,211.0,10.997,2.734,2.901,0.09,1.32,1.91
ATOM,3342.0,HG13,VAL,211.0,12.172,3.708,3.48,0.09,1.32,0.0
ATOM,3343.0,HG21,VAL,211.0,13.875,2.872,4.767,0.09,1.32,0.0
ATOM,3344.0,HG22,VAL,211.0,13.186,2.351,6.154,0.09,1.32,0.0
ATOM,3345.0,HG23,VAL,211.0,13.92,1.285,5.155,0.09,1.32,0.0
ATOM,3346.0,N,GLY,212.0,9.962,-0.103,5.627,-0.47,1.85,1.05
ATOM,3347.0,CA,GLY,212.0,9.771,-1.42,6.228,-0.02,2.175,4.82
ATOM,3348.0,C,GLY,212.0,8.789,-1.388,7.375,0.51,2.0,2.0
ATOM,3349.0,O,GLY,212.0,8.23,-0.336,7.707,-0.51,1.7,8.9
ATOM,3350.0,H,GLY,212.0,9.516,0.181,4.723,0.31,0.2245,13.48
ATOM,3351.0,HA2,GLY,212.0,9.442,-2.064,5.518,0.09,1.32,9.54
ATOM,3352.0,HA3,GLY,212.0,10.665,-1.767,6.557,0.09,1.32,0.06
ATOM,3353.0,N,GLY,213.0,8.555,-2.54,7.983,-0.47,1.85,5.13
ATOM,3354.0,CA,GLY,213.0,7.716,-2.581,9.175,-0.02,2.175,19.03
ATOM,3355.0,C,GLY,213.0,8.498,-2.115,10.393,0.51,2.0,0.12
ATOM,3356.0,O,GLY,213.0,9.725,-1.973,10.328,-0.51,1.7,4.76
ATOM,3357.0,H,GLY,213.0,8.997,-3.367,7.561,0.31,0.2245,14.56
ATOM,3358.0,HA2,GLY,213.0,6.917,-1.985,9.044,0.09,1.32,7.8
ATOM,3359.0,HA3,GLY,213.0,7.393,-3.521,9.326,0.09,1.32,11.58
ATOM,3360.0,N,ASN,214.0,7.804,-1.921,11.515,-0.47,1.85,0.55
ATOM,3361.0,CA,ASN,214.0,8.501,-1.647,12.781,0.07,2.275,0.0
ATOM,3362.0,C,ASN,214.0,9.192,-2.912,13.317,0.51,2.0,0.0
ATOM,3363.0,O,ASN,214.0,8.685,-4.043,13.153,-0.51,1.7,24.86
ATOM,3364.0,CB,ASN,214.0,7.502,-1.139,13.823,-0.18,2.175,0.26
ATOM,3365.0,CG,ASN,214.0,6.926,0.247,13.473,0.55,2.0,0.56
ATOM,3366.0,H,ASN,214.0,6.784,-1.977,11.423,0.31,0.2245,10.26
ATOM,3367.0,HA,ASN,214.0,9.226,-0.982,12.581,0.09,1.32,0.0
ATOM,3368.0,HB2,ASN,214.0,6.745,-1.781,13.88,0.09,1.32,7.8
ATOM,3369.0,HB3,ASN,214.0,7.964,-1.067,14.701,0.09,1.32,0.0
ATOM,3370.0,OD1,ASN,214.0,7.46,0.938,12.589,-0.55,1.7,0.41
ATOM,3371.0,ND2,ASN,214.0,5.826,0.642,14.151,-0.62,1.85,14.8
ATOM,3372.0,HD22,ASN,214.0,5.449,0.024,14.843,0.3,0.2245,10.14
ATOM,3373.0,HD21,ASN,214.0,5.415,1.518,13.961,0.32,0.2245,8.87
ATOM,3374.0,N,LEU,215.0,10.323,-2.728,13.982,-0.47,1.85,0.0
ATOM,3375.0,CA,LEU,215.0,11.121,-3.857,14.524,0.07,2.275,0.09
ATOM,3376.0,C,LEU,215.0,10.565,-4.459,15.805,0.51,2.0,0.18
ATOM,3377.0,O,LEU,215.0,10.805,-5.671,16.12,-0.51,1.7,16.2
ATOM,3378.0,CB,LEU,215.0,12.561,-3.404,14.745,-0.18,2.175,0.0
ATOM,3379.0,CG,LEU,215.0,13.486,-3.248,13.549,-0.09,2.275,0.23
ATOM,3380.0,CD1,LEU,215.0,12.989,-2.263,12.477,-0.27,2.06,2.57
ATOM,3381.0,CD2,LEU,215.0,14.846,-2.837,14.066,-0.27,2.06,0.0
ATOM,3382.0,H,LEU,215.0,10.612,-1.736,14.098,0.31,0.2245,0.0
ATOM,3383.0,HA,LEU,215.0,11.152,-4.582,13.81,0.09,1.32,5.18
ATOM,3384.0,HB2,LEU,215.0,12.529,-2.509,15.216,0.09,1.32,0.0
ATOM,3385.0,HB3,LEU,215.0,12.995,-4.066,15.374,0.09,1.32,0.0
ATOM,3386.0,HG,LEU,215.0,13.622,-4.156,13.113,0.09,1.32,0.73
ATOM,3387.0,HD11,LEU,215.0,12.886,-1.359,12.887,0.09,1.32,0.0
ATOM,3388.0,HD12,LEU,215.0,13.655,-2.225,11.735,0.09,1.32,0.0
ATOM,3389.0,HD13,LEU,215.0,12.11,-2.578,12.127,0.09,1.32,0.4
ATOM,3390.0,HD21,LEU,215.0,15.2,-3.54,14.686,0.09,1.32,0.0
ATOM,3391.0,HD22,LEU,215.0,15.481,-2.725,13.299,0.09,1.32,0.0
ATOM,3392.0,HD23,LEU,215.0,14.773,-1.968,14.561,0.09,1.32,0.0
ATOM,3393.0,N,ASP,216.0,9.801,-3.634,16.522,-0.47,1.85,0.0
ATOM,3394.0,CA,ASP,216.0,9.156,-4.004,17.755,0.07,2.275,3.01
ATOM,3395.0,C,ASP,216.0,7.872,-3.203,17.979,0.51,2.0,0.93
ATOM,3396.0,O,ASP,216.0,7.47,-2.384,17.125,-0.51,1.7,2.68
ATOM,3397.0,CB,ASP,216.0,10.142,-3.922,18.937,-0.28,2.175,6.31
ATOM,3398.0,CG,ASP,216.0,10.547,-2.506,19.301,0.62,2.0,0.0
ATOM,3399.0,OD1,ASP,216.0,10.138,-1.508,18.617,-0.76,1.7,0.0
ATOM,3400.0,OD2,ASP,216.0,11.309,-2.315,20.277,-0.76,1.7,2.17
ATOM,3401.0,H,ASP,216.0,9.713,-2.671,16.094,0.31,0.2245,0.0
ATOM,3402.0,HA,ASP,216.0,8.881,-4.973,17.681,0.09,1.32,8.78
ATOM,3403.0,HB2,ASP,216.0,9.703,-4.345,19.726,0.09,1.32,6.13
ATOM,3404.0,HB3,ASP,216.0,10.958,-4.437,18.686,0.09,1.32,0.0
ATOM,3405.0,N,SER,217.0,7.234,-3.417,19.114,-0.47,1.85,0.73
ATOM,3406.0,CA,SER,217.0,5.997,-2.717,19.426,0.07,2.275,0.32
ATOM,3407.0,C,SER,217.0,6.01,-2.32,20.869,0.51,2.0,0.03
ATOM,3408.0,O,SER,217.0,6.092,-3.196,21.715,-0.51,1.7,21.51
ATOM,3409.0,CB,SER,217.0,4.806,-3.647,19.286,0.05,2.175,25.73
ATOM,3410.0,OG,SER,217.0,3.631,-2.887,19.363,-0.66,1.77,30.64
ATOM,3411.0,H,SER,217.0,7.677,-4.108,19.748,0.31,0.2245,5.46
ATOM,3412.0,HA,SER,217.0,5.964,-1.886,18.866,0.09,1.32,0.13
ATOM,3413.0,HB2,SER,217.0,4.851,-4.097,18.406,0.09,1.32,9.03
ATOM,3414.0,HB3,SER,217.0,4.823,-4.304,20.026,0.09,1.32,6.89
ATOM,3415.0,HG,SER,217.0,3.858,-1.923,19.513,0.43,0.2245,3.64
ATOM,3416.0,N,LYS,218.0,5.855,-1.025,21.161,-0.47,1.85,0.0
ATOM,3417.0,CA,LYS,218.0,5.852,-0.568,22.551,0.07,2.275,5.22
ATOM,3418.0,C,LYS,218.0,5.091,0.756,22.655,0.51,2.0,1.85
ATOM,3419.0,O,LYS,218.0,4.403,1.166,21.727,-0.51,1.7,2.52
ATOM,3420.0,CB,LYS,218.0,7.282,-0.394,23.059,-0.18,2.175,6.14
ATOM,3421.0,CG,LYS,218.0,8.121,0.453,22.215,-0.18,2.175,0.0
ATOM,3422.0,CD,LYS,218.0,9.546,-0.135,22.321,-0.18,2.175,6.44
ATOM,3423.0,CE,LYS,218.0,10.477,0.556,21.41,0.21,2.175,0.0
ATOM,3424.0,NZ,LYS,218.0,11.853,-0.025,21.573,-0.3,1.85,0.47
ATOM,3425.0,H,LYS,218.0,5.742,-0.402,20.349,0.31,0.2245,0.0
ATOM,3426.0,HA,LYS,218.0,5.387,-1.25,23.117,0.09,1.32,8.88
ATOM,3427.0,HB2,LYS,218.0,7.223,-0.002,23.983,0.09,1.32,0.0
ATOM,3428.0,HB3,LYS,218.0,7.686,-1.313,23.129,0.09,1.32,4.0
ATOM,3429.0,HG2,LYS,218.0,7.849,0.403,21.273,0.09,1.32,0.0
ATOM,3430.0,HG3,LYS,218.0,8.154,1.374,22.55,0.09,1.32,0.0
ATOM,3431.0,HD2,LYS,218.0,9.845,-0.027,23.265,0.09,1.32,1.1
ATOM,3432.0,HD3,LYS,218.0,9.49,-1.102,22.088,0.09,1.32,1.55
ATOM,3433.0,HE2,LYS,218.0,10.196,0.431,20.462,0.05,1.32,0.0
ATOM,3434.0,HE3,LYS,218.0,10.521,1.528,21.626,0.05,1.32,0.0
ATOM,3435.0,HZ1,LYS,218.0,11.831,-0.988,21.317,0.33,0.2245,0.16
ATOM,3436.0,HZ2,LYS,218.0,12.486,0.47,20.982,0.33,0.2245,0.0
ATOM,3437.0,HZ3,LYS,218.0,12.133,0.067,22.526,0.33,0.2245,3.01
ATOM,3438.0,N,GLY,219.0,5.229,1.444,23.774,-0.47,1.85,3.24
ATOM,3439.0,CA,GLY,219.0,4.43,2.653,23.987,-0.02,2.175,0.48
ATOM,3440.0,C,GLY,219.0,5.164,3.641,24.872,0.51,2.0,0.0
ATOM,3441.0,O,GLY,219.0,6.117,3.256,25.589,-0.51,1.7,0.0
ATOM,3442.0,H,GLY,219.0,5.909,1.08,24.449,0.31,0.2245,0.73
ATOM,3443.0,HA2,GLY,219.0,4.232,3.08,23.097,0.09,1.32,0.0
ATOM,3444.0,HA3,GLY,219.0,3.555,2.4,24.417,0.09,1.32,0.0
ATOM,3445.0,N,TYR,220.0,4.714,4.889,24.827,-0.47,1.85,0.0
ATOM,3446.0,CA,TYR,220.0,5.218,5.925,25.737,0.07,2.275,0.0
ATOM,3447.0,C,TYR,220.0,4.257,5.988,26.885,0.51,2.0,0.0
ATOM,3448.0,O,TYR,220.0,3.061,5.913,26.681,-0.51,1.7,0.0
ATOM,3449.0,CB,TYR,220.0,5.236,7.33,25.125,-0.18,2.175,0.0
ATOM,3450.0,CG,TYR,220.0,6.176,7.538,23.958,0.0,1.9924,0.0
ATOM,3451.0,CD1,TYR,220.0,7.358,6.823,23.85,-0.115,1.9924,0.0
ATOM,3452.0,CD2,TYR,220.0,5.856,8.465,22.958,-0.115,1.9924,0.0
ATOM,3453.0,CE1,TYR,220.0,8.233,7.027,22.8,-0.115,1.9924,0.0
ATOM,3454.0,CE2,TYR,220.0,6.715,8.656,21.862,-0.115,1.9924,0.0
ATOM,3455.0,CZ,TYR,220.0,7.895,7.933,21.792,0.11,1.9924,0.0
ATOM,3456.0,OH,TYR,220.0,8.756,8.104,20.713,-0.54,1.77,2.46
ATOM,3457.0,H,TYR,220.0,3.989,5.07,24.108,0.31,0.2245,0.0
ATOM,3458.0,HA,TYR,220.0,6.105,5.633,26.072,0.09,1.32,0.0
ATOM,3459.0,HB2,TYR,220.0,4.303,7.547,24.817,0.09,1.32,0.0
ATOM,3460.0,HB3,TYR,220.0,5.491,7.981,25.849,0.09,1.32,0.0
ATOM,3461.0,HD1,TYR,220.0,7.587,6.139,24.552,0.115,1.3582,0.0
ATOM,3462.0,HD2,TYR,220.0,5.019,8.99,23.02,0.115,1.3582,0.0
ATOM,3463.0,HE1,TYR,220.0,9.101,6.534,22.755,0.115,1.3582,0.0
ATOM,3464.0,HE2,TYR,220.0,6.472,9.305,21.149,0.115,1.3582,0.0
ATOM,3465.0,HH,TYR,220.0,9.565,7.542,20.857,0.43,0.2245,0.0
ATOM,3466.0,N,GLY,221.0,4.768,6.175,28.102,-0.47,1.85,0.0
ATOM,3467.0,CA,GLY,221.0,3.851,6.364,29.215,-0.02,2.175,0.0
ATOM,3468.0,C,GLY,221.0,4.186,7.588,30.042,0.51,2.0,0.0
ATOM,3469.0,O,GLY,221.0,5.32,8.068,30.006,-0.51,1.7,0.05
ATOM,3470.0,H,GLY,221.0,5.781,6.173,28.171,0.31,0.2245,0.0
ATOM,3471.0,HA2,GLY,221.0,2.905,6.449,28.858,0.09,1.32,0.0
ATOM,3472.0,HA3,GLY,221.0,3.872,5.542,29.809,0.09,1.32,0.0
ATOM,3473.0,N,ILE,222.0,3.208,8.092,30.803,-0.47,1.85,0.0
ATOM,3474.0,CA,ILE,222.0,3.457,9.181,31.768,0.07,2.275,0.0
ATOM,3475.0,C,ILE,222.0,4.053,8.499,32.977,0.51,2.0,0.0
ATOM,3476.0,O,ILE,222.0,3.529,7.463,33.416,-0.51,1.7,1.27
ATOM,3477.0,CB,ILE,222.0,2.134,9.815,32.194,-0.09,2.275,0.0
ATOM,3478.0,CG1,ILE,222.0,1.378,10.334,30.97,-0.18,2.175,0.0
ATOM,3479.0,CG2,ILE,222.0,2.362,10.918,33.221,-0.27,2.06,0.0
ATOM,3480.0,CD1,ILE,222.0,2.09,11.454,30.191,-0.27,2.06,0.0
ATOM,3481.0,H,ILE,222.0,2.278,7.662,30.661,0.31,0.2245,0.0
ATOM,3482.0,HA,ILE,222.0,4.164,9.737,31.369,0.09,1.32,0.0
ATOM,3483.0,HB,ILE,222.0,1.575,9.113,32.623,0.09,1.32,0.0
ATOM,3484.0,HG12,ILE,222.0,1.217,9.57,30.343,0.09,1.32,0.0
ATOM,3485.0,HG13,ILE,222.0,0.488,10.684,31.27,0.09,1.32,0.0
ATOM,3486.0,HG21,ILE,222.0,1.481,11.278,33.523,0.09,1.32,0.0
ATOM,3487.0,HG22,ILE,222.0,2.856,10.546,34.004,0.09,1.32,0.0
ATOM,3488.0,HG23,ILE,222.0,2.897,11.652,32.807,0.09,1.32,0.0
ATOM,3489.0,HD11,ILE,222.0,2.966,11.11,29.869,0.09,1.32,0.0
ATOM,3490.0,HD12,ILE,222.0,1.519,11.718,29.42,0.09,1.32,0.0
ATOM,3491.0,HD13,ILE,222.0,2.226,12.229,30.8,0.09,1.32,0.0
ATOM,3492.0,N,ALA,223.0,5.144,9.053,33.507,-0.47,1.85,0.0
ATOM,3493.0,CA,ALA,223.0,5.866,8.366,34.554,0.07,2.275,0.0
ATOM,3494.0,C,ALA,223.0,5.827,9.126,35.866,0.51,2.0,0.0
ATOM,3495.0,O,ALA,223.0,5.828,10.351,35.868,-0.51,1.7,0.0
ATOM,3496.0,CB,ALA,223.0,7.286,8.115,34.113,-0.27,2.06,0.0
ATOM,3497.0,H,ALA,223.0,5.406,9.968,33.118,0.31,0.2245,0.0
ATOM,3498.0,HA,ALA,223.0,5.446,7.454,34.699,0.09,1.32,0.0
ATOM,3499.0,HB1,ALA,223.0,7.457,7.129,34.057,0.09,1.32,0.0
ATOM,3500.0,HB2,ALA,223.0,7.441,8.525,33.212,0.09,1.32,0.0
ATOM,3501.0,HB3,ALA,223.0,7.924,8.521,34.77,0.09,1.32,0.0
ATOM,3502.0,N,THR,224.0,5.754,8.393,36.974,-0.47,1.85,0.0
ATOM,3503.0,CA,THR,224.0,5.758,9.028,38.311,0.07,2.275,0.0
ATOM,3504.0,C,THR,224.0,6.686,8.175,39.163,0.51,2.0,0.0
ATOM,3505.0,O,THR,224.0,7.022,7.063,38.775,-0.51,1.7,0.0
ATOM,3506.0,CB,THR,224.0,4.355,9.017,38.952,0.14,2.275,0.0
ATOM,3507.0,OG1,THR,224.0,3.656,7.772,38.646,-0.66,1.77,2.02
ATOM,3508.0,CG2,THR,224.0,3.46,10.138,38.375,-0.27,2.06,0.0
ATOM,3509.0,H,THR,224.0,5.696,7.375,36.832,0.31,0.2245,0.0
ATOM,3510.0,HA,THR,224.0,6.143,9.93,38.224,0.09,1.32,0.0
ATOM,3511.0,HB,THR,224.0,4.451,9.072,39.968,0.09,1.32,0.0
ATOM,3512.0,HG21,THR,224.0,4.032,10.916,38.122,0.09,1.32,0.0
ATOM,3513.0,HG22,THR,224.0,2.982,9.793,37.569,0.09,1.32,0.74
ATOM,3514.0,HG23,THR,224.0,2.797,10.417,39.067,0.09,1.32,0.0
ATOM,3515.0,HG1,THR,224.0,4.206,7.224,38.014,0.43,0.2245,0.21
ATOM,3516.0,N,PRO,225.0,7.109,8.694,40.315,-0.29,1.85,0.0
ATOM,3517.0,CA,PRO,225.0,7.904,7.889,41.251,0.02,2.275,0.02
ATOM,3518.0,C,PRO,225.0,7.031,6.732,41.667,0.51,2.0,0.0
ATOM,3519.0,O,PRO,225.0,5.782,6.845,41.777,-0.51,1.7,0.0
ATOM,3520.0,CB,PRO,225.0,8.224,8.867,42.399,-0.18,2.175,13.56
ATOM,3521.0,CG,PRO,225.0,8.011,10.185,41.808,-0.18,2.175,1.75
ATOM,3522.0,CD,PRO,225.0,6.886,10.072,40.812,0.0,2.175,0.07
ATOM,3523.0,HA,PRO,225.0,8.743,7.581,40.828,0.09,1.32,0.0
ATOM,3524.0,HB2,PRO,225.0,7.608,8.697,43.173,0.09,1.32,3.85
ATOM,3525.0,HB3,PRO,225.0,9.171,8.738,42.703,0.09,1.32,4.77
ATOM,3526.0,HG2,PRO,225.0,7.778,10.876,42.521,0.09,1.32,9.76
ATOM,3527.0,HG3,PRO,225.0,8.855,10.522,41.345,0.09,1.32,0.0
ATOM,3528.0,HD2,PRO,225.0,6.004,10.145,41.248,0.09,1.32,0.0
ATOM,3529.0,HD3,PRO,225.0,6.981,10.726,40.077,0.09,1.32,0.0
ATOM,3530.0,N,LYS,226.0,7.684,5.591,41.842,-0.47,1.85,0.59
ATOM,3531.0,CA,LYS,226.0,7.033,4.392,42.352,0.07,2.275,0.0
ATOM,3532.0,C,LYS,226.0,6.217,4.698,43.59,0.51,2.0,0.07
ATOM,3533.0,O,LYS,226.0,6.716,5.282,44.559,-0.51,1.7,21.66
ATOM,3534.0,CB,LYS,226.0,8.093,3.31,42.66,-0.18,2.175,7.82
ATOM,3535.0,CG,LYS,226.0,8.013,2.137,41.79,-0.18,2.175,1.14
ATOM,3536.0,CD,LYS,226.0,8.987,1.078,42.24,-0.18,2.175,8.01
ATOM,3537.0,CE,LYS,226.0,8.577,-0.252,41.694,0.21,2.175,11.7
ATOM,3538.0,NZ,LYS,226.0,9.271,-1.274,42.493,-0.3,1.85,12.8
ATOM,3539.0,H,LYS,226.0,8.695,5.626,41.585,0.31,0.2245,1.98
ATOM,3540.0,HA,LYS,226.0,6.419,4.027,41.638,0.09,1.32,0.0
ATOM,3541.0,HB2,LYS,226.0,8.99,3.748,42.566,0.09,1.32,2.95
ATOM,3542.0,HB3,LYS,226.0,7.961,3.04,43.617,0.09,1.32,6.19
ATOM,3543.0,HG2,LYS,226.0,7.088,1.745,41.815,0.09,1.32,1.87
ATOM,3544.0,HG3,LYS,226.0,8.234,2.387,40.843,0.09,1.32,0.0
ATOM,3545.0,HD2,LYS,226.0,9.89,1.306,41.899,0.09,1.32,0.37
ATOM,3546.0,HD3,LYS,226.0,8.985,1.038,43.231,0.09,1.32,6.83
ATOM,3547.0,HE2,LYS,226.0,7.6,-0.363,41.79,0.05,1.32,8.15
ATOM,3548.0,HE3,LYS,226.0,8.857,-0.324,40.749,0.05,1.32,0.0
ATOM,3549.0,HZ1,LYS,226.0,9.799,-0.834,43.223,0.33,0.2245,13.84
ATOM,3550.0,HZ2,LYS,226.0,8.602,-1.898,42.903,0.33,0.2245,20.65
ATOM,3551.0,HZ3,LYS,226.0,9.893,-1.799,41.908,0.33,0.2245,8.98
ATOM,3552.0,N,GLY,227.0,4.943,4.327,43.55,-0.47,1.85,2.26
ATOM,3553.0,CA,GLY,227.0,4.069,4.493,44.697,-0.02,2.175,19.72
ATOM,3554.0,C,GLY,227.0,3.415,5.853,44.782,0.51,2.0,1.69
ATOM,3555.0,O,GLY,227.0,2.635,6.094,45.696,-0.51,1.7,27.87
ATOM,3556.0,H,GLY,227.0,4.636,3.918,42.646,0.31,0.2245,0.42
ATOM,3557.0,HA2,GLY,227.0,3.344,3.773,44.672,0.09,1.32,12.49
ATOM,3558.0,HA3,GLY,227.0,4.603,4.324,45.552,0.09,1.32,9.42
ATOM,3559.0,N,SER,228.0,3.697,6.752,43.819,-0.47,1.85,0.11
ATOM,3560.0,CA,SER,228.0,3.144,8.093,43.874,0.07,2.275,2.06
ATOM,3561.0,C,SER,228.0,1.613,8.116,43.845,0.51,2.0,0.0
ATOM,3562.0,O,SER,228.0,0.996,7.42,43.021,-0.51,1.7,8.19
ATOM,3563.0,CB,SER,228.0,3.693,8.946,42.735,0.05,2.175,2.72
ATOM,3564.0,OG,SER,228.0,2.922,10.116,42.572,-0.66,1.77,0.43
ATOM,3565.0,H,SER,228.0,4.317,6.405,43.074,0.31,0.2245,0.0
ATOM,3566.0,HA,SER,228.0,3.438,8.522,44.746,0.09,1.32,7.41
ATOM,3567.0,HB2,SER,228.0,4.631,9.2,42.947,0.09,1.32,0.62
ATOM,3568.0,HB3,SER,228.0,3.662,8.415,41.893,0.09,1.32,0.0
ATOM,3569.0,HG,SER,228.0,3.519,10.918,42.596,0.43,0.2245,9.69
ATOM,3570.0,N,SER,229.0,1.018,8.955,44.707,-0.47,1.85,0.56
ATOM,3571.0,CA,SER,229.0,-0.441,9.102,44.776,0.07,2.275,1.91
ATOM,3572.0,C,SER,229.0,-1.041,9.692,43.491,0.51,2.0,0.4
ATOM,3573.0,O,SER,229.0,-2.204,9.44,43.207,-0.51,1.7,14.61
ATOM,3574.0,CB,SER,229.0,-0.861,9.93,46.011,0.05,2.175,27.23
ATOM,3575.0,OG,SER,229.0,-0.333,11.245,45.967,-0.66,1.77,29.45
ATOM,3576.0,H,SER,229.0,1.674,9.485,45.314,0.31,0.2245,8.1
ATOM,3577.0,HA,SER,229.0,-0.841,8.182,44.906,0.09,1.32,10.18
ATOM,3578.0,HB2,SER,229.0,-1.856,9.977,46.034,0.09,1.32,9.47
ATOM,3579.0,HB3,SER,229.0,-0.523,9.469,46.828,0.09,1.32,11.02
ATOM,3580.0,HG,SER,229.0,0.029,11.428,45.054,0.43,0.2245,5.23
ATOM,3581.0,N,LEU,230.0,-0.23,10.435,42.714,-0.47,1.85,0.0
ATOM,3582.0,CA,LEU,230.0,-0.618,11.036,41.413,0.07,2.275,0.42
ATOM,3583.0,C,LEU,230.0,-0.84,10.003,40.295,0.51,2.0,0.0
ATOM,3584.0,O,LEU,230.0,-1.615,10.245,39.343,-0.51,1.7,0.0
ATOM,3585.0,CB,LEU,230.0,0.513,11.973,40.963,-0.18,2.175,0.0
ATOM,3586.0,CG,LEU,230.0,0.265,13.285,40.242,-0.09,2.275,0.0
ATOM,3587.0,CD1,LEU,230.0,-0.772,14.11,41.039,-0.27,2.06,16.43
ATOM,3588.0,CD2,LEU,230.0,1.601,14.046,40.095,-0.27,2.06,0.0
ATOM,3589.0,H,LEU,230.0,0.736,10.56,43.117,0.31,0.2245,0.0
ATOM,3590.0,HA,LEU,230.0,-1.483,11.546,41.551,0.09,1.32,1.83
ATOM,3591.0,HB2,LEU,230.0,1.066,12.193,41.802,0.09,1.32,1.68
ATOM,3592.0,HB3,LEU,230.0,1.138,11.417,40.367,0.09,1.32,0.0
ATOM,3593.0,HG,LEU,230.0,-0.099,13.107,39.336,0.09,1.32,0.0
ATOM,3594.0,HD11,LEU,230.0,-0.412,14.285,41.951,0.09,1.32,8.25
ATOM,3595.0,HD12,LEU,230.0,-0.933,14.971,40.564,0.09,1.32,0.0
ATOM,3596.0,HD13,LEU,230.0,-1.619,13.59,41.1,0.09,1.32,2.36
ATOM,3597.0,HD21,LEU,230.0,2.236,13.486,39.569,0.09,1.32,0.0
ATOM,3598.0,HD22,LEU,230.0,1.432,14.907,39.621,0.09,1.32,0.0
ATOM,3599.0,HD23,LEU,230.0,1.973,14.224,41.003,0.09,1.32,4.31
ATOM,3600.0,N,GLY,231.0,-0.179,8.851,40.441,-0.47,1.85,0.0
ATOM,3601.0,CA,GLY,231.0,-0.09,7.84,39.404,-0.02,2.175,6.08
ATOM,3602.0,C,GLY,231.0,-1.461,7.405,38.957,0.51,2.0,1.76
ATOM,3603.0,O,GLY,231.0,-1.712,7.324,37.747,-0.51,1.7,3.26
ATOM,3604.0,H,GLY,231.0,0.274,8.744,41.384,0.31,0.2245,0.0
ATOM,3605.0,HA2,GLY,231.0,0.421,8.212,38.617,0.09,1.32,1.11
ATOM,3606.0,HA3,GLY,231.0,0.42,7.043,39.756,0.09,1.32,2.91
ATOM,3607.0,N,ASN,232.0,-2.332,7.102,39.925,-0.47,1.85,3.59
ATOM,3608.0,CA,ASN,232.0,-3.683,6.617,39.616,0.07,2.275,2.53
ATOM,3609.0,C,ASN,232.0,-4.487,7.58,38.752,0.51,2.0,0.0
ATOM,3610.0,O,ASN,232.0,-5.015,7.176,37.674,-0.51,1.7,0.0
ATOM,3611.0,CB,ASN,232.0,-4.476,6.333,40.908,-0.18,2.175,12.75
ATOM,3612.0,CG,ASN,232.0,-5.917,5.896,40.626,0.55,2.0,2.31
ATOM,3613.0,H,ASN,232.0,-1.979,7.236,40.888,0.31,0.2245,1.75
ATOM,3614.0,HA,ASN,232.0,-3.573,5.76,39.084,0.09,1.32,2.98
ATOM,3615.0,HB2,ASN,232.0,-4.018,5.605,41.402,0.09,1.32,11.34
ATOM,3616.0,HB3,ASN,232.0,-4.5,7.165,41.449,0.09,1.32,2.96
ATOM,3617.0,OD1,ASN,232.0,-6.863,6.518,41.115,-0.55,1.7,29.48
ATOM,3618.0,ND2,ASN,232.0,-6.085,4.831,39.817,-0.62,1.85,15.51
ATOM,3619.0,HD22,ASN,232.0,-5.271,4.379,39.449,0.3,0.2245,8.91
ATOM,3620.0,HD21,ASN,232.0,-6.994,4.512,39.599,0.32,0.2245,9.17
ATOM,3621.0,N,ALA,233.0,-4.608,8.831,39.217,-0.47,1.85,0.0
ATOM,3622.0,CA,ALA,233.0,-5.413,9.829,38.541,0.07,2.275,1.27
ATOM,3623.0,C,ALA,233.0,-4.885,10.033,37.134,0.51,2.0,0.0
ATOM,3624.0,O,ALA,233.0,-5.654,10.165,36.164,-0.51,1.7,2.21
ATOM,3625.0,CB,ALA,233.0,-5.427,11.152,39.302,-0.27,2.06,22.55
ATOM,3626.0,H,ALA,233.0,-4.077,9.012,40.095,0.31,0.2245,0.14
ATOM,3627.0,HA,ALA,233.0,-6.36,9.503,38.485,0.09,1.32,1.8
ATOM,3628.0,HB1,ALA,233.0,-5.917,11.034,40.164,0.09,1.32,11.02
ATOM,3629.0,HB2,ALA,233.0,-4.488,11.438,39.488,0.09,1.32,0.0
ATOM,3630.0,HB3,ALA,233.0,-5.885,11.848,38.75,0.09,1.32,0.77
ATOM,3631.0,N,VAL,234.0,-3.575,10.119,37.049,-0.47,1.85,0.0
ATOM,3632.0,CA,VAL,234.0,-2.968,10.418,35.765,0.07,2.275,0.0
ATOM,3633.0,C,VAL,234.0,-3.223,9.276,34.762,0.51,2.0,0.0
ATOM,3634.0,O,VAL,234.0,-3.496,9.526,33.581,-0.51,1.7,0.0
ATOM,3635.0,CB,VAL,234.0,-1.486,10.735,35.978,-0.09,2.275,0.0
ATOM,3636.0,CG1,VAL,234.0,-0.657,10.407,34.726,-0.27,2.06,1.39
ATOM,3637.0,CG2,VAL,234.0,-1.342,12.205,36.472,-0.27,2.06,0.0
ATOM,3638.0,H,VAL,234.0,-3.052,9.966,37.916,0.31,0.2245,0.0
ATOM,3639.0,HA,VAL,234.0,-3.397,11.247,35.392,0.09,1.32,0.0
ATOM,3640.0,HB,VAL,234.0,-1.143,10.145,36.706,0.09,1.32,0.0
ATOM,3641.0,HG11,VAL,234.0,-0.823,11.104,34.032,0.09,1.32,0.0
ATOM,3642.0,HG12,VAL,234.0,0.31,10.395,34.969,0.09,1.32,0.01
ATOM,3643.0,HG13,VAL,234.0,-0.93,9.512,34.379,0.09,1.32,0.0
ATOM,3644.0,HG21,VAL,234.0,-1.15,12.189,37.447,0.09,1.32,0.0
ATOM,3645.0,HG22,VAL,234.0,-0.593,12.629,35.975,0.09,1.32,0.0
ATOM,3646.0,HG23,VAL,234.0,-2.196,12.68,36.291,0.09,1.32,0.0
ATOM,3647.0,N,ASN,235.0,-3.172,8.037,35.241,-0.47,1.85,0.0
ATOM,3648.0,CA,ASN,235.0,-3.446,6.904,34.383,0.07,2.275,0.0
ATOM,3649.0,C,ASN,235.0,-4.879,6.926,33.889,0.51,2.0,0.0
ATOM,3650.0,O,ASN,235.0,-5.153,6.671,32.711,-0.51,1.7,0.0
ATOM,3651.0,CB,ASN,235.0,-3.11,5.589,35.094,-0.18,2.175,4.63
ATOM,3652.0,CG,ASN,235.0,-3.401,4.384,34.229,0.55,2.0,0.8
ATOM,3653.0,H,ASN,235.0,-2.928,7.963,36.242,0.31,0.2245,0.0
ATOM,3654.0,HA,ASN,235.0,-2.853,6.99,33.572,0.09,1.32,0.0
ATOM,3655.0,HB2,ASN,235.0,-2.142,5.595,35.321,0.09,1.32,1.53
ATOM,3656.0,HB3,ASN,235.0,-3.66,5.532,35.92,0.09,1.32,0.0
ATOM,3657.0,OD1,ASN,235.0,-2.937,4.277,33.089,-0.55,1.7,0.0
ATOM,3658.0,ND2,ASN,235.0,-4.224,3.502,34.751,-0.62,1.85,9.58
ATOM,3659.0,HD22,ASN,235.0,-4.627,3.635,35.656,0.3,0.2245,5.3
ATOM,3660.0,HD21,ASN,235.0,-4.462,2.667,34.233,0.32,0.2245,2.26
ATOM,3661.0,N,LEU,236.0,-5.81,7.195,34.8,-0.47,1.85,0.0
ATOM,3662.0,CA,LEU,236.0,-7.211,7.275,34.333,0.07,2.275,0.12
ATOM,3663.0,C,LEU,236.0,-7.391,8.436,33.351,0.51,2.0,0.26
ATOM,3664.0,O,LEU,236.0,-8.173,8.322,32.425,-0.51,1.7,2.17
ATOM,3665.0,CB,LEU,236.0,-8.176,7.441,35.51,-0.18,2.175,7.0
ATOM,3666.0,CG,LEU,236.0,-8.157,6.305,36.53,-0.09,2.275,0.0
ATOM,3667.0,CD1,LEU,236.0,-9.116,6.649,37.705,-0.27,2.06,28.01
ATOM,3668.0,CD2,LEU,236.0,-8.568,4.928,35.928,-0.27,2.06,22.33
ATOM,3669.0,H,LEU,236.0,-5.509,7.328,35.748,0.31,0.2245,0.0
ATOM,3670.0,HA,LEU,236.0,-7.433,6.419,33.86,0.09,1.32,0.0
ATOM,3671.0,HB2,LEU,236.0,-7.932,8.276,35.988,0.09,1.32,1.39
ATOM,3672.0,HB3,LEU,236.0,-9.095,7.5,35.144,0.09,1.32,7.61
ATOM,3673.0,HG,LEU,236.0,-7.24,6.196,36.892,0.09,1.32,0.0
ATOM,3674.0,HD11,LEU,236.0,-10.035,6.763,37.342,0.09,1.32,9.54
ATOM,3675.0,HD12,LEU,236.0,-9.094,5.902,38.362,0.09,1.32,4.37
ATOM,3676.0,HD13,LEU,236.0,-8.806,7.493,38.131,0.09,1.32,3.57
ATOM,3677.0,HD21,LEU,236.0,-7.931,4.698,35.2,0.09,1.32,0.0
ATOM,3678.0,HD22,LEU,236.0,-8.531,4.244,36.649,0.09,1.32,7.01
ATOM,3679.0,HD23,LEU,236.0,-9.492,5.003,35.568,0.09,1.32,9.62
ATOM,3680.0,N,ALA,237.0,-6.686,9.547,33.573,-0.47,1.85,0.81
ATOM,3681.0,CA,ALA,237.0,-6.742,10.663,32.624,0.07,2.275,1.93
ATOM,3682.0,C,ALA,237.0,-6.242,10.257,31.248,0.51,2.0,0.0
ATOM,3683.0,O,ALA,237.0,-6.867,10.628,30.227,-0.51,1.7,0.0
ATOM,3684.0,CB,ALA,237.0,-5.975,11.922,33.185,-0.27,2.06,0.69
ATOM,3685.0,H,ALA,237.0,-6.124,9.551,34.433,0.31,0.2245,0.0
ATOM,3686.0,HA,ALA,237.0,-7.702,10.967,32.544,0.09,1.32,0.75
ATOM,3687.0,HB1,ALA,237.0,-6.135,11.968,34.162,0.09,1.32,0.36
ATOM,3688.0,HB2,ALA,237.0,-5.011,11.805,32.99,0.09,1.32,0.0
ATOM,3689.0,HB3,ALA,237.0,-6.332,12.726,32.73,0.09,1.32,0.0
ATOM,3690.0,N,VAL,238.0,-5.155,9.493,31.16,-0.47,1.85,0.0
ATOM,3691.0,CA,VAL,238.0,-4.673,9.077,29.853,0.07,2.275,0.0
ATOM,3692.0,C,VAL,238.0,-5.698,8.198,29.193,0.51,2.0,0.0
ATOM,3693.0,O,VAL,238.0,-5.947,8.308,27.993,-0.51,1.7,0.0
ATOM,3694.0,CB,VAL,238.0,-3.328,8.28,29.968,-0.09,2.275,0.0
ATOM,3695.0,CG1,VAL,238.0,-2.952,7.564,28.66,-0.27,2.06,0.04
ATOM,3696.0,CG2,VAL,238.0,-2.208,9.244,30.379,-0.27,2.06,0.0
ATOM,3697.0,H,VAL,238.0,-4.715,9.24,32.05,0.31,0.2245,0.0
ATOM,3698.0,HA,VAL,238.0,-4.55,9.9,29.29,0.09,1.32,0.0
ATOM,3699.0,HB,VAL,238.0,-3.463,7.572,30.659,0.09,1.32,0.0
ATOM,3700.0,HG11,VAL,238.0,-3.064,6.581,28.783,0.09,1.32,0.0
ATOM,3701.0,HG12,VAL,238.0,-3.55,7.885,27.929,0.09,1.32,0.0
ATOM,3702.0,HG13,VAL,238.0,-2.003,7.771,28.436,0.09,1.32,0.0
ATOM,3703.0,HG21,VAL,238.0,-1.68,9.491,29.569,0.09,1.32,0.0
ATOM,3704.0,HG22,VAL,238.0,-2.615,10.061,30.783,0.09,1.32,0.0
ATOM,3705.0,HG23,VAL,238.0,-1.619,8.791,31.046,0.09,1.32,0.0
ATOM,3706.0,N,LEU,239.0,-6.287,7.286,29.963,-0.47,1.85,0.0
ATOM,3707.0,CA,LEU,239.0,-7.255,6.403,29.354,0.07,2.275,0.0
ATOM,3708.0,C,LEU,239.0,-8.461,7.178,28.839,0.51,2.0,0.0
ATOM,3709.0,O,LEU,239.0,-8.944,6.899,27.745,-0.51,1.7,0.0
ATOM,3710.0,CB,LEU,239.0,-7.696,5.301,30.349,-0.18,2.175,6.36
ATOM,3711.0,CG,LEU,239.0,-6.587,4.286,30.67,-0.09,2.275,0.0
ATOM,3712.0,CD1,LEU,239.0,-7.149,3.268,31.679,-0.27,2.06,22.44
ATOM,3713.0,CD2,LEU,239.0,-6.083,3.57,29.392,-0.27,2.06,16.38
ATOM,3714.0,H,LEU,239.0,-6.01,7.275,30.94,0.31,0.2245,0.0
ATOM,3715.0,HA,LEU,239.0,-6.824,5.935,28.571,0.09,1.32,0.0
ATOM,3716.0,HB2,LEU,239.0,-7.95,5.742,31.19,0.09,1.32,0.22
ATOM,3717.0,HB3,LEU,239.0,-8.442,4.811,29.941,0.09,1.32,0.0
ATOM,3718.0,HG,LEU,239.0,-5.822,4.758,31.076,0.09,1.32,0.0
ATOM,3719.0,HD11,LEU,239.0,-7.935,2.807,31.273,0.09,1.32,8.12
ATOM,3720.0,HD12,LEU,239.0,-6.44,2.601,31.898,0.09,1.32,1.24
ATOM,3721.0,HD13,LEU,239.0,-7.429,3.75,32.506,0.09,1.32,0.0
ATOM,3722.0,HD21,LEU,239.0,-5.721,4.253,28.763,0.09,1.32,0.0
ATOM,3723.0,HD22,LEU,239.0,-5.368,2.924,29.647,0.09,1.32,0.0
ATOM,3724.0,HD23,LEU,239.0,-6.847,3.088,28.972,0.09,1.32,5.98
ATOM,3725.0,N,LYS,240.0,-8.94,8.138,29.618,-0.47,1.85,0.62
ATOM,3726.0,CA,LYS,240.0,-10.093,8.966,29.189,0.07,2.275,2.21
ATOM,3727.0,C,LYS,240.0,-9.75,9.775,27.926,0.51,2.0,0.0
ATOM,3728.0,O,LYS,240.0,-10.521,9.776,26.945,-0.51,1.7,0.0
ATOM,3729.0,CB,LYS,240.0,-10.486,9.878,30.35,-0.18,2.175,0.81
ATOM,3730.0,CG,LYS,240.0,-11.699,10.829,30.087,-0.18,2.175,0.04
ATOM,3731.0,CD,LYS,240.0,-12.218,11.334,31.415,-0.18,2.175,1.84
ATOM,3732.0,CE,LYS,240.0,-13.532,10.654,31.742,0.21,2.175,15.63
ATOM,3733.0,NZ,LYS,240.0,-14.447,11.507,32.595,-0.3,1.85,14.63
ATOM,3734.0,H,LYS,240.0,-8.463,8.263,30.522,0.31,0.2245,0.0
ATOM,3735.0,HA,LYS,240.0,-10.863,8.357,28.982,0.09,1.32,2.08
ATOM,3736.0,HB2,LYS,240.0,-10.723,9.311,31.141,0.09,1.32,3.93
ATOM,3737.0,HB3,LYS,240.0,-9.703,10.458,30.585,0.09,1.32,0.0
ATOM,3738.0,HG2,LYS,240.0,-11.38,11.585,29.541,0.09,1.32,0.0
ATOM,3739.0,HG3,LYS,240.0,-12.399,10.311,29.626,0.09,1.32,2.56
ATOM,3740.0,HD2,LYS,240.0,-11.563,11.116,32.123,0.09,1.32,5.67
ATOM,3741.0,HD3,LYS,240.0,-12.372,12.309,31.354,0.09,1.32,0.27
ATOM,3742.0,HE2,LYS,240.0,-14.014,10.431,30.887,0.05,1.32,6.34
ATOM,3743.0,HE3,LYS,240.0,-13.35,9.795,32.236,0.05,1.32,10.76
ATOM,3744.0,HZ1,LYS,240.0,-14.606,11.038,33.459,0.33,0.2245,20.2
ATOM,3745.0,HZ2,LYS,240.0,-14.006,12.385,32.756,0.33,0.2245,12.66
ATOM,3746.0,HZ3,LYS,240.0,-15.306,11.637,32.109,0.33,0.2245,19.38
ATOM,3747.0,N,LEU,241.0,-8.585,10.44,27.948,-0.47,1.85,0.0
ATOM,3748.0,CA,LEU,241.0,-8.153,11.21,26.789,0.07,2.275,0.0
ATOM,3749.0,C,LEU,241.0,-8.061,10.32,25.565,0.51,2.0,0.0
ATOM,3750.0,O,LEU,241.0,-8.439,10.729,24.465,-0.51,1.7,0.0
ATOM,3751.0,CB,LEU,241.0,-6.789,11.896,27.043,-0.18,2.175,0.0
ATOM,3752.0,CG,LEU,241.0,-6.84,12.974,28.156,-0.09,2.275,0.0
ATOM,3753.0,CD1,LEU,241.0,-5.413,13.42,28.529,-0.27,2.06,0.0
ATOM,3754.0,CD2,LEU,241.0,-7.678,14.163,27.706,-0.27,2.06,0.0
ATOM,3755.0,H,LEU,241.0,-8.051,10.357,28.823,0.31,0.2245,0.0
ATOM,3756.0,HA,LEU,241.0,-8.832,11.93,26.612,0.09,1.32,0.0
ATOM,3757.0,HB2,LEU,241.0,-6.153,11.207,27.332,0.09,1.32,0.0
ATOM,3758.0,HB3,LEU,241.0,-6.516,12.342,26.215,0.09,1.32,0.0
ATOM,3759.0,HG,LEU,241.0,-7.283,12.587,28.957,0.09,1.32,0.0
ATOM,3760.0,HD11,LEU,241.0,-4.97,13.8,27.721,0.09,1.32,0.17
ATOM,3761.0,HD12,LEU,241.0,-5.466,14.112,29.245,0.09,1.32,0.0
ATOM,3762.0,HD13,LEU,241.0,-4.901,12.63,28.857,0.09,1.32,0.0
ATOM,3763.0,HD21,LEU,241.0,-8.61,13.858,27.505,0.09,1.32,0.0
ATOM,3764.0,HD22,LEU,241.0,-7.702,14.85,28.433,0.09,1.32,0.0
ATOM,3765.0,HD23,LEU,241.0,-7.274,14.564,26.883,0.09,1.32,0.22
ATOM,3766.0,N,ASN,242.0,-7.56,9.093,25.723,-0.47,1.85,0.0
ATOM,3767.0,CA,ASN,242.0,-7.488,8.217,24.56,0.07,2.275,0.0
ATOM,3768.0,C,ASN,242.0,-8.873,7.851,23.992,0.51,2.0,0.1
ATOM,3769.0,O,ASN,242.0,-9.148,7.978,22.778,-0.51,1.7,7.14
ATOM,3770.0,CB,ASN,242.0,-6.706,6.936,24.9,-0.18,2.175,0.05
ATOM,3771.0,CG,ASN,242.0,-6.184,6.215,23.639,0.55,2.0,1.27
ATOM,3772.0,H,ASN,242.0,-7.257,8.847,26.66,0.31,0.2245,0.0
ATOM,3773.0,HA,ASN,242.0,-7.002,8.723,23.829,0.09,1.32,0.0
ATOM,3774.0,HB2,ASN,242.0,-5.926,7.18,25.46,0.09,1.32,0.0
ATOM,3775.0,HB3,ASN,242.0,-7.309,6.315,25.383,0.09,1.32,0.35
ATOM,3776.0,OD1,ASN,242.0,-6.158,6.781,22.548,-0.55,1.7,12.75
ATOM,3777.0,ND2,ASN,242.0,-5.72,4.99,23.807,-0.62,1.85,21.27
ATOM,3778.0,HD22,ASN,242.0,-5.726,4.575,24.722,0.3,0.2245,8.22
ATOM,3779.0,HD21,ASN,242.0,-5.363,4.472,23.031,0.32,0.2245,21.32
ATOM,3780.0,N,GLU,243.0,-9.759,7.497,24.896,-0.47,1.85,0.0
ATOM,3781.0,CA,GLU,243.0,-11.051,7.053,24.498,0.07,2.275,0.86
ATOM,3782.0,C,GLU,243.0,-11.824,8.185,23.828,0.51,2.0,0.34
ATOM,3783.0,O,GLU,243.0,-12.585,7.916,22.888,-0.51,1.7,28.56
ATOM,3784.0,CB,GLU,243.0,-11.825,6.422,25.673,-0.18,2.175,8.92
ATOM,3785.0,CG,GLU,243.0,-11.035,5.239,26.264,-0.28,2.175,7.76
ATOM,3786.0,CD,GLU,243.0,-11.683,4.467,27.418,0.62,2.0,3.99
ATOM,3787.0,OE1,GLU,243.0,-12.767,4.835,27.922,-0.76,1.7,37.18
ATOM,3788.0,OE2,GLU,243.0,-11.067,3.485,27.834,-0.76,1.7,33.11
ATOM,3789.0,H,GLU,243.0,-9.438,7.57,25.88,0.31,0.2245,0.0
ATOM,3790.0,HA,GLU,243.0,-10.979,6.281,23.851,0.09,1.32,8.57
ATOM,3791.0,HB2,GLU,243.0,-11.911,7.09,26.366,0.09,1.32,0.8
ATOM,3792.0,HB3,GLU,243.0,-12.658,6.074,25.329,0.09,1.32,8.67
ATOM,3793.0,HG2,GLU,243.0,-10.872,4.585,25.527,0.09,1.32,10.07
ATOM,3794.0,HG3,GLU,243.0,-10.163,5.592,26.599,0.09,1.32,0.0
ATOM,3795.0,N,GLN,244.0,-11.6,9.416,24.273,-0.47,1.85,0.0
ATOM,3796.0,CA,GLN,244.0,-12.311,10.593,23.73,0.07,2.275,1.91
ATOM,3797.0,C,GLN,244.0,-11.795,11.035,22.38,0.51,2.0,1.29
ATOM,3798.0,O,GLN,244.0,-12.327,11.971,21.778,-0.51,1.7,25.21
ATOM,3799.0,CB,GLN,244.0,-12.273,11.785,24.714,-0.18,2.175,1.65
ATOM,3800.0,CG,GLN,244.0,-13.034,11.557,26.033,-0.18,2.175,8.55
ATOM,3801.0,CD,GLN,244.0,-12.914,12.739,26.984,0.55,2.0,1.47
ATOM,3802.0,H,GLN,244.0,-10.89,9.489,25.028,0.31,0.2245,0.0
ATOM,3803.0,HA,GLN,244.0,-13.287,10.331,23.628,0.09,1.32,8.24
ATOM,3804.0,HB2,GLN,244.0,-11.318,11.981,24.941,0.09,1.32,0.0
ATOM,3805.0,HB3,GLN,244.0,-12.675,12.584,24.262,0.09,1.32,5.83
ATOM,3806.0,HG2,GLN,244.0,-13.996,11.414,25.819,0.09,1.32,8.09
ATOM,3807.0,HG3,GLN,244.0,-12.658,10.748,26.476,0.09,1.32,0.21
ATOM,3808.0,OE1,GLN,244.0,-11.856,13.381,27.07,-0.55,1.7,1.85
ATOM,3809.0,NE2,GLN,244.0,-13.977,13.02,27.708,-0.62,1.85,16.0
ATOM,3810.0,HE21,GLN,244.0,-13.969,13.789,28.378,0.32,0.2245,14.13
ATOM,3811.0,HE22,GLN,244.0,-14.821,12.457,27.593,0.3,0.2245,16.19
ATOM,3812.0,N,GLY,245.0,-10.76,10.351,21.914,-0.47,1.85,0.21
ATOM,3813.0,CA,GLY,245.0,-10.049,10.673,20.712,-0.02,2.175,10.56
ATOM,3814.0,C,GLY,245.0,-9.085,11.852,20.796,0.51,2.0,0.56
ATOM,3815.0,O,GLY,245.0,-8.564,12.284,19.779,-0.51,1.7,4.91
ATOM,3816.0,H,GLY,245.0,-10.501,9.523,22.529,0.31,0.2245,0.0
ATOM,3817.0,HA2,GLY,245.0,-9.521,9.846,20.392,0.09,1.32,0.71
ATOM,3818.0,HA3,GLY,245.0,-10.723,10.859,19.953,0.09,1.32,10.65
ATOM,3819.0,N,LEU,246.0,-8.813,12.354,22.0,-0.47,1.85,0.0
ATOM,3820.0,CA,LEU,246.0,-8.009,13.587,22.107,0.07,2.275,0.0
ATOM,3821.0,C,LEU,246.0,-6.502,13.378,21.859,0.51,2.0,0.0
ATOM,3822.0,O,LEU,246.0,-5.782,14.287,21.387,-0.51,1.7,0.16
ATOM,3823.0,CB,LEU,246.0,-8.29,14.273,23.445,-0.18,2.175,0.19
ATOM,3824.0,CG,LEU,246.0,-9.668,14.964,23.549,-0.09,2.275,0.33
ATOM,3825.0,CD1,LEU,246.0,-9.832,15.527,24.949,-0.27,2.06,4.54
ATOM,3826.0,CD2,LEU,246.0,-9.899,16.079,22.493,-0.27,2.06,15.28
ATOM,3827.0,H,LEU,246.0,-9.187,11.843,22.798,0.31,0.2245,0.0
ATOM,3828.0,HA,LEU,246.0,-8.352,14.249,21.418,0.09,1.32,0.0
ATOM,3829.0,HB2,LEU,246.0,-8.255,13.587,24.158,0.09,1.32,0.0
ATOM,3830.0,HB3,LEU,246.0,-7.603,14.971,23.586,0.09,1.32,1.05
ATOM,3831.0,HG,LEU,246.0,-10.374,14.291,23.371,0.09,1.32,0.0
ATOM,3832.0,HD11,LEU,246.0,-9.107,16.193,25.131,0.09,1.32,0.0
ATOM,3833.0,HD12,LEU,246.0,-10.722,15.978,25.028,0.09,1.32,9.7
ATOM,3834.0,HD13,LEU,246.0,-9.776,14.785,25.619,0.09,1.32,0.0
ATOM,3835.0,HD21,LEU,246.0,-9.832,15.677,21.585,0.09,1.32,1.19
ATOM,3836.0,HD22,LEU,246.0,-10.805,16.467,22.632,0.09,1.32,10.05
ATOM,3837.0,HD23,LEU,246.0,-9.202,16.78,22.611,0.09,1.32,5.59
ATOM,3838.0,N,LEU,247.0,-6.016,12.177,22.152,-0.47,1.85,0.0
ATOM,3839.0,CA,LEU,247.0,-4.629,11.854,21.844,0.07,2.275,0.0
ATOM,3840.0,C,LEU,247.0,-4.438,11.775,20.332,0.51,2.0,0.42
ATOM,3841.0,O,LEU,247.0,-3.427,12.252,19.805,-0.51,1.7,0.95
ATOM,3842.0,CB,LEU,247.0,-4.17,10.59,22.57,-0.18,2.175,3.72
ATOM,3843.0,CG,LEU,247.0,-4.427,10.629,24.079,-0.09,2.275,0.0
ATOM,3844.0,CD1,LEU,247.0,-3.948,9.285,24.663,-0.27,2.06,0.07
ATOM,3845.0,CD2,LEU,247.0,-3.669,11.831,24.687,-0.27,2.06,0.2
ATOM,3846.0,H,LEU,247.0,-6.677,11.526,22.595,0.31,0.2245,0.0
ATOM,3847.0,HA,LEU,247.0,-4.041,12.584,22.199,0.09,1.32,0.0
ATOM,3848.0,HB2,LEU,247.0,-4.673,9.826,22.204,0.09,1.32,0.01
ATOM,3849.0,HB3,LEU,247.0,-3.2,10.494,22.436,0.09,1.32,0.0
ATOM,3850.0,HG,LEU,247.0,-5.392,10.727,24.245,0.09,1.32,0.0
ATOM,3851.0,HD11,LEU,247.0,-2.975,9.177,24.473,0.09,1.32,0.0
ATOM,3852.0,HD12,LEU,247.0,-4.105,9.285,25.648,0.09,1.32,0.0
ATOM,3853.0,HD13,LEU,247.0,-4.462,8.544,24.237,0.09,1.32,0.0
ATOM,3854.0,HD21,LEU,247.0,-4.001,12.67,24.263,0.09,1.32,0.08
ATOM,3855.0,HD22,LEU,247.0,-3.837,11.855,25.669,0.09,1.32,0.0
ATOM,3856.0,HD23,LEU,247.0,-2.694,11.721,24.51,0.09,1.32,0.0
ATOM,3857.0,N,ASP,248.0,-5.428,11.212,19.636,-0.47,1.85,0.0
ATOM,3858.0,CA,ASP,248.0,-5.356,11.124,18.189,0.07,2.275,1.01
ATOM,3859.0,C,ASP,248.0,-5.411,12.529,17.601,0.51,2.0,0.0
ATOM,3860.0,O,ASP,248.0,-4.68,12.84,16.642,-0.51,1.7,0.74
ATOM,3861.0,CB,ASP,248.0,-6.529,10.315,17.619,-0.28,2.175,14.09
ATOM,3862.0,CG,ASP,248.0,-6.408,8.825,17.887,0.62,2.0,3.3
ATOM,3863.0,OD1,ASP,248.0,-5.278,8.308,18.054,-0.76,1.7,32.19
ATOM,3864.0,OD2,ASP,248.0,-7.421,8.088,17.947,-0.76,1.7,35.39
ATOM,3865.0,H,ASP,248.0,-6.216,10.861,20.201,0.31,0.2245,0.0
ATOM,3866.0,HA,ASP,248.0,-4.461,10.744,17.954,0.09,1.32,1.44
ATOM,3867.0,HB2,ASP,248.0,-7.364,10.649,18.042,0.09,1.32,0.15
ATOM,3868.0,HB3,ASP,248.0,-6.554,10.463,16.637,0.09,1.32,3.43
ATOM,3869.0,N,LYS,249.0,-6.225,13.39,18.211,-0.47,1.85,0.53
ATOM,3870.0,CA,LYS,249.0,-6.279,14.781,17.786,0.07,2.275,1.2
ATOM,3871.0,C,LYS,249.0,-4.912,15.49,17.974,0.51,2.0,0.0
ATOM,3872.0,O,LYS,249.0,-4.438,16.216,17.083,-0.51,1.7,0.68
ATOM,3873.0,CB,LYS,249.0,-7.449,15.484,18.505,-0.18,2.175,1.73
ATOM,3874.0,CG,LYS,249.0,-7.644,16.94,18.19,-0.18,2.175,4.28
ATOM,3875.0,CD,LYS,249.0,-8.841,17.498,19.008,-0.18,2.175,1.7
ATOM,3876.0,CE,LYS,249.0,-9.07,18.982,18.697,0.21,2.175,18.9
ATOM,3877.0,NZ,LYS,249.0,-10.53,19.286,18.454,-0.3,1.85,13.89
ATOM,3878.0,H,LYS,249.0,-6.788,12.996,18.978,0.31,0.2245,0.0
ATOM,3879.0,HA,LYS,249.0,-6.517,14.822,16.808,0.09,1.32,0.84
ATOM,3880.0,HB2,LYS,249.0,-8.292,14.985,18.267,0.09,1.32,6.41
ATOM,3881.0,HB3,LYS,249.0,-7.296,15.383,19.497,0.09,1.32,0.0
ATOM,3882.0,HG2,LYS,249.0,-6.836,17.456,18.443,0.09,1.32,1.17
ATOM,3883.0,HG3,LYS,249.0,-7.852,17.058,17.228,0.09,1.32,9.72
ATOM,3884.0,HD2,LYS,249.0,-9.65,16.991,18.758,0.09,1.32,6.38
ATOM,3885.0,HD3,LYS,249.0,-8.633,17.402,19.968,0.09,1.32,1.22
ATOM,3886.0,HE2,LYS,249.0,-8.751,19.529,19.471,0.05,1.32,11.54
ATOM,3887.0,HE3,LYS,249.0,-8.55,19.227,17.879,0.05,1.32,7.75
ATOM,3888.0,HZ1,LYS,249.0,-10.601,20.159,17.98,0.33,0.2245,20.24
ATOM,3889.0,HZ2,LYS,249.0,-10.92,18.56,17.895,0.33,0.2245,16.06
ATOM,3890.0,HZ3,LYS,249.0,-10.998,19.332,19.332,0.33,0.2245,16.82
ATOM,3891.0,N,LEU,250.0,-4.266,15.27,19.108,-0.47,1.85,0.0
ATOM,3892.0,CA,LEU,250.0,-2.95,15.881,19.336,0.07,2.275,0.0
ATOM,3893.0,C,LEU,250.0,-1.918,15.412,18.356,0.51,2.0,0.0
ATOM,3894.0,O,LEU,250.0,-1.09,16.212,17.902,-0.51,1.7,0.0
ATOM,3895.0,CB,LEU,250.0,-2.472,15.695,20.783,-0.18,2.175,0.0
ATOM,3896.0,CG,LEU,250.0,-3.319,16.363,21.844,-0.09,2.275,0.32
ATOM,3897.0,CD1,LEU,250.0,-2.617,16.122,23.209,-0.27,2.06,0.48
ATOM,3898.0,CD2,LEU,250.0,-3.456,17.875,21.544,-0.27,2.06,10.81
ATOM,3899.0,H,LEU,250.0,-4.74,14.663,19.787,0.31,0.2245,0.0
ATOM,3900.0,HA,LEU,250.0,-3.056,16.887,19.25,0.09,1.32,0.0
ATOM,3901.0,HB2,LEU,250.0,-2.461,14.717,20.971,0.09,1.32,0.0
ATOM,3902.0,HB3,LEU,250.0,-1.553,16.069,20.845,0.09,1.32,0.0
ATOM,3903.0,HG,LEU,250.0,-4.212,15.951,21.874,0.09,1.32,0.0
ATOM,3904.0,HD11,LEU,250.0,-1.707,16.523,23.174,0.09,1.32,0.0
ATOM,3905.0,HD12,LEU,250.0,-3.157,16.553,23.925,0.09,1.32,0.0
ATOM,3906.0,HD13,LEU,250.0,-2.556,15.141,23.367,0.09,1.32,0.0
ATOM,3907.0,HD21,LEU,250.0,-3.889,17.988,20.654,0.09,1.32,0.33
ATOM,3908.0,HD22,LEU,250.0,-4.016,18.294,22.253,0.09,1.32,5.97
ATOM,3909.0,HD23,LEU,250.0,-2.548,18.285,21.538,0.09,1.32,0.0
ATOM,3910.0,N,LYS,251.0,-1.959,14.124,17.982,-0.47,1.85,0.0
ATOM,3911.0,CA,LYS,251.0,-0.984,13.635,17.015,0.07,2.275,0.0
ATOM,3912.0,C,LYS,251.0,-1.223,14.272,15.641,0.51,2.0,0.0
ATOM,3913.0,O,LYS,251.0,-0.274,14.758,14.979,-0.51,1.7,0.0
ATOM,3914.0,CB,LYS,251.0,-0.95,12.1,16.961,-0.18,2.175,1.32
ATOM,3915.0,CG,LYS,251.0,0.336,11.642,16.267,-0.18,2.175,0.0
ATOM,3916.0,CD,LYS,251.0,0.262,10.214,15.831,-0.18,2.175,7.36
ATOM,3917.0,CE,LYS,251.0,1.463,9.882,14.957,0.21,2.175,0.0
ATOM,3918.0,NZ,LYS,251.0,1.326,8.457,14.488,-0.3,1.85,7.1
ATOM,3919.0,H,LYS,251.0,-2.69,13.56,18.412,0.31,0.2245,0.0
ATOM,3920.0,HA,LYS,251.0,-0.061,13.883,17.324,0.09,1.32,0.0
ATOM,3921.0,HB2,LYS,251.0,-0.948,11.757,17.876,0.09,1.32,1.2
ATOM,3922.0,HB3,LYS,251.0,-1.714,11.791,16.435,0.09,1.32,1.27
ATOM,3923.0,HG2,LYS,251.0,0.49,12.231,15.468,0.09,1.32,0.0
ATOM,3924.0,HG3,LYS,251.0,1.1,11.761,16.908,0.09,1.32,0.0
ATOM,3925.0,HD2,LYS,251.0,0.282,9.621,16.624,0.09,1.32,3.32
ATOM,3926.0,HD3,LYS,251.0,-0.559,10.069,15.298,0.09,1.32,6.13
ATOM,3927.0,HE2,LYS,251.0,1.473,10.479,14.172,0.05,1.32,0.0
ATOM,3928.0,HE3,LYS,251.0,2.29,9.967,15.489,0.05,1.32,0.0
ATOM,3929.0,HZ1,LYS,251.0,2.236,8.073,14.353,0.33,0.2245,0.36
ATOM,3930.0,HZ2,LYS,251.0,0.834,7.935,15.18,0.33,0.2245,12.83
ATOM,3931.0,HZ3,LYS,251.0,0.82,8.447,13.629,0.33,0.2245,8.79
ATOM,3932.0,N,ASN,252.0,-2.481,14.313,15.219,-0.47,1.85,0.0
ATOM,3933.0,CA,ASN,252.0,-2.806,14.926,13.934,0.07,2.275,0.0
ATOM,3934.0,C,ASN,252.0,-2.357,16.384,13.879,0.51,2.0,0.0
ATOM,3935.0,O,ASN,252.0,-1.802,16.819,12.875,-0.51,1.7,0.0
ATOM,3936.0,CB,ASN,252.0,-4.31,14.831,13.668,-0.18,2.175,7.5
ATOM,3937.0,CG,ASN,252.0,-4.726,13.463,13.277,0.55,2.0,2.37
ATOM,3938.0,H,ASN,252.0,-3.177,13.893,15.849,0.31,0.2245,0.0
ATOM,3939.0,HA,ASN,252.0,-2.284,14.431,13.227,0.09,1.32,0.0
ATOM,3940.0,HB2,ASN,252.0,-4.786,15.099,14.504,0.09,1.32,0.05
ATOM,3941.0,HB3,ASN,252.0,-4.531,15.47,12.934,0.09,1.32,0.92
ATOM,3942.0,OD1,ASN,252.0,-3.992,12.745,12.584,-0.55,1.7,18.83
ATOM,3943.0,ND2,ASN,252.0,-5.936,13.075,13.689,-0.62,1.85,16.11
ATOM,3944.0,HD22,ASN,252.0,-6.506,13.696,14.223,0.3,0.2245,8.8
ATOM,3945.0,HD21,ASN,252.0,-6.269,12.16,13.46,0.32,0.2245,17.86
ATOM,3946.0,N,LYS,253.0,-2.565,17.114,14.988,-0.47,1.85,0.0
ATOM,3947.0,CA,LYS,253.0,-2.189,18.507,15.071,0.07,2.275,0.0
ATOM,3948.0,C,LYS,253.0,-0.686,18.681,14.853,0.51,2.0,0.0
ATOM,3949.0,O,LYS,253.0,-0.27,19.476,13.976,-0.51,1.7,0.0
ATOM,3950.0,CB,LYS,253.0,-2.671,19.144,16.394,-0.18,2.175,0.46
ATOM,3951.0,CG,LYS,253.0,-2.009,20.496,16.782,-0.18,2.175,1.69
ATOM,3952.0,CD,LYS,253.0,-2.517,21.04,18.08,-0.18,2.175,4.35
ATOM,3953.0,CE,LYS,253.0,-1.772,22.293,18.465,0.21,2.175,4.36
ATOM,3954.0,NZ,LYS,253.0,-2.206,22.804,19.775,-0.3,1.85,8.92
ATOM,3955.0,H,LYS,253.0,-3.015,16.585,15.764,0.31,0.2245,0.0
ATOM,3956.0,HA,LYS,253.0,-2.675,19.027,14.357,0.09,1.32,0.0
ATOM,3957.0,HB2,LYS,253.0,-3.658,19.3,16.325,0.09,1.32,5.3
ATOM,3958.0,HB3,LYS,253.0,-2.492,18.495,17.137,0.09,1.32,0.0
ATOM,3959.0,HG2,LYS,253.0,-1.017,20.344,16.839,0.09,1.32,0.0
ATOM,3960.0,HG3,LYS,253.0,-2.192,21.15,16.041,0.09,1.32,4.14
ATOM,3961.0,HD2,LYS,253.0,-3.484,21.261,17.989,0.09,1.32,10.53
ATOM,3962.0,HD3,LYS,253.0,-2.387,20.361,18.797,0.09,1.32,0.0
ATOM,3963.0,HE2,LYS,253.0,-0.787,22.091,18.495,0.05,1.32,0.0
ATOM,3964.0,HE3,LYS,253.0,-1.931,22.997,17.763,0.05,1.32,5.74
ATOM,3965.0,HZ1,LYS,253.0,-2.589,23.724,19.671,0.33,0.2245,20.81
ATOM,3966.0,HZ2,LYS,253.0,-2.906,22.199,20.161,0.33,0.2245,8.49
ATOM,3967.0,HZ3,LYS,253.0,-1.424,22.843,20.401,0.33,0.2245,2.14
ATOM,3968.0,N,TRP,254.0,0.13,17.918,15.597,-0.47,1.85,0.0
ATOM,3969.0,CA,TRP,254.0,1.574,18.137,15.533,0.07,2.275,0.0
ATOM,3970.0,C,TRP,254.0,2.321,17.415,14.402,0.51,2.0,0.0
ATOM,3971.0,O,TRP,254.0,3.44,17.812,14.087,-0.51,1.7,1.22
ATOM,3972.0,CB,TRP,254.0,2.252,17.837,16.877,-0.18,2.175,0.0
ATOM,3973.0,CG,TRP,254.0,1.811,18.852,17.888,-0.03,1.9924,0.0
ATOM,3974.0,CD1,TRP,254.0,0.825,18.717,18.846,0.035,1.9924,0.0
ATOM,3975.0,CD2,TRP,254.0,2.282,20.193,17.991,-0.02,1.8,0.0
ATOM,3976.0,NE1,TRP,254.0,0.686,19.898,19.538,-0.61,1.85,0.0
ATOM,3977.0,CE2,TRP,254.0,1.555,20.819,19.024,0.13,1.8,0.0
ATOM,3978.0,CE3,TRP,254.0,3.237,20.949,17.288,-0.115,1.9924,0.13
ATOM,3979.0,CZ2,TRP,254.0,1.784,22.164,19.402,-0.115,1.9924,1.01
ATOM,3980.0,CZ3,TRP,254.0,3.483,22.273,17.69,-0.115,1.9924,0.23
ATOM,3981.0,CH2,TRP,254.0,2.75,22.862,18.714,-0.115,1.9924,1.54
ATOM,3982.0,H,TRP,254.0,-0.327,17.214,16.176,0.31,0.2245,0.0
ATOM,3983.0,HA,TRP,254.0,1.726,19.143,15.399,0.09,1.32,0.0
ATOM,3984.0,HB2,TRP,254.0,1.963,16.961,17.19,0.09,1.32,0.0
ATOM,3985.0,HB3,TRP,254.0,3.217,17.921,16.773,0.09,1.32,0.0
ATOM,3986.0,HD1,TRP,254.0,0.299,17.891,19.007,0.115,1.3582,0.0
ATOM,3987.0,HE1,TRP,254.0,0.052,20.056,20.294,0.38,0.2245,0.0
ATOM,3988.0,HE3,TRP,254.0,3.735,20.564,16.52,0.115,1.3582,2.96
ATOM,3989.0,HZ2,TRP,254.0,1.251,22.571,20.144,0.115,1.3582,2.09
ATOM,3990.0,HZ3,TRP,254.0,4.197,22.783,17.222,0.115,1.3582,7.04
ATOM,3991.0,HH2,TRP,254.0,2.932,23.818,18.955,0.115,1.3582,0.77
ATOM,3992.0,N,TRP,255.0,1.72,16.375,13.826,-0.47,1.85,0.0
ATOM,3993.0,CA,TRP,255.0,2.363,15.609,12.751,0.07,2.275,0.0
ATOM,3994.0,C,TRP,255.0,1.907,16.053,11.372,0.51,2.0,0.0
ATOM,3995.0,O,TRP,255.0,2.737,16.242,10.463,-0.51,1.7,1.75
ATOM,3996.0,CB,TRP,255.0,2.081,14.101,12.882,-0.18,2.175,0.0
ATOM,3997.0,CG,TRP,255.0,3.055,13.352,13.721,-0.03,1.9924,0.0
ATOM,3998.0,CD1,TRP,255.0,3.884,12.339,13.307,0.035,1.9924,0.0
ATOM,3999.0,CD2,TRP,255.0,3.308,13.517,15.145,-0.02,1.8,0.0
ATOM,4000.0,NE1,TRP,255.0,4.654,11.905,14.363,-0.61,1.85,0.0
ATOM,4001.0,CE2,TRP,255.0,4.315,12.587,15.501,0.13,1.8,0.0
ATOM,4002.0,CE3,TRP,255.0,2.781,14.353,16.154,-0.115,1.9924,0.0
ATOM,4003.0,CZ2,TRP,255.0,4.83,12.487,16.818,-0.115,1.9924,0.0
ATOM,4004.0,CZ3,TRP,255.0,3.278,14.239,17.478,-0.115,1.9924,0.0
ATOM,4005.0,CH2,TRP,255.0,4.292,13.331,17.787,-0.115,1.9924,0.0
ATOM,4006.0,H,TRP,255.0,0.776,16.156,14.195,0.31,0.2245,0.0
ATOM,4007.0,HA,TRP,255.0,3.358,15.776,12.816,0.09,1.32,0.0
ATOM,4008.0,HB2,TRP,255.0,1.177,13.984,13.29,0.09,1.32,0.0
ATOM,4009.0,HB3,TRP,255.0,2.095,13.697,11.969,0.09,1.32,0.0
ATOM,4010.0,HD1,TRP,255.0,3.923,11.973,12.383,0.115,1.3582,0.0
ATOM,4011.0,HE1,TRP,255.0,5.361,11.192,14.306,0.38,0.2245,0.0
ATOM,4012.0,HE3,TRP,255.0,2.072,15.018,15.954,0.115,1.3582,0.0
ATOM,4013.0,HZ2,TRP,255.0,5.551,11.831,17.027,0.115,1.3582,0.0
ATOM,4014.0,HZ3,TRP,255.0,2.886,14.82,18.177,0.115,1.3582,0.0
ATOM,4015.0,HH2,TRP,255.0,4.641,13.284,18.72,0.115,1.3582,0.0
ATOM,4016.0,N,TYR,256.0,0.592,16.18,11.216,-0.47,1.85,0.0
ATOM,4017.0,CA,TYR,256.0,-0.012,16.209,9.882,0.07,2.275,0.04
ATOM,4018.0,C,TYR,256.0,-0.666,17.553,9.516,0.51,2.0,0.5
ATOM,4019.0,O,TYR,256.0,-0.432,18.078,8.411,-0.51,1.7,15.98
ATOM,4020.0,CB,TYR,256.0,-0.953,15.003,9.725,-0.18,2.175,12.52
ATOM,4021.0,CG,TYR,256.0,-0.289,13.659,10.034,0.0,1.9924,0.49
ATOM,4022.0,CD1,TYR,256.0,0.806,13.204,9.292,-0.115,1.9924,8.07
ATOM,4023.0,CD2,TYR,256.0,-0.759,12.834,11.066,-0.115,1.9924,4.88
ATOM,4024.0,CE1,TYR,256.0,1.423,11.947,9.569,-0.115,1.9924,9.88
ATOM,4025.0,CE2,TYR,256.0,-0.137,11.579,11.359,-0.115,1.9924,9.33
ATOM,4026.0,CZ,TYR,256.0,0.956,11.157,10.62,0.11,1.9924,1.45
ATOM,4027.0,OH,TYR,256.0,1.571,9.943,10.893,-0.54,1.77,13.41
ATOM,4028.0,H,TYR,256.0,0.049,16.254,12.092,0.31,0.2245,0.0
ATOM,4029.0,HA,TYR,256.0,0.72,16.026,9.199,0.09,1.32,0.0
ATOM,4030.0,HB2,TYR,256.0,-1.717,15.118,10.35,0.09,1.32,0.16
ATOM,4031.0,HB3,TYR,256.0,-1.273,14.976,8.785,0.09,1.32,10.14
ATOM,4032.0,HD1,TYR,256.0,1.175,13.758,8.55,0.115,1.3582,1.79
ATOM,4033.0,HD2,TYR,256.0,-1.538,13.115,11.613,0.115,1.3582,0.0
ATOM,4034.0,HE1,TYR,256.0,2.187,11.646,9.005,0.115,1.3582,3.55
ATOM,4035.0,HE2,TYR,256.0,-0.504,11.022,12.098,0.115,1.3582,3.33
ATOM,4036.0,HH,TYR,256.0,2.454,10.119,11.32,0.43,0.2245,0.0
ATOM,4037.0,N,ASP,257.0,-1.471,18.122,10.4,-0.47,1.85,0.13
ATOM,4038.0,CA,ASP,257.0,-2.044,19.455,10.132,0.07,2.275,1.65
ATOM,4039.0,C,ASP,257.0,-0.941,20.48,9.867,0.51,2.0,0.0
ATOM,4040.0,O,ASP,257.0,-1.102,21.383,9.043,-0.51,1.7,29.65
ATOM,4041.0,CB,ASP,257.0,-2.896,19.971,11.307,-0.28,2.175,10.13
ATOM,4042.0,CG,ASP,257.0,-4.083,19.082,11.632,0.62,2.0,2.97
ATOM,4043.0,OD1,ASP,257.0,-4.396,18.107,10.908,-0.76,1.7,23.17
ATOM,4044.0,OD2,ASP,257.0,-4.784,19.3,12.645,-0.76,1.7,29.11
ATOM,4045.0,H,ASP,257.0,-1.658,17.584,11.253,0.31,0.2245,0.0
ATOM,4046.0,HA,ASP,257.0,-2.585,19.376,9.289,0.09,1.32,8.81
ATOM,4047.0,HB2,ASP,257.0,-2.306,20.025,12.108,0.09,1.32,0.0
ATOM,4048.0,HB3,ASP,257.0,-3.229,20.877,11.065,0.09,1.32,9.63
ATOM,4049.0,N,LYS,258.0,0.157,20.356,10.622,-0.47,1.85,0.0
ATOM,4050.0,CA,LYS,258.0,1.33,21.23,10.513,0.07,2.275,2.15
ATOM,4051.0,C,LYS,258.0,2.372,20.669,9.517,0.51,2.0,0.83
ATOM,4052.0,O,LYS,258.0,3.452,21.237,9.387,-0.51,1.7,8.23
ATOM,4053.0,CB,LYS,258.0,1.96,21.447,11.902,-0.18,2.175,5.3
ATOM,4054.0,CG,LYS,258.0,1.13,22.361,12.828,-0.18,2.175,6.41
ATOM,4055.0,CD,LYS,258.0,1.615,22.367,14.288,-0.18,2.175,1.68
ATOM,4056.0,CE,LYS,258.0,0.579,23.067,15.198,0.21,2.175,1.42
ATOM,4057.0,NZ,LYS,258.0,0.672,24.547,15.1,-0.3,1.85,11.61
ATOM,4058.0,H,LYS,258.0,0.106,19.564,11.313,0.31,0.2245,0.0
ATOM,4059.0,HA,LYS,258.0,1.035,22.135,10.183,0.09,1.32,6.66
ATOM,4060.0,HB2,LYS,258.0,2.051,20.563,12.346,0.09,1.32,0.0
ATOM,4061.0,HB3,LYS,258.0,2.853,21.866,11.778,0.09,1.32,4.94
ATOM,4062.0,HG2,LYS,258.0,1.172,23.301,12.472,0.09,1.32,7.66
ATOM,4063.0,HG3,LYS,258.0,0.173,22.054,12.809,0.09,1.32,0.44
ATOM,4064.0,HD2,LYS,258.0,1.717,21.436,14.595,0.09,1.32,0.0
ATOM,4065.0,HD3,LYS,258.0,2.463,22.867,14.342,0.09,1.32,5.97
ATOM,4066.0,HE2,LYS,258.0,-0.334,22.768,14.92,0.05,1.32,2.5
ATOM,4067.0,HE3,LYS,258.0,0.748,22.781,16.142,0.05,1.32,0.0
ATOM,4068.0,HZ1,LYS,258.0,1.631,24.815,15.011,0.33,0.2245,13.44
ATOM,4069.0,HZ2,LYS,258.0,0.162,24.86,14.299,0.33,0.2245,15.89
ATOM,4070.0,HZ3,LYS,258.0,0.285,24.96,15.925,0.33,0.2245,14.53
ATOM,4071.0,N,GLY,259.0,2.024,19.59,8.802,-0.47,1.85,0.0
ATOM,4072.0,CA,GLY,259.0,2.927,18.942,7.841,-0.02,2.175,0.41
ATOM,4073.0,C,GLY,259.0,3.384,19.808,6.672,0.51,2.0,0.0
ATOM,4074.0,O,GLY,259.0,2.579,20.587,6.132,-0.51,1.7,22.62
ATOM,4075.0,H,GLY,259.0,1.054,19.249,8.987,0.31,0.2245,0.0
ATOM,4076.0,HA2,GLY,259.0,3.753,18.6,8.346,0.09,1.32,1.05
ATOM,4077.0,HA3,GLY,259.0,2.467,18.102,7.473,0.09,1.32,0.97
ATOM,4078.0,N,GLU,260.0,4.654,19.678,6.275,-0.47,1.85,0.0
ATOM,4079.0,CA,GLU,260.0,5.268,20.561,5.261,0.07,2.275,1.89
ATOM,4080.0,C,GLU,260.0,5.524,19.874,3.909,0.51,2.0,0.13
ATOM,4081.0,O,GLU,260.0,6.138,20.474,2.991,-0.51,1.7,16.27
ATOM,4082.0,CB,GLU,260.0,6.591,21.147,5.752,-0.18,2.175,0.9
ATOM,4083.0,CG,GLU,260.0,6.554,21.82,7.105,-0.28,2.175,1.3
ATOM,4084.0,CD,GLU,260.0,7.896,22.363,7.551,0.62,2.0,0.0
ATOM,4085.0,OE1,GLU,260.0,8.919,21.642,7.503,-0.76,1.7,2.42
ATOM,4086.0,OE2,GLU,260.0,7.941,23.539,7.975,-0.76,1.7,24.73
ATOM,4087.0,H,GLU,260.0,5.176,18.905,6.738,0.31,0.2245,0.0
ATOM,4088.0,HA,GLU,260.0,4.667,21.368,5.116,0.09,1.32,6.95
ATOM,4089.0,HB2,GLU,260.0,7.246,20.402,5.804,0.09,1.32,0.0
ATOM,4090.0,HB3,GLU,260.0,6.883,21.823,5.087,0.09,1.32,0.07
ATOM,4091.0,HG2,GLU,260.0,5.928,22.582,7.057,0.09,1.32,8.65
ATOM,4092.0,HG3,GLU,260.0,6.266,21.156,7.777,0.09,1.32,0.0
ATOM,4093.0,N,CYS,261.0,5.032,18.642,3.785,-0.47,1.85,0.0
ATOM,4094.0,CA,CYS,261.0,5.329,17.811,2.629,0.07,2.275,3.23
ATOM,4095.0,C,CYS,261.0,4.063,17.472,1.821,0.51,2.0,2.01
ATOM,4096.0,O,CYS,261.0,4.008,16.446,1.147,-0.51,1.7,25.23
ATOM,4097.0,CB,CYS,261.0,6.121,16.569,3.067,-0.1,2.175,3.4
ATOM,4098.0,SG,CYS,261.0,7.692,17.077,3.815,-0.08,1.975,0.0
ATOM,4099.0,H,CYS,261.0,4.429,18.335,4.574,0.31,0.2245,0.0
ATOM,4100.0,HA,CYS,261.0,5.953,18.319,2.019,0.09,1.32,2.76
ATOM,4101.0,HB2,CYS,261.0,5.6,16.091,3.74,0.09,1.32,0.0
ATOM,4102.0,HB3,CYS,261.0,6.317,16.032,2.275,0.09,1.32,3.56
ATOM,4103.0,N,GLY,262.0,3.055,18.347,1.907,-0.47,1.85,3.02
ATOM,4104.0,CA,GLY,262.0,1.837,18.221,1.105,-0.02,2.175,23.89
ATOM,4105.0,C,GLY,262.0,0.713,17.465,1.791,0.34,2.0,4.94
ATOM,4106.0,O,GLY,262.0,0.818,17.132,2.994,-0.67,1.7,22.44
ATOM,4107.0,OXT,GLY,262.0,-0.373,17.081,1.365,-0.67,1.7,47.74
ATOM,4108.0,H,GLY,262.0,3.212,19.118,2.589,0.31,0.2245,3.33
ATOM,4109.0,HA2,GLY,262.0,1.509,19.155,0.854,0.09,1.32,12.62
ATOM,4110.0,HA3,GLY,262.0,2.067,17.755,0.226,0.09,1.32,9.22
