atom,serial,name,resname,resid,x,y,z,charges,radius,sasa
ATOM,1.0,N,GLN,0,66.629,-46.776,-89.788,-0.3,1.85,0.9
ATOM,2.0,CA,GLN,0,65.359,-47.503,-90.102,0.21,2.275,4.89
ATOM,3.0,C,GLN,0,64.486,-47.628,-88.851,0.51,2.0,0.04
ATOM,4.0,O,GLN,0,63.299,-47.970,-88.932,-0.51,1.7,18.5
ATOM,5.0,CB,GLN,0,65.678,-48.899,-90.643,-0.18,2.175,1.52
ATOM,6.0,CG,GLN,0,64.515,-49.582,-91.345,-0.18,2.175,12.82
ATOM,7.0,CD,GLN,0,64.947,-50.848,-92.065,0.55,2.0,2.73
ATOM,8.0,H,GLN,0,67.402,-47.351,-90.039,0.33,0.2245,0.0
ATOM,9.0,HA,GLN,0,64.863,-46.954,-90.776,0.1,1.32,10.13
ATOM,10.0,HB2,GLN,0,66.436,-48.824,-91.296,0.09,1.32,4.15
ATOM,11.0,HB3,GLN,0,65.965,-49.482,-89.877,0.09,1.32,0.0
ATOM,12.0,HG2,GLN,0,63.826,-49.823,-90.666,0.09,1.32,5.36
ATOM,13.0,HG3,GLN,0,64.128,-48.952,-92.014,0.09,1.32,8.28
ATOM,14.0,H2,GLN,0,66.654,-45.927,-90.308,0.33,0.2245,12.42
ATOM,15.0,H3,GLN,0,66.656,-46.577,-88.813,0.33,0.2245,0.0
ATOM,16.0,OE1,GLN,0,64.817,-51.950,-91.531,-0.55,1.7,36.18
ATOM,17.0,NE2,GLN,0,65.479,-50.695,-93.278,-0.62,1.85,26.02
ATOM,18.0,HE21,GLN,0,65.802,-51.494,-93.809,0.32,0.2245,21.76
ATOM,19.0,HE22,GLN,0,65.554,-49.754,-93.662,0.3,0.2245,16.16
ATOM,20.0,N,MET,0A,64.75,-47.132,-88.061,-0.47,1.85,0.0
ATOM,21.0,CA,MET,0A,64.012,-47.165,-86.803,0.07,2.275,0.29
ATOM,22.0,C,MET,0A,63.274,-45.845,-86.534,0.51,2.0,0.0
ATOM,23.0,O,MET,0A,63.355,-44.900,-87.322,-0.51,1.7,16.56
ATOM,24.0,CB,MET,0A,64.994,-47.444,-85.676,-0.18,2.175,1.51
ATOM,25.0,CG,MET,0A,65.907,-48.617,-85.957,-0.14,2.175,0.86
ATOM,26.0,SD,MET,0A,67.424,-48.545,-84.986,-0.09,2.0,0.0
ATOM,27.0,CE,MET,0A,66.908,-49.235,-83.471,-0.22,2.06,20.2
ATOM,28.0,H,MET,0A,65.651,-46.479,-88.027,0.31,0.2245,0.0
ATOM,29.0,HA,MET,0A,63.319,-47.896,-86.861,0.09,1.32,5.44
ATOM,30.0,HB2,MET,0A,65.562,-46.626,-85.524,0.09,1.32,0.0
ATOM,31.0,HB3,MET,0A,64.48,-47.634,-84.831,0.09,1.32,1.47
ATOM,32.0,HG2,MET,0A,65.397,-49.484,-85.765,0.09,1.32,7.78
ATOM,33.0,HG3,MET,0A,66.12,-48.636,-86.958,0.09,1.32,0.0
ATOM,34.0,HE1,MET,0A,67.58,-49.045,-82.742,0.09,1.32,0.24
ATOM,35.0,HE2,MET,0A,66.019,-48.851,-83.185,0.09,1.32,0.87
ATOM,36.0,HE3,MET,0A,66.805,-50.236,-83.548,0.09,1.32,9.94
ATOM,37.0,N,ASN,0B,62.562,-45.775,-85.414,-0.47,1.85,0.0
ATOM,38.0,CA,ASN,0B,61.816,-44.571,-85.057,0.07,2.275,0.0
ATOM,39.0,C,ASN,0B,62.381,-43.913,-83.807,0.51,2.0,0.0
ATOM,40.0,O,ASN,0B,62.353,-44.485,-82.723,-0.51,1.7,0.0
ATOM,41.0,CB,ASN,0B,60.342,-44.912,-84.841,-0.18,2.175,0.94
ATOM,42.0,CG,ASN,0B,59.694,-45.510,-86.083,0.55,2.0,2.14
ATOM,43.0,H,ASN,0B,62.582,-46.631,-84.828,0.31,0.2245,3.82
ATOM,44.0,HA,ASN,0B,61.931,-43.915,-85.815,0.09,1.32,2.13
ATOM,45.0,HB2,ASN,0B,60.275,-45.574,-84.101,0.09,1.32,0.0
ATOM,46.0,HB3,ASN,0B,59.855,-44.077,-84.603,0.09,1.32,0.0
ATOM,47.0,OD1,ASN,0B,59.615,-44.859,-87.131,-0.55,1.7,32.51
ATOM,48.0,ND2,ASN,0B,59.225,-46.756,-85.972,-0.62,1.85,19.71
ATOM,49.0,HD22,ASN,0B,59.309,-47.236,-85.097,0.3,0.2245,9.65
ATOM,50.0,HD21,ASN,0B,58.796,-47.200,-86.752,0.32,0.2245,21.16
ATOM,51.0,N,TYR,0C,62.885,-42.697,-83.971,-0.47,1.85,0.0
ATOM,52.0,CA,TYR,0C,63.479,-41.943,-82.877,0.07,2.275,0.0
ATOM,53.0,C,TYR,0C,62.599,-41.896,-81.641,0.51,2.0,0.0
ATOM,54.0,O,TYR,0C,63.047,-42.198,-80.538,-0.51,1.7,0.0
ATOM,55.0,CB,TYR,0C,63.781,-40.505,-83.318,-0.18,2.175,2.99
ATOM,56.0,CG,TYR,0C,64.513,-39.717,-82.258,0.0,1.9924,0.0
ATOM,57.0,CD1,TYR,0C,65.884,-39.872,-82.084,-0.115,1.9924,0.0
ATOM,58.0,CD2,TYR,0C,63.825,-38.895,-81.362,-0.115,1.9924,0.16
ATOM,59.0,CE1,TYR,0C,66.557,-39.240,-81.039,-0.115,1.9924,0.0
ATOM,60.0,CE2,TYR,0C,64.486,-38.258,-80.315,-0.115,1.9924,0.14
ATOM,61.0,CZ,TYR,0C,65.856,-38.440,-80.16,0.11,1.9924,0.0
ATOM,62.0,OH,TYR,0C,66.53,-37.847,-79.122,-0.54,1.77,0.0
ATOM,63.0,H,TYR,0C,62.819,-42.330,-84.947,0.31,0.2245,6.78
ATOM,64.0,HA,TYR,0C,64.355,-42.391,-82.623,0.09,1.32,0.0
ATOM,65.0,HB2,TYR,0C,64.348,-40.542,-84.13,0.09,1.32,0.0
ATOM,66.0,HB3,TYR,0C,62.92,-40.052,-83.507,0.09,1.32,3.68
ATOM,67.0,HD1,TYR,0C,66.403,-40.448,-82.719,0.115,1.3582,0.0
ATOM,68.0,HD2,TYR,0C,62.843,-38.762,-81.475,0.115,1.3582,5.67
ATOM,69.0,HE1,TYR,0C,67.545,-39.368,-80.932,0.115,1.3582,0.0
ATOM,70.0,HE2,TYR,0C,63.982,-37.677,-79.681,0.115,1.3582,1.05
ATOM,71.0,HH,TYR,0C,65.885,-37.324,-78.566,0.43,0.2245,0.0
ATOM,72.0,N,GLU,0D,61.344,-41.503,-81.835,-0.47,1.85,0.0
ATOM,73.0,CA,GLU,0D,60.391,-41.371,-80.74,0.07,2.275,0.37
ATOM,74.0,C,GLU,0D,60.235,-42.634,-79.913,0.51,2.0,0.0
ATOM,75.0,O,GLU,0D,60.014,-42.567,-78.706,-0.51,1.7,0.24
ATOM,76.0,CB,GLU,0D,59.024,-40.934,-81.27,-0.18,2.175,16.93
ATOM,77.0,CG,GLU,0D,58.391,-41.872,-82.3,-0.28,2.175,7.88
ATOM,78.0,CD,GLU,0D,58.943,-41.687,-83.716,0.62,2.0,0.83
ATOM,79.0,OE1,GLU,0D,60.042,-42.209,-84.013,-0.76,1.7,2.36
ATOM,80.0,OE2,GLU,0D,58.274,-41.006,-84.528,-0.76,1.7,44.36
ATOM,81.0,H,GLU,0D,61.103,-41.299,-82.829,0.31,0.2245,0.15
ATOM,82.0,HA,GLU,0D,60.68,-40.604,-80.133,0.09,1.32,2.36
ATOM,83.0,HB2,GLU,0D,58.405,-40.881,-80.501,0.09,1.32,3.43
ATOM,84.0,HB3,GLU,0D,59.135,-40.053,-81.704,0.09,1.32,8.38
ATOM,85.0,HG2,GLU,0D,58.581,-42.798,-82.03,0.09,1.32,0.0
ATOM,86.0,HG3,GLU,0D,57.426,-41.686,-82.335,0.09,1.32,10.4
ATOM,87.0,N,GLU,0E,60.353,-43.786,-80.557,-0.47,1.85,0.0
ATOM,88.0,CA,GLU,0E,60.222,-45.049,-79.848,0.07,2.275,0.26
ATOM,89.0,C,GLU,0E,61.52,-45.415,-79.148,0.51,2.0,0.24
ATOM,90.0,O,GLU,0E,61.513,-45.919,-78.029,-0.51,1.7,2.61
ATOM,91.0,CB,GLU,0E,59.809,-46.152,-80.826,-0.18,2.175,11.08
ATOM,92.0,CG,GLU,0E,58.466,-45.883,-81.504,-0.28,2.175,6.42
ATOM,93.0,CD,GLU,0E,57.298,-45.808,-80.511,0.62,2.0,3.18
ATOM,94.0,OE1,GLU,0E,57.39,-45.053,-79.512,-0.76,1.7,4.12
ATOM,95.0,OE2,GLU,0E,56.28,-46.503,-80.735,-0.76,1.7,48.55
ATOM,96.0,H,GLU,0E,60.539,-43.710,-81.57,0.31,0.2245,0.0
ATOM,97.0,HA,GLU,0E,59.481,-44.982,-79.168,0.09,1.32,0.0
ATOM,98.0,HB2,GLU,0E,60.49,-46.201,-81.529,0.09,1.32,0.13
ATOM,99.0,HB3,GLU,0E,59.723,-46.986,-80.321,0.09,1.32,9.25
ATOM,100.0,HG2,GLU,0E,58.518,-45.015,-81.959,0.09,1.32,0.0
ATOM,101.0,HG3,GLU,0E,58.276,-46.622,-82.121,0.09,1.32,5.22
ATOM,102.0,N,VAL,0F,62.636,-45.145,-79.808,-0.47,1.85,0.0
ATOM,103.0,CA,VAL,0F,63.938,-45.452,-79.248,0.07,2.275,0.26
ATOM,104.0,C,VAL,0F,64.302,-44.542,-78.083,0.51,2.0,0.0
ATOM,105.0,O,VAL,0F,64.617,-45.016,-76.999,-0.51,1.7,0.0
ATOM,106.0,CB,VAL,0F,65.03,-45.353,-80.326,-0.09,2.275,0.0
ATOM,107.0,CG1,VAL,0F,66.401,-45.512,-79.699,-0.27,2.06,0.04
ATOM,108.0,CG2,VAL,0F,64.804,-46.422,-81.382,-0.27,2.06,8.08
ATOM,109.0,H,VAL,0F,62.499,-44.705,-80.739,0.31,0.2245,0.0
ATOM,110.0,HA,VAL,0F,63.917,-46.405,-78.901,0.09,1.32,1.64
ATOM,111.0,HB,VAL,0F,64.989,-44.438,-80.714,0.09,1.32,0.0
ATOM,112.0,HG11,VAL,0F,66.783,-44.611,-79.49,0.09,1.32,0.0
ATOM,113.0,HG12,VAL,0F,66.326,-46.043,-78.854,0.09,1.32,0.0
ATOM,114.0,HG13,VAL,0F,67.009,-45.989,-80.335,0.09,1.32,0.0
ATOM,115.0,HG21,VAL,0F,64.903,-46.016,-82.291,0.09,1.32,0.0
ATOM,116.0,HG22,VAL,0F,65.479,-47.151,-81.265,0.09,1.32,1.13
ATOM,117.0,HG23,VAL,0F,63.883,-46.798,-81.281,0.09,1.32,2.96
ATOM,118.0,N,ILE,0G,64.257,-43.237,-78.298,-0.47,1.85,0.0
ATOM,119.0,CA,ILE,0G,64.607,-42.292,-77.244,0.07,2.275,0.0
ATOM,120.0,C,ILE,0G,63.807,-42.596,-75.98,0.51,2.0,0.0
ATOM,121.0,O,ILE,0G,64.277,-42.384,-74.865,-0.51,1.7,0.0
ATOM,122.0,CB,ILE,0G,64.322,-40.836,-77.689,-0.09,2.275,0.0
ATOM,123.0,CG1,ILE,0G,65.035,-39.837,-76.766,-0.18,2.175,0.0
ATOM,124.0,CG2,ILE,0G,62.825,-40.585,-77.673,-0.27,2.06,9.7
ATOM,125.0,CD1,ILE,0G,66.558,-39.898,-76.806,-0.27,2.06,0.0
ATOM,126.0,H,ILE,0G,63.962,-42.954,-79.247,0.31,0.2245,0.0
ATOM,127.0,HA,ILE,0G,65.569,-42.461,-77.021,0.09,1.32,0.0
ATOM,128.0,HB,ILE,0G,64.686,-40.722,-78.606,0.09,1.32,0.0
ATOM,129.0,HG12,ILE,0G,64.744,-38.912,-77.017,0.09,1.32,0.0
ATOM,130.0,HG13,ILE,0G,64.736,-40.013,-75.825,0.09,1.32,0.0
ATOM,131.0,HG21,ILE,0G,62.637,-39.656,-77.99,0.09,1.32,3.15
ATOM,132.0,HG22,ILE,0G,62.369,-41.239,-78.276,0.09,1.32,0.0
ATOM,133.0,HG23,ILE,0G,62.476,-40.694,-76.743,0.09,1.32,1.8
ATOM,134.0,HD11,ILE,0G,66.867,-39.706,-77.734,0.09,1.32,0.0
ATOM,135.0,HD12,ILE,0G,66.928,-39.217,-76.178,0.09,1.32,0.0
ATOM,136.0,HD13,ILE,0G,66.855,-40.809,-76.531,0.09,1.32,0.0
ATOM,137.0,N,LYS,0H,62.601,-43.111,-76.174,-0.47,1.85,0.0
ATOM,138.0,CA,LYS,0H,61.689,-43.443,-75.086,0.07,2.275,0.16
ATOM,139.0,C,LYS,0H,62.267,-44.439,-74.074,0.51,2.0,0.0
ATOM,140.0,O,LYS,0H,62.213,-44.217,-72.858,-0.51,1.7,4.27
ATOM,141.0,CB,LYS,0H,60.406,-44.002,-75.694,-0.18,2.175,0.0
ATOM,142.0,CG,LYS,0H,59.194,-43.948,-74.805,-0.18,2.175,10.35
ATOM,143.0,CD,LYS,0H,57.942,-44.011,-75.666,-0.18,2.175,14.52
ATOM,144.0,CE,LYS,0H,57.849,-42.795,-76.601,0.21,2.175,9.45
ATOM,145.0,NZ,LYS,0H,56.732,-42.894,-77.599,-0.3,1.85,9.35
ATOM,146.0,H,LYS,0H,62.356,-43.261,-77.184,0.31,0.2245,0.0
ATOM,147.0,HA,LYS,0H,61.447,-42.588,-74.588,0.09,1.32,3.66
ATOM,148.0,HB2,LYS,0H,60.21,-43.483,-76.533,0.09,1.32,0.0
ATOM,149.0,HB3,LYS,0H,60.577,-44.962,-75.946,0.09,1.32,0.16
ATOM,150.0,HG2,LYS,0H,59.197,-44.726,-74.189,0.09,1.32,8.35
ATOM,151.0,HG3,LYS,0H,59.19,-43.096,-74.296,0.09,1.32,6.39
ATOM,152.0,HD2,LYS,0H,57.972,-44.830,-76.225,0.09,1.32,4.53
ATOM,153.0,HD3,LYS,0H,57.142,-44.013,-75.08,0.09,1.32,11.44
ATOM,154.0,HE2,LYS,0H,57.715,-41.969,-76.041,0.05,1.32,11.29
ATOM,155.0,HE3,LYS,0H,58.722,-42.703,-77.095,0.05,1.32,0.0
ATOM,156.0,HZ1,LYS,0H,56.211,-42.044,-77.589,0.33,0.2245,19.46
ATOM,157.0,HZ2,LYS,0H,57.119,-43.045,-78.506,0.33,0.2245,0.42
ATOM,158.0,HZ3,LYS,0H,56.141,-43.658,-77.351,0.33,0.2245,11.86
ATOM,159.0,N,LYS,0I,62.818,-45.534,-74.584,-0.47,1.85,0.0
ATOM,160.0,CA,LYS,0I,63.395,-46.569,-73.74,0.07,2.275,0.68
ATOM,161.0,C,LYS,0I,64.743,-46.195,-73.15,0.51,2.0,0.0
ATOM,162.0,O,LYS,0I,65.167,-46.767,-72.15,-0.51,1.7,30.92
ATOM,163.0,CB,LYS,0I,63.528,-47.865,-74.538,-0.18,2.175,1.73
ATOM,164.0,CG,LYS,0I,62.179,-48.458,-74.933,-0.18,2.175,9.53
ATOM,165.0,CD,LYS,0I,62.307,-49.658,-75.87,-0.18,2.175,9.28
ATOM,166.0,CE,LYS,0I,62.998,-50.855,-75.216,0.21,2.175,16.41
ATOM,167.0,NZ,LYS,0I,62.959,-52.073,-76.098,-0.3,1.85,14.51
ATOM,168.0,H,LYS,0I,62.801,-45.586,-75.624,0.31,0.2245,0.0
ATOM,169.0,HA,LYS,0I,62.749,-46.763,-72.975,0.09,1.32,8.18
ATOM,170.0,HB2,LYS,0I,64.038,-47.672,-75.367,0.09,1.32,0.0
ATOM,171.0,HB3,LYS,0I,64.009,-48.530,-73.979,0.09,1.32,3.94
ATOM,172.0,HG2,LYS,0I,61.695,-48.750,-74.101,0.09,1.32,9.47
ATOM,173.0,HG3,LYS,0I,61.632,-47.750,-75.391,0.09,1.32,0.61
ATOM,174.0,HD2,LYS,0I,61.392,-49.940,-76.156,0.09,1.32,10.78
ATOM,175.0,HD3,LYS,0I,62.84,-49.386,-76.67,0.09,1.32,4.37
ATOM,176.0,HE2,LYS,0I,63.953,-50.618,-75.032,0.05,1.32,6.25
ATOM,177.0,HE3,LYS,0I,62.537,-51.065,-74.353,0.05,1.32,10.02
ATOM,178.0,HZ1,LYS,0I,63.069,-51.789,-77.047,0.33,0.2245,16.27
ATOM,179.0,HZ2,LYS,0I,63.701,-52.685,-75.837,0.33,0.2245,20.2
ATOM,180.0,HZ3,LYS,0I,62.082,-52.531,-75.979,0.33,0.2245,19.49
ATOM,181.0,N,TYR,0J,65.414,-45.231,-73.765,-0.47,1.85,0.0
ATOM,182.0,CA,TYR,0J,66.724,-44.793,-73.301,0.07,2.275,0.85
ATOM,183.0,C,TYR,0J,66.672,-43.526,-72.47,0.51,2.0,1.52
ATOM,184.0,O,TYR,0J,67.627,-43.191,-71.779,-0.51,1.7,14.95
ATOM,185.0,CB,TYR,0J,67.637,-44.552,-74.492,-0.18,2.175,0.0
ATOM,186.0,CG,TYR,0J,68.075,-45.807,-75.189,0.0,1.9924,0.0
ATOM,187.0,CD1,TYR,0J,69.265,-46.443,-74.837,-0.115,1.9924,4.87
ATOM,188.0,CD2,TYR,0J,67.306,-46.358,-76.207,-0.115,1.9924,0.13
ATOM,189.0,CE1,TYR,0J,69.683,-47.596,-75.488,-0.115,1.9924,9.91
ATOM,190.0,CE2,TYR,0J,67.711,-47.514,-76.863,-0.115,1.9924,3.69
ATOM,191.0,CZ,TYR,0J,68.899,-48.128,-76.5,0.11,1.9924,1.79
ATOM,192.0,OH,TYR,0J,69.288,-49.275,-77.147,-0.54,1.77,10.86
ATOM,193.0,H,TYR,0J,64.934,-44.822,-74.591,0.31,0.2245,0.0
ATOM,194.0,HA,TYR,0J,67.118,-45.533,-72.725,0.09,1.32,4.94
ATOM,195.0,HB2,TYR,0J,67.15,-43.980,-75.151,0.09,1.32,0.0
ATOM,196.0,HB3,TYR,0J,68.452,-44.071,-74.17,0.09,1.32,0.0
ATOM,197.0,HD1,TYR,0J,69.829,-46.062,-74.102,0.115,1.3582,1.01
ATOM,198.0,HD2,TYR,0J,66.45,-45.919,-76.471,0.115,1.3582,0.0
ATOM,199.0,HE1,TYR,0J,70.541,-48.039,-75.229,0.115,1.3582,1.67
ATOM,200.0,HE2,TYR,0J,67.149,-47.900,-77.593,0.115,1.3582,6.6
ATOM,201.0,HH,TYR,0J,70.083,-49.661,-76.683,0.43,0.2245,5.69
ATOM,202.0,N,ARG,0K,65.554,-42.821,-72.546,-0.47,1.85,0.08
ATOM,203.0,CA,ARG,0K,65.383,-41.569,-71.822,0.07,2.275,0.0
ATOM,204.0,C,ARG,0K,64.282,-41.687,-70.777,0.51,2.0,1.36
ATOM,205.0,O,ARG,0K,64.502,-41.396,-69.597,-0.51,1.7,5.2
ATOM,206.0,CB,ARG,0K,65.06,-40.453,-72.829,-0.18,2.175,0.0
ATOM,207.0,CG,ARG,0K,64.224,-39.284,-72.321,-0.18,2.175,4.74
ATOM,208.0,CD,ARG,0K,64.992,-38.446,-71.34,0.2,2.175,0.0
ATOM,209.0,NE,ARG,0K,64.421,-37.110,-71.176,-0.7,1.85,1.14
ATOM,210.0,CZ,ARG,0K,64.298,-36.218,-72.157,0.64,2.0,0.59
ATOM,211.0,NH1,ARG,0K,64.051,-36.468,-73.431,-0.8,1.85,8.17
ATOM,212.0,NH2,ARG,0K,64.041,-35.010,-71.648,-0.8,1.85,12.29
ATOM,213.0,H,ARG,0K,64.819,-43.232,-73.158,0.31,0.2245,0.0
ATOM,214.0,HA,ARG,0K,66.247,-41.342,-71.355,0.09,1.32,0.0
ATOM,215.0,HB2,ARG,0K,65.933,-40.083,-73.17,0.09,1.32,0.0
ATOM,216.0,HB3,ARG,0K,64.569,-40.869,-73.604,0.09,1.32,0.0
ATOM,217.0,HG2,ARG,0K,63.96,-38.711,-73.094,0.09,1.32,0.0
ATOM,218.0,HG3,ARG,0K,63.409,-39.639,-71.869,0.09,1.32,0.0
ATOM,219.0,HD2,ARG,0K,64.989,-38.910,-70.454,0.09,1.32,0.0
ATOM,220.0,HD3,ARG,0K,65.934,-38.358,-71.667,0.09,1.32,0.0
ATOM,221.0,HE,ARG,0K,64.099,-36.846,-70.259,0.44,0.2245,0.1
ATOM,222.0,HH11,ARG,0K,63.925,-37.450,-73.676,0.46,0.2245,0.9
ATOM,223.0,HH12,ARG,0K,63.991,-35.761,-74.099,0.46,0.2245,2.14
ATOM,224.0,HH21,ARG,0K,63.929,-34.769,-70.715,0.46,0.2245,0.13
ATOM,225.0,HH22,ARG,0K,63.948,-34.227,-72.34,0.46,0.2245,11.97
ATOM,226.0,N,GLY,0L,63.105,-42.133,-71.214,-0.47,1.85,0.23
ATOM,227.0,CA,GLY,0L,61.977,-42.256,-70.308,-0.02,2.175,16.6
ATOM,228.0,C,GLY,0L,61.762,-40.915,-69.631,0.51,2.0,1.87
ATOM,229.0,O,GLY,0L,61.448,-39.918,-70.291,-0.51,1.7,19.92
ATOM,230.0,H,GLY,0L,63.072,-42.373,-72.217,0.31,0.2245,0.0
ATOM,231.0,HA2,GLY,0L,61.158,-42.506,-70.819,0.09,1.32,4.87
ATOM,232.0,HA3,GLY,0L,62.171,-42.950,-69.619,0.09,1.32,7.96
ATOM,233.0,N,GLU,0M,61.945,-40.883,-68.314,-0.47,1.85,2.44
ATOM,234.0,CA,GLU,0M,61.788,-39.644,-67.558,0.07,2.275,2.21
ATOM,235.0,C,GLU,0M,63.103,-38.856,-67.554,0.51,2.0,0.0
ATOM,236.0,O,GLU,0M,63.223,-37.820,-68.213,-0.51,1.7,4.44
ATOM,237.0,CB,GLU,0M,61.37,-39.948,-66.115,-0.18,2.175,7.41
ATOM,238.0,CG,GLU,0M,61.136,-38.696,-65.269,-0.28,2.175,12.76
ATOM,239.0,CD,GLU,0M,60.944,-39.000,-63.792,0.62,2.0,6.43
ATOM,240.0,OE1,GLU,0M,60.581,-38.067,-63.04,-0.76,1.7,45.34
ATOM,241.0,OE2,GLU,0M,61.16,-40.163,-63.384,-0.76,1.7,40.28
ATOM,242.0,H,GLU,0M,62.201,-41.789,-67.884,0.31,0.2245,8.93
ATOM,243.0,HA,GLU,0M,61.067,-39.082,-67.97,0.09,1.32,7.3
ATOM,244.0,HB2,GLU,0M,60.525,-40.446,-66.146,0.09,1.32,10.38
ATOM,245.0,HB3,GLU,0M,62.094,-40.458,-65.693,0.09,1.32,2.12
ATOM,246.0,HG2,GLU,0M,61.927,-38.118,-65.354,0.09,1.32,0.0
ATOM,247.0,HG3,GLU,0M,60.318,-38.257,-65.591,0.09,1.32,10.4
ATOM,248.0,N,GLU,0N,64.077,-39.367,-66.801,-0.47,1.85,0.0
ATOM,249.0,CA,GLU,0N,65.401,-38.763,-66.657,0.07,2.275,1.42
ATOM,250.0,C,GLU,0N,65.54,-37.397,-67.334,0.51,2.0,0.0
ATOM,251.0,O,GLU,0N,66.013,-37.310,-68.464,-0.51,1.7,0.0
ATOM,252.0,CB,GLU,0N,66.462,-39.753,-67.174,-0.18,2.175,1.02
ATOM,253.0,CG,GLU,0N,67.642,-39.177,-66.391,-0.28,2.175,14.68
ATOM,254.0,CD,GLU,0N,68.47,-40.427,-66.583,0.62,2.0,4.92
ATOM,255.0,OE1,GLU,0N,67.781,-41.198,-67.25,-0.76,1.7,17.58
ATOM,256.0,OE2,GLU,0N,69.667,-40.595,-66.395,-0.76,1.7,30.96
ATOM,257.0,H,GLU,0N,63.808,-40.259,-66.309,0.31,0.2245,5.8
ATOM,258.0,HA,GLU,0N,65.622,-38.667,-65.667,0.09,1.32,6.07
ATOM,259.0,HB2,GLU,0N,66.268,-40.580,-66.822,0.09,1.32,3.52
ATOM,260.0,HB3,GLU,0N,66.601,-39.575,-68.065,0.09,1.32,0.0
ATOM,261.0,HG2,GLU,0N,68.014,-38.512,-66.893,0.09,1.32,0.09
ATOM,262.0,HG3,GLU,0N,67.402,-39.130,-65.512,0.09,1.32,5.57
ATOM,263.0,N,ASN,0O,65.129,-36.327,-66.659,-0.47,1.85,0.29
ATOM,264.0,CA,ASN,0O,65.257,-35.004,-67.265,0.07,2.275,0.0
ATOM,265.0,C,ASN,0O,66.737,-34.641,-67.252,0.51,2.0,0.09
ATOM,266.0,O,ASN,0O,67.492,-35.156,-66.423,-0.51,1.7,17.54
ATOM,267.0,CB,ASN,0O,64.449,-33.957,-66.494,-0.18,2.175,15.64
ATOM,268.0,CG,ASN,0O,63.836,-32.916,-67.413,0.55,2.0,2.2
ATOM,269.0,H,ASN,0O,64.738,-36.504,-65.732,0.31,0.2245,7.67
ATOM,270.0,HA,ASN,0O,64.984,-35.087,-68.216,0.09,1.32,0.0
ATOM,271.0,HB2,ASN,0O,63.717,-34.421,-66.007,0.09,1.32,6.57
ATOM,272.0,HB3,ASN,0O,65.057,-33.499,-65.855,0.09,1.32,6.68
ATOM,273.0,OD1,ASN,0O,62.829,-33.175,-68.074,-0.55,1.7,30.65
ATOM,274.0,ND2,ASN,0O,64.455,-31.743,-67.48,-0.62,1.85,15.36
ATOM,275.0,HD22,ASN,0O,65.287,-31.589,-66.942,0.3,0.2245,9.06
ATOM,276.0,HD21,ASN,0O,64.096,-31.017,-68.063,0.32,0.2245,19.08
ATOM,277.0,N,PHE,0P,67.162,-33.764,-68.161,-0.47,1.85,0.0
ATOM,278.0,CA,PHE,0P,68.575,-33.403,-68.216,0.07,2.275,2.36
ATOM,279.0,C,PHE,0P,68.866,-31.926,-68.414,0.51,2.0,1.65
ATOM,280.0,O,PHE,0P,68.001,-31.155,-68.826,-0.51,1.7,5.1
ATOM,281.0,CB,PHE,0P,69.283,-34.192,-69.322,-0.18,2.175,0.58
ATOM,282.0,CG,PHE,0P,69.037,-33.659,-70.712,0.0,1.9924,0.0
ATOM,283.0,CD1,PHE,0P,67.817,-33.861,-71.353,-0.115,1.9924,0.0
ATOM,284.0,CD2,PHE,0P,70.035,-32.955,-71.382,-0.115,1.9924,0.0
ATOM,285.0,CE1,PHE,0P,67.599,-33.370,-72.641,-0.115,1.9924,0.0
ATOM,286.0,CE2,PHE,0P,69.825,-32.463,-72.665,-0.115,1.9924,0.0
ATOM,287.0,CZ,PHE,0P,68.608,-32.671,-73.294,-0.115,1.9924,0.0
ATOM,288.0,H,PHE,0P,66.443,-33.386,-68.785,0.31,0.2245,0.0
ATOM,289.0,HA,PHE,0P,68.978,-33.664,-67.312,0.09,1.32,5.55
ATOM,290.0,HB2,PHE,0P,70.256,-34.151,-69.149,0.09,1.32,0.0
ATOM,291.0,HB3,PHE,0P,68.951,-35.123,-69.29,0.09,1.32,0.0
ATOM,292.0,HD1,PHE,0P,67.09,-34.358,-70.893,0.115,1.3582,0.0
ATOM,293.0,HD2,PHE,0P,70.916,-32.801,-70.932,0.115,1.3582,0.07
ATOM,294.0,HE1,PHE,0P,66.713,-33.527,-73.088,0.115,1.3582,1.52
ATOM,295.0,HE2,PHE,0P,70.565,-31.956,-73.133,0.115,1.3582,0.0
ATOM,296.0,HZ,PHE,0P,68.45,-32.320,-74.217,0.115,1.3582,0.15
ATOM,297.0,N,ASP,1,70.114,-31.560,-68.132,-0.47,1.85,2.82
ATOM,298.0,CA,ASP,1,70.599,-30.191,-68.256,0.07,2.275,2.17
ATOM,299.0,C,ASP,1,71.129,-29.893,-69.652,0.51,2.0,0.0
ATOM,300.0,O,ASP,1,72.14,-30.449,-70.079,-0.51,1.7,0.62
ATOM,301.0,CB,ASP,1,71.698,-29.941,-67.226,-0.28,2.175,17.24
ATOM,302.0,CG,ASP,1,72.543,-28.728,-67.56,0.62,2.0,3.36
ATOM,303.0,OD1,ASP,1,71.965,-27.667,-67.879,-0.76,1.7,16.37
ATOM,304.0,OD2,ASP,1,73.787,-28.833,-67.494,-0.76,1.7,17.82
ATOM,305.0,H,ASP,1,70.726,-32.351,-67.809,0.31,0.2245,5.71
ATOM,306.0,HA,ASP,1,69.808,-29.579,-68.103,0.09,1.32,5.08
ATOM,307.0,HB2,ASP,1,71.266,-29.796,-66.343,0.09,1.32,11.52
ATOM,308.0,HB3,ASP,1,72.284,-30.742,-67.2,0.09,1.32,6.15
ATOM,309.0,N,HIS,2,70.437,-28.994,-70.348,-0.47,1.85,0.0
ATOM,310.0,CA,HIS,2,70.796,-28.599,-71.702,0.07,2.275,0.0
ATOM,311.0,C,HIS,2,72.086,-27.790,-71.786,0.51,2.0,0.0
ATOM,312.0,O,HIS,2,72.658,-27.625,-72.863,-0.51,1.7,0.0
ATOM,313.0,CB,HIS,2,69.641,-27.815,-72.336,-0.09,2.175,0.29
ATOM,314.0,CG,HIS,2,68.472,-28.669,-72.721,-0.05,1.8,0.64
ATOM,315.0,H,HIS,2,69.614,-28.597,-69.837,0.31,0.2245,5.3
ATOM,316.0,HA,HIS,2,70.917,-29.443,-72.26,0.09,1.32,0.0
ATOM,317.0,HB2,HIS,2,69.323,-27.118,-71.684,0.09,1.32,1.54
ATOM,318.0,HB3,HIS,2,69.978,-27.350,-73.161,0.09,1.32,0.0
ATOM,319.0,ND1,HIS,2,67.823,-29.493,-71.826,-0.36,1.85,5.44
ATOM,320.0,CD2,HIS,2,67.837,-28.828,-73.909,0.22,1.8,6.84
ATOM,321.0,CE1,HIS,2,66.839,-30.123,-72.446,0.25,1.8,13.23
ATOM,322.0,NE2,HIS,2,66.826,-29.738,-73.711,-0.7,1.85,23.29
ATOM,323.0,HD1,HIS,2,68.06,-29.596,-70.861,0.32,0.2245,0.83
ATOM,324.0,HD2,HIS,2,68.061,-28.372,-74.765,0.1,1.468,0.0
ATOM,325.0,HE1,HIS,2,66.214,-30.778,-72.031,0.13,0.9,3.97
ATOM,326.0,N,ALA,3,72.556,-27.296,-70.652,-0.47,1.85,0.76
ATOM,327.0,CA,ALA,3,73.783,-26.508,-70.644,0.07,2.275,0.0
ATOM,328.0,C,ALA,3,75.009,-27.308,-71.081,0.51,2.0,0.0
ATOM,329.0,O,ALA,3,75.696,-26.911,-72.023,-0.51,1.7,0.0
ATOM,330.0,CB,ALA,3,74.014,-25.925,-69.267,-0.27,2.06,22.23
ATOM,331.0,H,ALA,3,72.003,-27.508,-69.809,0.31,0.2245,0.21
ATOM,332.0,HA,ALA,3,73.67,-25.724,-71.28,0.09,1.32,0.0
ATOM,333.0,HB1,ALA,3,74.848,-26.312,-68.871,0.09,1.32,3.1
ATOM,334.0,HB2,ALA,3,74.111,-24.931,-69.332,0.09,1.32,2.4
ATOM,335.0,HB3,ALA,3,73.238,-26.141,-68.673,0.09,1.32,0.29
ATOM,336.0,N,ALA,4,75.288,-28.426,-70.403,-0.47,1.85,0.0
ATOM,337.0,CA,ALA,4,76.452,-29.237,-70.749,0.07,2.275,0.0
ATOM,338.0,C,ALA,4,76.488,-30.721,-70.343,0.51,2.0,0.19
ATOM,339.0,O,ALA,4,76.002,-31.118,-69.287,-0.51,1.7,13.74
ATOM,340.0,CB,ALA,4,77.701,-28.549,-70.229,-0.27,2.06,23.27
ATOM,341.0,H,ALA,4,74.631,-28.653,-69.643,0.31,0.2245,0.0
ATOM,342.0,HA,ALA,4,76.579,-29.193,-71.782,0.09,1.32,0.0
ATOM,343.0,HB1,ALA,4,77.508,-27.581,-70.065,0.09,1.32,0.37
ATOM,344.0,HB2,ALA,4,77.99,-28.978,-69.373,0.09,1.32,8.93
ATOM,345.0,HB3,ALA,4,78.435,-28.630,-70.903,0.09,1.32,0.78
ATOM,346.0,N,TYR,5,77.087,-31.519,-71.227,-0.47,1.85,0.31
ATOM,347.0,CA,TYR,5,77.306,-32.956,-71.052,0.07,2.275,1.83
ATOM,348.0,C,TYR,5,78.361,-33.349,-72.087,0.51,2.0,0.0
ATOM,349.0,O,TYR,5,78.2,-33.078,-73.269,-0.51,1.7,0.0
ATOM,350.0,CB,TYR,5,76.045,-33.766,-71.3,-0.18,2.175,0.0
ATOM,351.0,CG,TYR,5,76.244,-35.238,-71.004,0.0,1.9924,0.0
ATOM,352.0,CD1,TYR,5,76.26,-35.711,-69.69,-0.115,1.9924,0.71
ATOM,353.0,CD2,TYR,5,76.442,-36.154,-72.035,-0.115,1.9924,0.0
ATOM,354.0,CE1,TYR,5,76.467,-37.057,-69.413,-0.115,1.9924,0.3
ATOM,355.0,CE2,TYR,5,76.653,-37.505,-71.768,-0.115,1.9924,0.0
ATOM,356.0,CZ,TYR,5,76.665,-37.946,-70.458,0.11,1.9924,0.0
ATOM,357.0,OH,TYR,5,76.9,-39.269,-70.186,-0.54,1.77,7.78
ATOM,358.0,H,TYR,5,77.404,-31.008,-72.102,0.31,0.2245,0.0
ATOM,359.0,HA,TYR,5,77.682,-33.110,-70.153,0.09,1.32,3.57
ATOM,360.0,HB2,TYR,5,75.327,-33.426,-70.708,0.09,1.32,0.99
ATOM,361.0,HB3,TYR,5,75.792,-33.676,-72.253,0.09,1.32,0.0
ATOM,362.0,HD1,TYR,5,76.121,-35.070,-68.934,0.115,1.3582,10.74
ATOM,363.0,HD2,TYR,5,76.432,-35.839,-72.981,0.115,1.3582,0.0
ATOM,364.0,HE1,TYR,5,76.472,-37.381,-68.467,0.115,1.3582,6.29
ATOM,365.0,HE2,TYR,5,76.795,-38.147,-72.519,0.115,1.3582,0.0
ATOM,366.0,HH,TYR,5,77.786,-39.361,-69.734,0.43,0.2245,0.19
ATOM,367.0,N,ASP,6,79.431,-33.993,-71.638,-0.47,1.85,0.48
ATOM,368.0,CA,ASP,6,80.539,-34.375,-72.509,0.07,2.275,0.0
ATOM,369.0,C,ASP,6,80.943,-35.842,-72.366,0.51,2.0,0.0
ATOM,370.0,O,ASP,6,81.533,-36.230,-71.367,-0.51,1.7,0.0
ATOM,371.0,CB,ASP,6,81.726,-33.474,-72.171,-0.28,2.175,7.49
ATOM,372.0,CG,ASP,6,82.939,-33.718,-73.045,0.62,2.0,0.0
ATOM,373.0,OD1,ASP,6,83.939,-32.999,-72.845,-0.76,1.7,7.42
ATOM,374.0,OD2,ASP,6,82.91,-34.603,-73.923,-0.76,1.7,0.0
ATOM,375.0,H,ASP,6,79.414,-34.202,-70.615,0.31,0.2245,2.0
ATOM,376.0,HA,ASP,6,80.224,-34.248,-73.466,0.09,1.32,0.0
ATOM,377.0,HB2,ASP,6,81.435,-32.527,-72.285,0.09,1.32,2.81
ATOM,378.0,HB3,ASP,6,81.977,-33.640,-71.221,0.09,1.32,0.0
ATOM,379.0,N,TRP,7,80.641,-36.651,-73.372,-0.47,1.85,0.0
ATOM,380.0,CA,TRP,7,80.999,-38.063,-73.331,0.07,2.275,0.0
ATOM,381.0,C,TRP,7,82.484,-38.295,-73.11,0.51,2.0,0.0
ATOM,382.0,O,TRP,7,82.881,-39.378,-72.684,-0.51,1.7,0.0
ATOM,383.0,CB,TRP,7,80.555,-38.776,-74.612,-0.18,2.175,0.0
ATOM,384.0,CG,TRP,7,79.105,-39.089,-74.615,-0.03,1.9924,0.0
ATOM,385.0,CD1,TRP,7,78.129,-38.458,-75.333,0.035,1.9924,0.0
ATOM,386.0,CD2,TRP,7,78.443,-40.079,-73.819,-0.02,1.8,0.0
ATOM,387.0,NE1,TRP,7,76.897,-38.992,-75.03,-0.61,1.85,0.0
ATOM,388.0,CE2,TRP,7,77.06,-39.987,-74.101,0.13,1.8,0.0
ATOM,389.0,CE3,TRP,7,78.881,-41.028,-72.885,-0.115,1.9924,0.0
ATOM,390.0,CZ2,TRP,7,76.111,-40.821,-73.491,-0.115,1.9924,0.11
ATOM,391.0,CZ3,TRP,7,77.936,-41.857,-72.277,-0.115,1.9924,1.37
ATOM,392.0,CH2,TRP,7,76.567,-41.742,-72.582,-0.115,1.9924,2.26
ATOM,393.0,H,TRP,7,80.145,-36.207,-74.163,0.31,0.2245,0.0
ATOM,394.0,HA,TRP,7,80.505,-38.482,-72.55,0.09,1.32,0.0
ATOM,395.0,HB2,TRP,7,80.739,-38.185,-75.384,0.09,1.32,0.0
ATOM,396.0,HB3,TRP,7,81.05,-39.630,-74.688,0.09,1.32,0.0
ATOM,397.0,HD1,TRP,7,78.283,-37.717,-75.984,0.115,1.3582,0.0
ATOM,398.0,HE1,TRP,7,76.026,-38.702,-75.422,0.38,0.2245,0.0
ATOM,399.0,HE3,TRP,7,79.844,-41.117,-72.654,0.115,1.3582,0.0
ATOM,400.0,HZ2,TRP,7,75.14,-40.732,-73.723,0.115,1.3582,0.0
ATOM,401.0,HZ3,TRP,7,78.241,-42.535,-71.62,0.115,1.3582,5.18
ATOM,402.0,HH2,TRP,7,75.922,-42.350,-72.12,0.115,1.3582,12.83
ATOM,403.0,N,ARG,8,83.307,-37.291,-73.394,-0.47,1.85,0.0
ATOM,404.0,CA,ARG,8,84.746,-37.430,-73.192,0.07,2.275,0.73
ATOM,405.0,C,ARG,8,85.064,-37.675,-71.727,0.51,2.0,0.0
ATOM,406.0,O,ARG,8,86.138,-38.155,-71.393,-0.51,1.7,24.61
ATOM,407.0,CB,ARG,8,85.488,-36.190,-73.681,-0.18,2.175,1.72
ATOM,408.0,CG,ARG,8,85.773,-36.224,-75.165,-0.18,2.175,1.82
ATOM,409.0,CD,ARG,8,86.567,-35.021,-75.608,0.2,2.175,2.19
ATOM,410.0,NE,ARG,8,85.919,-33.801,-75.157,-0.7,1.85,1.23
ATOM,411.0,CZ,ARG,8,86.364,-32.580,-75.419,0.64,2.0,1.88
ATOM,412.0,NH1,ARG,8,87.465,-32.414,-76.137,-0.8,1.85,11.31
ATOM,413.0,NH2,ARG,8,85.709,-31.528,-74.951,-0.8,1.85,11.95
ATOM,414.0,H,ARG,8,82.856,-36.438,-73.756,0.31,0.2245,0.0
ATOM,415.0,HA,ARG,8,85.074,-38.215,-73.73,0.09,1.32,0.77
ATOM,416.0,HB2,ARG,8,84.926,-35.395,-73.489,0.09,1.32,0.0
ATOM,417.0,HB3,ARG,8,86.353,-36.134,-73.199,0.09,1.32,5.1
ATOM,418.0,HG2,ARG,8,86.298,-37.046,-75.385,0.09,1.32,2.85
ATOM,419.0,HG3,ARG,8,84.91,-36.233,-75.67,0.09,1.32,0.0
ATOM,420.0,HD2,ARG,8,87.473,-35.080,-75.211,0.09,1.32,8.89
ATOM,421.0,HD3,ARG,8,86.613,-35.024,-76.598,0.09,1.32,0.0
ATOM,422.0,HE,ARG,8,85.077,-33.887,-74.609,0.44,0.2245,0.0
ATOM,423.0,HH11,ARG,8,87.964,-33.192,-76.508,0.46,0.2245,1.02
ATOM,424.0,HH12,ARG,8,87.806,-31.481,-76.315,0.46,0.2245,4.72
ATOM,425.0,HH21,ARG,8,84.87,-31.657,-74.418,0.46,0.2245,0.38
ATOM,426.0,HH22,ARG,8,86.048,-30.604,-75.128,0.46,0.2245,8.56
ATOM,427.0,N,LEU,9,84.116,-37.353,-70.856,-0.47,1.85,0.0
ATOM,428.0,CA,LEU,9,84.282,-37.543,-69.421,0.07,2.275,2.61
ATOM,429.0,C,LEU,9,83.38,-38.670,-68.922,0.51,2.0,0.83
ATOM,430.0,O,LEU,9,83.165,-38.817,-67.722,-0.51,1.7,20.05
ATOM,431.0,CB,LEU,9,84.051,-36.218,-68.67,-0.18,2.175,1.51
ATOM,432.0,CG,LEU,9,84.696,-34.864,-68.974,-0.09,2.275,0.0
ATOM,433.0,CD1,LEU,9,84.126,-33.705,-68.153,-0.27,2.06,30.97
ATOM,434.0,CD2,LEU,9,86.214,-34.683,-68.974,-0.27,2.06,31.92
ATOM,435.0,H,LEU,9,83.251,-36.956,-71.283,0.31,0.2245,0.0
ATOM,436.0,HA,LEU,9,85.236,-37.798,-69.237,0.09,1.32,5.08
ATOM,437.0,HB2,LEU,9,83.018,-36.055,-68.676,0.09,1.32,0.0
ATOM,438.0,HB3,LEU,9,84.248,-36.414,-67.663,0.09,1.32,8.52
ATOM,439.0,HG,LEU,9,84.575,-34.659,-69.959,0.09,1.32,0.0
ATOM,440.0,HD11,LEU,9,84.266,-33.889,-67.181,0.09,1.32,10.84
ATOM,441.0,HD12,LEU,9,84.594,-32.860,-68.406,0.09,1.32,8.93
ATOM,442.0,HD13,LEU,9,83.149,-33.617,-68.341,0.09,1.32,4.14
ATOM,443.0,HD21,LEU,9,86.62,-35.288,-69.658,0.09,1.32,2.54
ATOM,444.0,HD22,LEU,9,86.434,-33.733,-69.194,0.09,1.32,8.81
ATOM,445.0,HD23,LEU,9,86.575,-34.910,-68.07,0.09,1.32,10.59
ATOM,446.0,N,HIS,10,82.827,-39.454,-69.84,-0.47,1.85,0.0
ATOM,447.0,CA,HIS,10,81.97,-40.556,-69.435,0.07,2.275,2.11
ATOM,448.0,C,HIS,10,82.242,-41.822,-70.225,0.51,2.0,0.3
ATOM,449.0,O,HIS,10,81.319,-42.557,-70.546,-0.51,1.7,7.33
ATOM,450.0,CB,HIS,10,80.496,-40.169,-69.568,-0.09,2.175,0.64
ATOM,451.0,CG,HIS,10,80.087,-39.028,-68.686,-0.05,1.8,0.0
ATOM,452.0,H,HIS,10,83.05,-39.221,-70.816,0.31,0.2245,0.0
ATOM,453.0,HA,HIS,10,82.142,-40.750,-68.455,0.09,1.32,4.99
ATOM,454.0,HB2,HIS,10,80.31,-39.912,-70.523,0.09,1.32,0.0
ATOM,455.0,HB3,HIS,10,79.927,-40.966,-69.336,0.09,1.32,5.05
ATOM,456.0,ND1,HIS,10,80.172,-37.710,-69.084,-0.36,1.85,0.0
ATOM,457.0,CD2,HIS,10,79.625,-39.005,-67.414,0.22,1.8,11.91
ATOM,458.0,CE1,HIS,10,79.781,-36.925,-68.095,0.25,1.8,5.33
ATOM,459.0,NE2,HIS,10,79.445,-37.687,-67.07,-0.7,1.85,24.8
ATOM,460.0,HD1,HIS,10,80.481,-37.399,-69.983,0.32,0.2245,0.0
ATOM,461.0,HD2,HIS,10,79.448,-39.795,-66.833,0.1,1.468,16.6
ATOM,462.0,HE1,HIS,10,79.747,-35.931,-68.118,0.13,0.9,6.73
ATOM,463.0,N,SER,11,83.515,-42.070,-70.531,-0.47,1.85,0.0
ATOM,464.0,CA,SER,11,83.937,-43.259,-71.274,0.07,2.275,4.47
ATOM,465.0,C,SER,11,83.158,-43.500,-72.544,0.51,2.0,0.72
ATOM,466.0,O,SER,11,82.808,-44.637,-72.831,-0.51,1.7,0.0
ATOM,467.0,CB,SER,11,83.866,-44.488,-70.349,0.05,2.175,14.61
ATOM,468.0,OG,SER,11,84.479,-44.453,-69.059,-0.66,1.77,31.32
ATOM,469.0,H,SER,11,84.187,-41.343,-70.195,0.31,0.2245,4.9
ATOM,470.0,HA,SER,11,84.918,-43.132,-71.523,0.09,1.32,11.58
ATOM,471.0,HB2,SER,11,82.871,-44.729,-70.217,0.09,1.32,5.02
ATOM,472.0,HB3,SER,11,84.26,-45.293,-70.861,0.09,1.32,7.31
ATOM,473.0,HG,SER,11,84.314,-43.562,-68.642,0.43,0.2245,13.76
ATOM,474.0,N,GLY,12,82.902,-42.445,-73.311,-0.47,1.85,0.0
ATOM,475.0,CA,GLY,12,82.16,-42.609,-74.546,-0.02,2.175,0.0
ATOM,476.0,C,GLY,12,82.899,-42.205,-75.808,0.51,2.0,0.0
ATOM,477.0,O,GLY,12,82.365,-42.351,-76.903,-0.51,1.7,0.0
ATOM,478.0,H,GLY,12,83.262,-41.547,-72.963,0.31,0.2245,0.03
ATOM,479.0,HA2,GLY,12,81.866,-43.590,-74.633,0.09,1.32,0.0
ATOM,480.0,HA3,GLY,12,81.286,-42.071,-74.486,0.09,1.32,0.0
ATOM,481.0,N,VAL,13,84.115,-41.691,-75.685,-0.47,1.85,0.53
ATOM,482.0,CA,VAL,13,84.861,-41.290,-76.872,0.07,2.275,0.0
ATOM,483.0,C,VAL,13,86.218,-41.993,-76.978,0.51,2.0,0.3
ATOM,484.0,O,VAL,13,87.037,-41.934,-76.067,-0.51,1.7,24.75
ATOM,485.0,CB,VAL,13,85.092,-39.777,-76.885,-0.09,2.275,0.0
ATOM,486.0,CG1,VAL,13,85.667,-39.351,-78.22,-0.27,2.06,0.74
ATOM,487.0,CG2,VAL,13,83.784,-39.051,-76.599,-0.27,2.06,0.0
ATOM,488.0,H,VAL,13,84.469,-41.604,-74.724,0.31,0.2245,1.25
ATOM,489.0,HA,VAL,13,84.318,-41.546,-77.687,0.09,1.32,0.0
ATOM,490.0,HB,VAL,13,85.775,-39.567,-76.192,0.09,1.32,1.62
ATOM,491.0,HG11,VAL,13,85.596,-38.357,-78.317,0.09,1.32,0.0
ATOM,492.0,HG12,VAL,13,86.63,-39.620,-78.274,0.09,1.32,0.42
ATOM,493.0,HG13,VAL,13,85.16,-39.791,-78.962,0.09,1.32,0.0
ATOM,494.0,HG21,VAL,13,83.445,-39.325,-75.7,0.09,1.32,0.0
ATOM,495.0,HG22,VAL,13,83.945,-38.065,-76.612,0.09,1.32,0.0
ATOM,496.0,HG23,VAL,13,83.113,-39.292,-77.3,0.09,1.32,0.0
ATOM,497.0,N,THR,14,86.461,-42.665,-78.094,-0.47,1.85,0.0
ATOM,498.0,CA,THR,14,87.721,-43.357,-78.269,0.07,2.275,0.0
ATOM,499.0,C,THR,14,88.724,-42.362,-78.849,0.51,2.0,0.28
ATOM,500.0,O,THR,14,88.345,-41.265,-79.265,-0.51,1.7,1.57
ATOM,501.0,CB,THR,14,87.542,-44.595,-79.181,0.14,2.275,0.0
ATOM,502.0,OG1,THR,14,87.008,-44.201,-80.45,-0.66,1.77,0.0
ATOM,503.0,CG2,THR,14,86.575,-45.581,-78.537,-0.27,2.06,0.53
ATOM,504.0,H,THR,14,85.704,-42.650,-78.794,0.31,0.2245,0.0
ATOM,505.0,HA,THR,14,88.056,-43.654,-77.38,0.09,1.32,2.0
ATOM,506.0,HB,THR,14,88.458,-45.019,-79.337,0.09,1.32,0.0
ATOM,507.0,HG21,THR,14,85.643,-45.215,-78.575,0.09,1.32,0.0
ATOM,508.0,HG22,THR,14,86.606,-46.455,-79.026,0.09,1.32,0.0
ATOM,509.0,HG23,THR,14,86.831,-45.731,-77.58,0.09,1.32,1.29
ATOM,510.0,HG1,THR,14,87.06,-44.963,-81.104,0.43,0.2245,0.0
ATOM,511.0,N,PRO,15,90.021,-42.719,-78.867,-0.29,1.85,0.32
ATOM,512.0,CA,PRO,15,91.052,-41.820,-79.397,0.02,2.275,1.42
ATOM,513.0,C,PRO,15,90.774,-41.304,-80.801,0.51,2.0,0.0
ATOM,514.0,O,PRO,15,90.145,-41.993,-81.602,-0.51,1.7,0.0
ATOM,515.0,CB,PRO,15,92.31,-42.671,-79.326,-0.18,2.175,13.96
ATOM,516.0,CG,PRO,15,92.055,-43.509,-78.129,-0.18,2.175,20.23
ATOM,517.0,CD,PRO,15,90.632,-43.942,-78.322,0.0,2.175,1.86
ATOM,518.0,HA,PRO,15,91.205,-41.041,-78.753,0.09,1.32,9.48
ATOM,519.0,HB2,PRO,15,92.407,-43.231,-80.145,0.09,1.32,4.82
ATOM,520.0,HB3,PRO,15,93.118,-42.102,-79.204,0.09,1.32,6.82
ATOM,521.0,HG2,PRO,15,92.668,-44.295,-78.107,0.09,1.32,11.16
ATOM,522.0,HG3,PRO,15,92.156,-42.975,-77.293,0.09,1.32,10.94
ATOM,523.0,HD2,PRO,15,90.561,-44.689,-78.973,0.09,1.32,0.0
ATOM,524.0,HD3,PRO,15,90.204,-44.194,-77.459,0.09,1.32,3.24
ATOM,525.0,N,VAL,16,91.228,-40.084,-81.093,-0.47,1.85,0.19
ATOM,526.0,CA,VAL,16,91.032,-39.498,-82.418,0.07,2.275,0.0
ATOM,527.0,C,VAL,16,92.085,-40.049,-83.357,0.51,2.0,0.0
ATOM,528.0,O,VAL,16,93.234,-40.267,-82.963,-0.51,1.7,8.9
ATOM,529.0,CB,VAL,16,91.132,-37.948,-82.408,-0.09,2.275,0.0
ATOM,530.0,CG1,VAL,16,92.071,-37.508,-81.34,-0.27,2.06,1.43
ATOM,531.0,CG2,VAL,16,91.633,-37.440,-83.759,-0.27,2.06,0.0
ATOM,532.0,H,VAL,16,91.718,-39.603,-80.319,0.31,0.2245,1.53
ATOM,533.0,HA,VAL,16,90.134,-39.781,-82.752,0.09,1.32,0.0
ATOM,534.0,HB,VAL,16,90.226,-37.602,-82.186,0.09,1.32,0.0
ATOM,535.0,HG11,VAL,16,91.679,-37.689,-80.432,0.09,1.32,2.95
ATOM,536.0,HG12,VAL,16,92.944,-38.002,-81.415,0.09,1.32,0.0
ATOM,537.0,HG13,VAL,16,92.254,-36.522,-81.418,0.09,1.32,0.0
ATOM,538.0,HG21,VAL,16,91.354,-36.488,-83.874,0.09,1.32,0.0
ATOM,539.0,HG22,VAL,16,92.629,-37.507,-83.785,0.09,1.32,0.0
ATOM,540.0,HG23,VAL,16,91.237,-37.999,-84.486,0.09,1.32,0.0
ATOM,541.0,N,LYS,17,91.675,-40.261,-84.602,-0.47,1.85,0.0
ATOM,542.0,CA,LYS,17,92.544,-40.809,-85.622,0.07,2.275,1.39
ATOM,543.0,C,LYS,17,92.772,-39.769,-86.712,0.51,2.0,0.0
ATOM,544.0,O,LYS,17,92.341,-38.623,-86.582,-0.51,1.7,0.0
ATOM,545.0,CB,LYS,17,91.9,-42.056,-86.217,-0.18,2.175,1.75
ATOM,546.0,CG,LYS,17,91.435,-43.065,-85.198,-0.18,2.175,2.86
ATOM,547.0,CD,LYS,17,90.75,-44.232,-85.879,-0.18,2.175,2.79
ATOM,548.0,CE,LYS,17,90.257,-45.251,-84.854,0.21,2.175,1.18
ATOM,549.0,NZ,LYS,17,89.438,-46.352,-85.445,-0.3,1.85,0.0
ATOM,550.0,H,LYS,17,90.678,-39.999,-84.777,0.31,0.2245,1.56
ATOM,551.0,HA,LYS,17,93.43,-41.043,-85.213,0.09,1.32,6.96
ATOM,552.0,HB2,LYS,17,91.111,-41.768,-86.763,0.09,1.32,0.0
ATOM,553.0,HB3,LYS,17,92.571,-42.495,-86.818,0.09,1.32,3.7
ATOM,554.0,HG2,LYS,17,92.222,-43.406,-84.687,0.09,1.32,8.52
ATOM,555.0,HG3,LYS,17,90.789,-42.632,-84.572,0.09,1.32,0.0
ATOM,556.0,HD2,LYS,17,89.967,-43.898,-86.389,0.09,1.32,0.3
ATOM,557.0,HD3,LYS,17,91.396,-44.683,-86.483,0.09,1.32,6.7
ATOM,558.0,HE2,LYS,17,91.058,-45.653,-84.387,0.05,1.32,3.08
ATOM,559.0,HE3,LYS,17,89.704,-44.769,-84.158,0.05,1.32,0.0
ATOM,560.0,HZ1,LYS,17,89.059,-46.911,-84.709,0.33,0.2245,0.0
ATOM,561.0,HZ2,LYS,17,88.696,-45.957,-85.984,0.33,0.2245,0.0
ATOM,562.0,HZ3,LYS,17,90.018,-46.915,-86.032,0.33,0.2245,0.37
ATOM,563.0,N,ASP,18,93.434,-40.179,-87.791,-0.47,1.85,0.58
ATOM,564.0,CA,ASP,18,93.735,-39.271,-88.889,0.07,2.275,0.0
ATOM,565.0,C,ASP,18,93.544,-39.959,-90.246,0.51,2.0,0.0
ATOM,566.0,O,ASP,18,94.166,-40.980,-90.524,-0.51,1.7,2.73
ATOM,567.0,CB,ASP,18,95.171,-38.771,-88.729,-0.28,2.175,10.34
ATOM,568.0,CG,ASP,18,95.548,-37.744,-89.762,0.62,2.0,0.0
ATOM,569.0,OD1,ASP,18,96.688,-37.237,-89.692,-0.76,1.7,25.29
ATOM,570.0,OD2,ASP,18,94.712,-37.443,-90.645,-0.76,1.7,3.76
ATOM,571.0,H,ASP,18,93.71,-41.179,-87.78,0.31,0.2245,5.78
ATOM,572.0,HA,ASP,18,93.068,-38.518,-88.849,0.09,1.32,0.0
ATOM,573.0,HB2,ASP,18,95.253,-38.366,-87.824,0.09,1.32,0.0
ATOM,574.0,HB3,ASP,18,95.778,-39.554,-88.813,0.09,1.32,3.23
ATOM,575.0,N,GLN,19,92.688,-39.394,-91.092,-0.47,1.85,0.0
ATOM,576.0,CA,GLN,19,92.416,-39.982,-92.403,0.07,2.275,0.0
ATOM,577.0,C,GLN,19,93.53,-39.681,-93.403,0.51,2.0,0.0
ATOM,578.0,O,GLN,19,93.702,-40.394,-94.398,-0.51,1.7,0.0
ATOM,579.0,CB,GLN,19,91.087,-39.454,-92.941,-0.18,2.175,0.0
ATOM,580.0,CG,GLN,19,91.118,-37.995,-93.322,-0.18,2.175,1.76
ATOM,581.0,CD,GLN,19,89.734,-37.429,-93.557,0.55,2.0,0.0
ATOM,582.0,H,GLN,19,92.242,-38.524,-90.751,0.31,0.2245,0.0
ATOM,583.0,HA,GLN,19,92.368,-40.984,-92.289,0.09,1.32,0.0
ATOM,584.0,HB2,GLN,19,90.837,-39.988,-93.752,0.09,1.32,0.0
ATOM,585.0,HB3,GLN,19,90.384,-39.582,-92.236,0.09,1.32,0.0
ATOM,586.0,HG2,GLN,19,91.552,-37.475,-92.585,0.09,1.32,0.05
ATOM,587.0,HG3,GLN,19,91.651,-37.889,-94.162,0.09,1.32,0.0
ATOM,588.0,OE1,GLN,19,88.936,-37.308,-92.622,-0.55,1.7,0.0
ATOM,589.0,NE2,GLN,19,89.433,-37.081,-94.808,-0.62,1.85,7.82
ATOM,590.0,HE21,GLN,19,88.52,-36.708,-95.041,0.32,0.2245,3.49
ATOM,591.0,HE22,GLN,19,90.143,-37.197,-95.531,0.3,0.2245,2.83
ATOM,592.0,N,LYS,20,94.276,-38.615,-93.13,-0.47,1.85,0.06
ATOM,593.0,CA,LYS,20,95.376,-38.192,-93.983,0.07,2.275,4.86
ATOM,594.0,C,LYS,20,94.933,-37.849,-95.404,0.51,2.0,1.92
ATOM,595.0,O,LYS,20,93.868,-37.266,-95.623,-0.51,1.7,12.42
ATOM,596.0,CB,LYS,20,96.446,-39.277,-94.024,-0.18,2.175,1.99
ATOM,597.0,CG,LYS,20,97.035,-39.587,-92.677,-0.18,2.175,1.77
ATOM,598.0,CD,LYS,20,98.004,-40.727,-92.794,-0.18,2.175,4.07
ATOM,599.0,CE,LYS,20,98.558,-41.140,-91.445,0.21,2.175,12.23
ATOM,600.0,NZ,LYS,20,99.499,-42.298,-91.591,-0.3,1.85,14.54
ATOM,601.0,H,LYS,20,94.004,-38.112,-92.256,0.31,0.2245,0.08
ATOM,602.0,HA,LYS,20,95.81,-37.368,-93.575,0.09,1.32,7.94
ATOM,603.0,HB2,LYS,20,96.031,-40.107,-94.392,0.09,1.32,0.0
ATOM,604.0,HB3,LYS,20,97.176,-38.968,-94.631,0.09,1.32,4.58
ATOM,605.0,HG2,LYS,20,97.515,-38.782,-92.334,0.09,1.32,5.0
ATOM,606.0,HG3,LYS,20,96.305,-39.840,-92.047,0.09,1.32,0.0
ATOM,607.0,HD2,LYS,20,97.54,-41.514,-93.198,0.09,1.32,0.64
ATOM,608.0,HD3,LYS,20,98.768,-40.453,-93.377,0.09,1.32,9.89
ATOM,609.0,HE2,LYS,20,99.051,-40.372,-91.041,0.05,1.32,9.27
ATOM,610.0,HE3,LYS,20,97.805,-41.409,-90.847,0.05,1.32,3.47
ATOM,611.0,HZ1,LYS,20,100.261,-42.181,-90.958,0.33,0.2245,20.11
ATOM,612.0,HZ2,LYS,20,99.011,-43.143,-91.382,0.33,0.2245,15.35
ATOM,613.0,HZ3,LYS,20,99.839,-42.326,-92.529,0.33,0.2245,15.12
ATOM,614.0,N,ASN,21,95.773,-38.205,-96.367,-0.47,1.85,2.55
ATOM,615.0,CA,ASN,21,95.486,-37.934,-97.761,0.07,2.275,2.68
ATOM,616.0,C,ASN,21,94.544,-38.986,-98.331,0.51,2.0,0.0
ATOM,617.0,O,ASN,21,94.976,-39.968,-98.931,-0.51,1.7,0.21
ATOM,618.0,CB,ASN,21,96.774,-37.935,-98.556,-0.18,2.175,14.52
ATOM,619.0,CG,ASN,21,96.546,-37.607,-99.996,0.55,2.0,2.03
ATOM,620.0,H,ASN,21,96.635,-38.684,-96.038,0.31,0.2245,1.18
ATOM,621.0,HA,ASN,21,95.001,-37.053,-97.804,0.09,1.32,3.66
ATOM,622.0,HB2,ASN,21,97.39,-37.255,-98.162,0.09,1.32,11.33
ATOM,623.0,HB3,ASN,21,97.185,-38.842,-98.491,0.09,1.32,2.4
ATOM,626.0,HD22,ASN,21,94.741,-36.796,-99.57,0.3,0.2245,5.23
ATOM,628.0,N,CYS,22,93.251,-38.764,-98.148,-0.47,1.85,0.79
ATOM,629.0,CA,CYS,22,92.224,-39.684,-98.615,0.07,2.275,1.57
ATOM,630.0,C,CYS,22,90.903,-39.177,-98.054,0.51,2.0,0.72
ATOM,631.0,O,CYS,22,90.822,-38.862,-96.878,-0.51,1.7,0.03
ATOM,632.0,CB,CYS,22,92.512,-41.090,-98.092,-0.1,2.175,0.0
ATOM,633.0,SG,CYS,22,91.066,-42.195,-98.058,-0.08,1.975,0.05
ATOM,634.0,H,CYS,22,93.032,-37.875,-97.642,0.31,0.2245,3.63
ATOM,635.0,HA,CYS,22,92.181,-39.635,-99.603,0.09,1.32,4.66
ATOM,636.0,HB2,CYS,22,93.205,-41.507,-98.677,0.09,1.32,0.0
ATOM,637.0,HB3,CYS,22,92.862,-41.012,-97.16,0.09,1.32,0.0
ATOM,638.0,N,GLY,23,89.876,-39.088,-98.888,-0.47,1.85,4.18
ATOM,639.0,CA,GLY,23,88.593,-38.589,-98.419,-0.02,2.175,16.32
ATOM,640.0,C,GLY,23,87.712,-39.655,-97.796,0.51,2.0,0.0
ATOM,641.0,O,GLY,23,86.712,-40.077,-98.378,-0.51,1.7,0.54
ATOM,642.0,H,GLY,23,90.061,-39.391,-99.855,0.31,0.2245,1.82
ATOM,643.0,HA2,GLY,23,88.752,-37.847,-97.738,0.09,1.32,1.35
ATOM,644.0,HA3,GLY,23,88.096,-38.159,-99.199,0.09,1.32,8.13
ATOM,645.0,N,SER,24,88.07,-40.081,-96.595,-0.47,1.85,0.0
ATOM,646.0,CA,SER,24,87.315,-41.116,-95.925,0.07,2.275,0.0
ATOM,647.0,C,SER,24,86.733,-40.673,-94.596,0.51,2.0,0.0
ATOM,648.0,O,SER,24,86.603,-41.477,-93.668,-0.51,1.7,0.0
ATOM,649.0,CB,SER,24,88.198,-42.342,-95.74,0.05,2.175,0.0
ATOM,650.0,OG,SER,24,89.453,-41.956,-95.232,-0.66,1.77,0.0
ATOM,651.0,H,SER,24,88.907,-39.623,-96.196,0.31,0.2245,0.0
ATOM,652.0,HA,SER,24,86.54,-41.383,-96.529,0.09,1.32,0.0
ATOM,653.0,HB2,SER,24,87.761,-42.960,-95.098,0.09,1.32,0.0
ATOM,654.0,HB3,SER,24,88.323,-42.783,-96.62,0.09,1.32,0.0
ATOM,655.0,HG,SER,24,90.131,-41.962,-95.968,0.43,0.2245,0.0
ATOM,656.0,N,CYS,25,86.369,-39.396,-94.505,-0.47,1.85,0.0
ATOM,657.0,CA,CYS,25,85.77,-38.888,-93.278,0.07,2.275,0.0
ATOM,658.0,C,CYS,25,84.498,-39.694,-92.976,0.51,2.0,0.0
ATOM,659.0,O,CYS,25,84.221,-40.067,-91.836,-0.51,1.7,0.0
ATOM,660.0,CB,CYS,25,85.534,-37.368,-93.36,-0.11,2.175,0.0
ATOM,661.0,SG,CYS,25,84.665,-36.815,-94.844,-0.23,2.0,13.75
ATOM,662.0,H,CYS,25,86.542,-38.826,-95.344,0.31,0.2245,0.0
ATOM,663.0,HA,CYS,25,86.409,-39.033,-92.526,0.09,1.32,0.0
ATOM,664.0,HB2,CYS,25,84.999,-37.099,-92.56,0.09,1.32,0.0
ATOM,665.0,HB3,CYS,25,86.427,-36.920,-93.33,0.09,1.32,0.0
ATOM,666.0,HG,CYS,25,84.222,-37.597,-95.282,0.16,0.45,1.2
ATOM,667.0,N,TRP,26,83.737,-39.982,-94.016,-0.47,1.85,0.0
ATOM,668.0,CA,TRP,26,82.508,-40.733,-93.859,0.07,2.275,0.0
ATOM,669.0,C,TRP,26,82.703,-42.036,-93.092,0.51,2.0,0.0
ATOM,670.0,O,TRP,26,81.79,-42.492,-92.403,-0.51,1.7,0.0
ATOM,671.0,CB,TRP,26,81.906,-41.042,-95.233,-0.18,2.175,0.14
ATOM,672.0,CG,TRP,26,82.829,-41.783,-96.155,-0.03,1.9924,0.0
ATOM,673.0,CD1,TRP,26,83.699,-41.239,-97.047,0.035,1.9924,0.0
ATOM,674.0,CD2,TRP,26,82.94,-43.201,-96.298,-0.02,1.8,0.0
ATOM,675.0,NE1,TRP,26,84.342,-42.230,-97.748,-0.61,1.85,0.0
ATOM,676.0,CE2,TRP,26,83.895,-43.446,-97.305,0.13,1.8,0.0
ATOM,677.0,CE3,TRP,26,82.324,-44.289,-95.671,-0.115,1.9924,0.0
ATOM,678.0,CZ2,TRP,26,84.256,-44.743,-97.703,-0.115,1.9924,0.0
ATOM,679.0,CZ3,TRP,26,82.683,-45.582,-96.065,-0.115,1.9924,0.0
ATOM,680.0,CH2,TRP,26,83.64,-45.794,-97.073,-0.115,1.9924,0.0
ATOM,681.0,H,TRP,26,84.087,-39.633,-94.928,0.31,0.2245,0.0
ATOM,682.0,HA,TRP,26,81.861,-40.163,-93.325,0.09,1.32,0.0
ATOM,683.0,HB2,TRP,26,81.096,-41.606,-95.11,0.09,1.32,0.0
ATOM,684.0,HB3,TRP,26,81.667,-40.186,-95.68,0.09,1.32,1.58
ATOM,685.0,HD1,TRP,26,83.853,-40.259,-97.178,0.115,1.3582,0.88
ATOM,686.0,HE1,TRP,26,85.024,-42.088,-98.464,0.38,0.2245,0.0
ATOM,687.0,HE3,TRP,26,81.644,-44.158,-94.958,0.115,1.3582,0.0
ATOM,688.0,HZ2,TRP,26,84.94,-44.875,-98.424,0.115,1.3582,0.0
ATOM,689.0,HZ3,TRP,26,82.25,-46.357,-95.622,0.115,1.3582,0.0
ATOM,690.0,HH2,TRP,26,83.868,-46.733,-97.327,0.115,1.3582,0.0
ATOM,691.0,N,ALA,27,83.88,-42.636,-93.222,-0.47,1.85,0.0
ATOM,692.0,CA,ALA,27,84.159,-43.893,-92.545,0.07,2.275,0.0
ATOM,693.0,C,ALA,27,84.62,-43.666,-91.112,0.51,2.0,0.0
ATOM,694.0,O,ALA,27,84.194,-44.360,-90.179,-0.51,1.7,0.0
ATOM,695.0,CB,ALA,27,85.218,-44.663,-93.312,-0.27,2.06,0.0
ATOM,696.0,H,ALA,27,84.559,-42.145,-93.829,0.31,0.2245,0.0
ATOM,697.0,HA,ALA,27,83.314,-44.447,-92.526,0.09,1.32,0.0
ATOM,698.0,HB1,ALA,27,86.124,-44.300,-93.091,0.09,1.32,0.0
ATOM,699.0,HB2,ALA,27,85.179,-45.630,-93.06,0.09,1.32,0.0
ATOM,700.0,HB3,ALA,27,85.056,-44.570,-94.295,0.09,1.32,0.0
ATOM,701.0,N,PHE,28,85.509,-42.696,-90.941,-0.47,1.85,0.0
ATOM,702.0,CA,PHE,28,86.021,-42.391,-89.622,0.07,2.275,0.0
ATOM,703.0,C,PHE,28,84.889,-41.965,-88.729,0.51,2.0,0.22
ATOM,704.0,O,PHE,28,84.847,-42.325,-87.564,-0.51,1.7,5.49
ATOM,705.0,CB,PHE,28,87.09,-41.301,-89.698,-0.18,2.175,0.16
ATOM,706.0,CG,PHE,28,88.428,-41.810,-90.157,0.0,1.9924,0.0
ATOM,707.0,CD1,PHE,28,88.686,-42.018,-91.504,-0.115,1.9924,0.0
ATOM,708.0,CD2,PHE,28,89.408,-42.155,-89.232,-0.115,1.9924,0.0
ATOM,709.0,CE1,PHE,28,89.906,-42.570,-91.926,-0.115,1.9924,0.0
ATOM,710.0,CE2,PHE,28,90.623,-42.706,-89.643,-0.115,1.9924,0.49
ATOM,711.0,CZ,PHE,28,90.868,-42.912,-90.993,-0.115,1.9924,0.0
ATOM,712.0,H,PHE,28,85.79,-42.199,-91.802,0.31,0.2245,0.0
ATOM,713.0,HA,PHE,28,86.39,-43.245,-89.245,0.09,1.32,0.0
ATOM,714.0,HB2,PHE,28,86.784,-40.621,-90.344,0.09,1.32,0.0
ATOM,715.0,HB3,PHE,28,87.201,-40.922,-88.794,0.09,1.32,2.14
ATOM,716.0,HD1,PHE,28,88.007,-41.776,-92.188,0.115,1.3582,0.0
ATOM,717.0,HD2,PHE,28,89.242,-42.006,-88.257,0.115,1.3582,2.22
ATOM,718.0,HE1,PHE,28,90.064,-42.711,-92.908,0.115,1.3582,0.0
ATOM,719.0,HE2,PHE,28,91.317,-42.953,-88.95,0.115,1.3582,1.92
ATOM,720.0,HZ,PHE,28,91.737,-43.306,-91.292,0.115,1.3582,0.0
ATOM,721.0,N,SER,29,83.959,-41.209,-89.291,-0.47,1.85,0.47
ATOM,722.0,CA,SER,29,82.809,-40.730,-88.532,0.07,2.275,1.72
ATOM,723.0,C,SER,29,81.965,-41.896,-88.028,0.51,2.0,0.0
ATOM,724.0,O,SER,29,81.662,-41.987,-86.83,-0.51,1.7,0.0
ATOM,725.0,CB,SER,29,81.949,-39.815,-89.406,0.05,2.175,0.0
ATOM,726.0,OG,SER,29,80.876,-39.266,-88.665,-0.66,1.77,0.0
ATOM,727.0,H,SER,29,84.114,-40.991,-90.293,0.31,0.2245,0.0
ATOM,728.0,HA,SER,29,83.151,-40.227,-87.73,0.09,1.32,2.34
ATOM,729.0,HB2,SER,29,82.518,-39.075,-89.752,0.09,1.32,0.0
ATOM,730.0,HB3,SER,29,81.582,-40.348,-90.163,0.09,1.32,0.0
ATOM,731.0,HG,SER,29,80.341,-40.004,-88.255,0.43,0.2245,0.0
ATOM,732.0,N,SER,30,81.591,-42.768,-88.967,-0.47,1.85,0.0
ATOM,733.0,CA,SER,30,80.781,-43.952,-88.716,0.07,2.275,0.0
ATOM,734.0,C,SER,30,81.397,-44.833,-87.66,0.51,2.0,0.0
ATOM,735.0,O,SER,30,80.833,-45.039,-86.58,-0.51,1.7,0.0
ATOM,736.0,CB,SER,30,80.654,-44.792,-89.986,0.05,2.175,0.0
ATOM,737.0,OG,SER,30,80.162,-44.028,-91.063,-0.66,1.77,0.0
ATOM,738.0,H,SER,30,81.943,-42.518,-89.933,0.31,0.2245,0.0
ATOM,739.0,HA,SER,30,79.877,-43.644,-88.383,0.09,1.32,0.0
ATOM,740.0,HB2,SER,30,81.555,-45.151,-90.223,0.09,1.32,0.0
ATOM,741.0,HB3,SER,30,80.026,-45.548,-89.807,0.09,1.32,0.0
ATOM,742.0,HG,SER,30,80.911,-43.514,-91.482,0.43,0.2245,0.0
ATOM,743.0,N,ILE,31,82.558,-45.375,-87.999,-0.47,1.85,0.0
ATOM,744.0,CA,ILE,31,83.278,-46.266,-87.111,0.07,2.275,0.0
ATOM,745.0,C,ILE,31,83.515,-45.661,-85.736,0.51,2.0,0.0
ATOM,746.0,O,ILE,31,83.438,-46.353,-84.726,-0.51,1.7,0.0
ATOM,747.0,CB,ILE,31,84.589,-46.708,-87.8,-0.09,2.275,0.0
ATOM,748.0,CG1,ILE,31,84.289,-47.936,-88.667,-0.18,2.175,0.0
ATOM,749.0,CG2,ILE,31,85.68,-46.997,-86.786,-0.27,2.06,0.0
ATOM,750.0,CD1,ILE,31,85.392,-48.297,-89.605,-0.27,2.06,0.0
ATOM,751.0,H,ILE,31,82.901,-45.107,-88.947,0.31,0.2245,0.0
ATOM,752.0,HA,ILE,31,82.683,-47.073,-86.971,0.09,1.32,0.0
ATOM,753.0,HB,ILE,31,84.882,-45.978,-88.392,0.09,1.32,0.0
ATOM,754.0,HG12,ILE,31,84.102,-48.707,-88.057,0.09,1.32,0.0
ATOM,755.0,HG13,ILE,31,83.458,-47.743,-89.192,0.09,1.32,0.0
ATOM,756.0,HG21,ILE,31,86.519,-47.260,-87.261,0.09,1.32,0.0
ATOM,757.0,HG22,ILE,31,85.853,-46.180,-86.237,0.09,1.32,0.0
ATOM,758.0,HG23,ILE,31,85.392,-47.743,-86.187,0.09,1.32,0.0
ATOM,759.0,HD11,ILE,31,86.227,-48.500,-89.089,0.09,1.32,0.0
ATOM,760.0,HD12,ILE,31,85.135,-49.104,-90.141,0.09,1.32,0.0
ATOM,761.0,HD13,ILE,31,85.572,-47.534,-90.23,0.09,1.32,0.0
ATOM,762.0,N,GLY,32,83.773,-44.361,-85.688,-0.47,1.85,0.0
ATOM,763.0,CA,GLY,32,83.987,-43.714,-84.409,-0.02,2.175,1.88
ATOM,764.0,C,GLY,32,82.738,-43.842,-83.568,0.51,2.0,0.0
ATOM,765.0,O,GLY,32,82.804,-44.031,-82.345,-0.51,1.7,0.0
ATOM,766.0,H,GLY,32,83.805,-43.880,-86.596,0.31,0.2245,0.0
ATOM,767.0,HA2,GLY,32,84.757,-44.148,-83.935,0.09,1.32,0.0
ATOM,768.0,HA3,GLY,32,84.198,-42.744,-84.552,0.09,1.32,0.19
ATOM,769.0,N,SER,33,81.587,-43.743,-84.226,-0.47,1.85,0.0
ATOM,770.0,CA,SER,33,80.316,-43.854,-83.533,0.07,2.275,0.0
ATOM,771.0,C,SER,33,80.09,-45.227,-82.945,0.51,2.0,0.0
ATOM,772.0,O,SER,33,79.505,-45.348,-81.868,-0.51,1.7,0.0
ATOM,773.0,CB,SER,33,79.162,-43.525,-84.467,0.05,2.175,0.0
ATOM,774.0,OG,SER,33,79.054,-42.133,-84.607,-0.66,1.77,0.0
ATOM,775.0,H,SER,33,81.678,-43.585,-85.245,0.31,0.2245,0.0
ATOM,776.0,HA,SER,33,80.316,-43.183,-82.771,0.09,1.32,0.0
ATOM,777.0,HB2,SER,33,79.34,-43.933,-85.353,0.09,1.32,0.0
ATOM,778.0,HB3,SER,33,78.322,-43.883,-84.078,0.09,1.32,0.0
ATOM,779.0,HG,SER,33,79.762,-41.798,-85.231,0.43,0.2245,0.0
ATOM,780.0,N,VAL,34,80.544,-46.266,-83.635,-0.47,1.85,0.0
ATOM,781.0,CA,VAL,34,80.333,-47.600,-83.112,0.07,2.275,0.0
ATOM,782.0,C,VAL,34,81.322,-47.939,-82.014,0.51,2.0,0.0
ATOM,783.0,O,VAL,34,80.975,-48.638,-81.059,-0.51,1.7,0.0
ATOM,784.0,CB,VAL,34,80.371,-48.625,-84.261,-0.09,2.275,0.19
ATOM,785.0,CG1,VAL,34,79.472,-48.019,-85.338,-0.27,2.06,0.0
ATOM,786.0,CG2,VAL,34,81.744,-48.893,-84.848,-0.27,2.06,2.15
ATOM,787.0,H,VAL,34,81.024,-46.049,-84.51,0.31,0.2245,0.0
ATOM,788.0,HA,VAL,34,79.402,-47.641,-82.716,0.09,1.32,0.0
ATOM,789.0,HB,VAL,34,79.936,-49.437,-83.951,0.09,1.32,0.0
ATOM,790.0,HG11,VAL,34,78.524,-48.279,-85.162,0.09,1.32,0.0
ATOM,791.0,HG12,VAL,34,79.556,-47.024,-85.318,0.09,1.32,0.0
ATOM,792.0,HG13,VAL,34,79.753,-48.360,-86.234,0.09,1.32,0.0
ATOM,793.0,HG21,VAL,34,82.224,-49.561,-84.278,0.09,1.32,0.0
ATOM,794.0,HG22,VAL,34,81.644,-49.255,-85.776,0.09,1.32,0.44
ATOM,795.0,HG23,VAL,34,82.266,-48.040,-84.876,0.09,1.32,0.0
ATOM,796.0,N,GLU,35,82.551,-47.442,-82.121,-0.47,1.85,0.0
ATOM,797.0,CA,GLU,35,83.521,-47.706,-81.063,0.07,2.275,0.0
ATOM,798.0,C,GLU,35,82.938,-47.050,-79.809,0.51,2.0,0.0
ATOM,799.0,O,GLU,35,82.982,-47.616,-78.716,-0.51,1.7,0.0
ATOM,800.0,CB,GLU,35,84.889,-47.089,-81.382,-0.18,2.175,0.0
ATOM,801.0,CG,GLU,35,85.53,-47.578,-82.668,-0.28,2.175,0.0
ATOM,802.0,CD,GLU,35,86.768,-46.769,-83.054,0.62,2.0,0.0
ATOM,803.0,OE1,GLU,35,86.83,-45.566,-82.706,-0.76,1.7,0.14
ATOM,804.0,OE2,GLU,35,87.671,-47.325,-83.723,-0.76,1.7,0.0
ATOM,805.0,H,GLU,35,82.742,-46.892,-82.96,0.31,0.2245,0.0
ATOM,806.0,HA,GLU,35,83.612,-48.674,-80.918,0.09,1.32,0.0
ATOM,807.0,HB2,GLU,35,84.763,-46.112,-81.462,0.09,1.32,0.0
ATOM,808.0,HB3,GLU,35,85.498,-47.315,-80.638,0.09,1.32,0.0
ATOM,809.0,HG2,GLU,35,85.818,-48.508,-82.54,0.09,1.32,0.0
ATOM,810.0,HG3,GLU,35,84.881,-47.483,-83.398,0.09,1.32,0.0
ATOM,811.0,N,SER,36,82.374,-45.856,-79.978,-0.47,1.85,0.0
ATOM,812.0,CA,SER,36,81.773,-45.137,-78.857,0.07,2.275,0.0
ATOM,813.0,C,SER,36,80.634,-45.920,-78.229,0.51,2.0,0.0
ATOM,814.0,O,SER,36,80.48,-45.904,-77.013,-0.51,1.7,0.0
ATOM,815.0,CB,SER,36,81.249,-43.762,-79.291,0.05,2.175,0.0
ATOM,816.0,OG,SER,36,82.297,-42.801,-79.345,-0.66,1.77,0.0
ATOM,817.0,H,SER,36,82.398,-45.492,-80.946,0.31,0.2245,0.0
ATOM,818.0,HA,SER,36,82.487,-45.006,-78.154,0.09,1.32,0.0
ATOM,819.0,HB2,SER,36,80.841,-43.845,-80.195,0.09,1.32,0.0
ATOM,820.0,HB3,SER,36,80.566,-43.458,-78.633,0.09,1.32,0.0
ATOM,821.0,HG,SER,36,82.47,-42.449,-78.427,0.43,0.2245,0.0
ATOM,822.0,N,GLN,37,79.838,-46.602,-79.053,-0.47,1.85,0.0
ATOM,823.0,CA,GLN,37,78.718,-47.388,-78.54,0.07,2.275,0.0
ATOM,824.0,C,GLN,37,79.18,-48.580,-77.733,0.51,2.0,0.0
ATOM,825.0,O,GLN,37,78.511,-48.975,-76.783,-0.51,1.7,0.0
ATOM,826.0,CB,GLN,37,77.808,-47.886,-79.664,-0.18,2.175,0.0
ATOM,827.0,CG,GLN,37,76.749,-46.883,-80.099,-0.18,2.175,0.0
ATOM,828.0,CD,GLN,37,75.909,-46.382,-78.944,0.55,2.0,0.0
ATOM,829.0,OE1,GLN,37,75.505,-47.155,-78.082,-0.55,1.7,1.58
ATOM,830.0,NE2,GLN,37,75.654,-45.084,-78.915,-0.62,1.85,0.3
ATOM,831.0,H,GLN,37,80.077,-46.527,-80.055,0.31,0.2245,0.0
ATOM,832.0,HA,GLN,37,78.176,-46.788,-77.931,0.09,1.32,0.0
ATOM,833.0,HB2,GLN,37,78.373,-48.107,-80.462,0.09,1.32,0.0
ATOM,834.0,HB3,GLN,37,77.34,-48.718,-79.354,0.09,1.32,0.0
ATOM,835.0,HG2,GLN,37,77.205,-46.102,-80.526,0.09,1.32,0.0
ATOM,836.0,HG3,GLN,37,76.148,-47.323,-80.766,0.09,1.32,0.0
ATOM,837.0,HE21,GLN,37,75.084,-44.676,-78.176,0.32,0.2245,0.0
ATOM,838.0,HE22,GLN,37,76.039,-44.488,-79.649,0.3,0.2245,0.01
ATOM,839.0,N,TYR,38,80.314,-49.166,-78.114,-0.47,1.85,0.0
ATOM,840.0,CA,TYR,38,80.835,-50.307,-77.375,0.07,2.275,0.0
ATOM,841.0,C,TYR,38,81.348,-49.880,-76.013,0.51,2.0,0.0
ATOM,842.0,O,TYR,38,81.137,-50.569,-75.022,-0.51,1.7,0.0
ATOM,843.0,CB,TYR,38,81.95,-51.006,-78.154,-0.18,2.175,0.0
ATOM,844.0,CG,TYR,38,81.421,-51.993,-79.162,0.0,1.9924,0.0
ATOM,845.0,CD1,TYR,38,80.908,-51.567,-80.38,-0.115,1.9924,0.0
ATOM,846.0,CD2,TYR,38,81.34,-53.347,-78.861,-0.115,1.9924,0.07
ATOM,847.0,CE1,TYR,38,80.318,-52.462,-81.265,-0.115,1.9924,0.0
ATOM,848.0,CE2,TYR,38,80.752,-54.242,-79.738,-0.115,1.9924,0.09
ATOM,849.0,CZ,TYR,38,80.24,-53.793,-80.934,0.11,1.9924,0.0
ATOM,850.0,OH,TYR,38,79.612,-54.668,-81.791,-0.54,1.77,10.04
ATOM,851.0,H,TYR,38,80.767,-48.756,-78.942,0.31,0.2245,0.0
ATOM,852.0,HA,TYR,38,80.084,-50.964,-77.237,0.09,1.32,0.0
ATOM,853.0,HB2,TYR,38,82.474,-50.315,-78.635,0.09,1.32,0.0
ATOM,854.0,HB3,TYR,38,82.522,-51.495,-77.507,0.09,1.32,0.0
ATOM,855.0,HD1,TYR,38,80.962,-50.597,-80.629,0.115,1.3582,0.0
ATOM,856.0,HD2,TYR,38,81.714,-53.680,-77.996,0.115,1.3582,0.56
ATOM,857.0,HE1,TYR,38,79.954,-52.132,-82.14,0.115,1.3582,0.31
ATOM,858.0,HE2,TYR,38,80.7,-55.215,-79.501,0.115,1.3582,9.58
ATOM,859.0,HH,TYR,38,79.082,-54.149,-82.459,0.43,0.2245,0.0
ATOM,860.0,N,ALA,39,82.012,-48.733,-75.96,-0.47,1.85,0.0
ATOM,861.0,CA,ALA,39,82.544,-48.241,-74.698,0.07,2.275,0.59
ATOM,862.0,C,ALA,39,81.422,-47.842,-73.747,0.51,2.0,0.0
ATOM,863.0,O,ALA,39,81.567,-47.912,-72.527,-0.51,1.7,6.37
ATOM,864.0,CB,ALA,39,83.449,-47.056,-74.948,-0.27,2.06,7.38
ATOM,865.0,H,ALA,39,82.114,-48.239,-76.861,0.31,0.2245,0.0
ATOM,866.0,HA,ALA,39,83.086,-48.973,-74.265,0.09,1.32,0.08
ATOM,867.0,HB1,ALA,39,83.206,-46.307,-74.329,0.09,1.32,0.0
ATOM,868.0,HB2,ALA,39,84.402,-47.318,-74.789,0.09,1.32,1.38
ATOM,869.0,HB3,ALA,39,83.347,-46.745,-75.895,0.09,1.32,0.0
ATOM,870.0,N,ILE,40,80.295,-47.425,-74.302,-0.47,1.85,0.0
ATOM,871.0,CA,ILE,40,79.178,-46.999,-73.481,0.07,2.275,0.0
ATOM,872.0,C,ILE,40,78.251,-48.135,-73.048,0.51,2.0,0.0
ATOM,873.0,O,ILE,40,77.823,-48.187,-71.897,-0.51,1.7,23.96
ATOM,874.0,CB,ILE,40,78.346,-45.943,-74.228,-0.09,2.275,0.0
ATOM,875.0,CG1,ILE,40,79.193,-44.695,-74.464,-0.18,2.175,0.0
ATOM,876.0,CG2,ILE,40,77.074,-45.622,-73.45,-0.27,2.06,5.16
ATOM,877.0,CD1,ILE,40,78.536,-43.682,-75.405,-0.27,2.06,0.0
ATOM,878.0,H,ILE,40,80.283,-47.430,-75.336,0.31,0.2245,0.0
ATOM,879.0,HA,ILE,40,79.578,-46.617,-72.628,0.09,1.32,3.4
ATOM,880.0,HB,ILE,40,78.096,-46.318,-75.111,0.09,1.32,0.0
ATOM,881.0,HG12,ILE,40,79.362,-44.251,-73.589,0.09,1.32,0.0
ATOM,882.0,HG13,ILE,40,80.063,-44.972,-74.862,0.09,1.32,0.0
ATOM,883.0,HG21,ILE,40,76.528,-44.964,-73.964,0.09,1.32,0.0
ATOM,884.0,HG22,ILE,40,76.547,-46.459,-73.315,0.09,1.32,0.0
ATOM,885.0,HG23,ILE,40,77.316,-45.234,-72.563,0.09,1.32,4.58
ATOM,886.0,HD11,ILE,40,77.669,-43.391,-75.011,0.09,1.32,0.0
ATOM,887.0,HD12,ILE,40,79.143,-42.899,-75.511,0.09,1.32,0.0
ATOM,888.0,HD13,ILE,40,78.381,-44.116,-76.288,0.09,1.32,0.0
ATOM,889.0,N,ARG,41,77.943,-49.043,-73.965,-0.47,1.85,0.0
ATOM,890.0,CA,ARG,41,77.031,-50.134,-73.663,0.07,2.275,0.14
ATOM,891.0,C,ARG,41,77.678,-51.449,-73.237,0.51,2.0,0.0
ATOM,892.0,O,ARG,41,77.138,-52.141,-72.372,-0.51,1.7,22.69
ATOM,893.0,CB,ARG,41,76.12,-50.391,-74.866,-0.18,2.175,0.0
ATOM,894.0,CG,ARG,41,75.53,-49.142,-75.499,-0.18,2.175,0.07
ATOM,895.0,CD,ARG,41,74.53,-48.440,-74.62,0.2,2.175,2.66
ATOM,896.0,NE,ARG,41,74.074,-47.195,-75.23,-0.7,1.85,1.83
ATOM,897.0,CZ,ARG,41,73.257,-46.320,-74.646,0.64,2.0,0.0
ATOM,898.0,NH1,ARG,41,72.788,-46.547,-73.432,-0.8,1.85,11.92
ATOM,899.0,NH2,ARG,41,72.933,-45.193,-75.264,-0.8,1.85,1.02
ATOM,900.0,H,ARG,41,78.396,-48.909,-74.886,0.31,0.2245,0.0
ATOM,901.0,HA,ARG,41,76.399,-49.831,-72.91,0.09,1.32,4.15
ATOM,902.0,HB2,ARG,41,76.653,-50.869,-75.563,0.09,1.32,0.0
ATOM,903.0,HB3,ARG,41,75.365,-50.972,-74.566,0.09,1.32,0.0
ATOM,904.0,HG2,ARG,41,76.274,-48.498,-75.711,0.09,1.32,0.0
ATOM,905.0,HG3,ARG,41,75.073,-49.394,-76.36,0.09,1.32,1.4
ATOM,906.0,HD2,ARG,41,73.75,-49.042,-74.485,0.09,1.32,2.01
ATOM,907.0,HD3,ARG,41,74.965,-48.236,-73.748,0.09,1.32,0.18
ATOM,908.0,HE,ARG,41,74.4,-46.980,-76.161,0.44,0.2245,0.0
ATOM,909.0,HH11,ARG,41,73.05,-47.364,-72.922,0.46,0.2245,11.32
ATOM,910.0,HH12,ARG,41,72.155,-45.886,-73.009,0.46,0.2245,9.85
ATOM,911.0,HH21,ARG,41,73.324,-44.996,-76.168,0.46,0.2245,0.93
ATOM,912.0,HH22,ARG,41,72.308,-44.545,-74.838,0.46,0.2245,0.0
ATOM,913.0,N,LYS,42,78.81,-51.807,-73.84,-0.47,1.85,0.0
ATOM,914.0,CA,LYS,42,79.489,-53.057,-73.507,0.07,2.275,1.21
ATOM,915.0,C,LYS,42,80.662,-52.863,-72.565,0.51,2.0,0.33
ATOM,916.0,O,LYS,42,81.195,-53.836,-72.036,-0.51,1.7,18.83
ATOM,917.0,CB,LYS,42,80.012,-53.726,-74.762,-0.18,2.175,1.19
ATOM,918.0,CG,LYS,42,78.989,-53.928,-75.851,-0.18,2.175,0.92
ATOM,919.0,CD,LYS,42,78.008,-55.046,-75.548,-0.18,2.175,9.08
ATOM,920.0,CE,LYS,42,77.156,-55.348,-76.791,0.21,2.175,4.5
ATOM,921.0,NZ,LYS,42,76.184,-56.467,-76.592,-0.3,1.85,11.69
ATOM,922.0,H,LYS,42,79.158,-51.137,-74.549,0.31,0.2245,0.0
ATOM,923.0,HA,LYS,42,78.818,-53.682,-73.068,0.09,1.32,4.26
ATOM,924.0,HB2,LYS,42,80.759,-53.163,-75.131,0.09,1.32,0.0
ATOM,925.0,HB3,LYS,42,80.385,-54.625,-74.507,0.09,1.32,6.07
ATOM,926.0,HG2,LYS,42,78.47,-53.072,-75.981,0.09,1.32,0.0
ATOM,927.0,HG3,LYS,42,79.462,-54.141,-76.716,0.09,1.32,0.0
ATOM,928.0,HD2,LYS,42,78.507,-55.863,-75.31,0.09,1.32,8.59
ATOM,929.0,HD3,LYS,42,77.404,-54.764,-74.821,0.09,1.32,0.47
ATOM,930.0,HE2,LYS,42,76.65,-54.512,-77.042,0.05,1.32,0.0
ATOM,931.0,HE3,LYS,42,77.774,-55.580,-77.553,0.05,1.32,3.35
ATOM,932.0,HZ1,LYS,42,75.689,-56.324,-75.737,0.33,0.2245,5.77
ATOM,933.0,HZ2,LYS,42,75.541,-56.482,-77.355,0.33,0.2245,8.1
ATOM,934.0,HZ3,LYS,42,76.682,-57.331,-76.553,0.33,0.2245,18.98
ATOM,935.0,N,ASN,43,81.075,-51.613,-72.363,-0.47,1.85,0.0
ATOM,936.0,CA,ASN,43,82.203,-51.301,-71.484,0.07,2.275,1.14
ATOM,937.0,C,ASN,43,83.47,-51.911,-72.063,0.51,2.0,0.86
ATOM,938.0,O,ASN,43,84.392,-52.282,-71.346,-0.51,1.7,13.27
ATOM,939.0,CB,ASN,43,81.968,-51.857,-70.083,-0.18,2.175,13.38
ATOM,940.0,CG,ASN,43,83.05,-51.443,-69.11,0.55,2.0,2.37
ATOM,941.0,H,ASN,43,80.535,-50.888,-72.876,0.31,0.2245,0.0
ATOM,942.0,HA,ASN,43,82.32,-50.308,-71.496,0.09,1.32,0.41
ATOM,943.0,HB2,ASN,43,81.093,-51.516,-69.751,0.09,1.32,10.42
ATOM,944.0,HB3,ASN,43,81.951,-52.851,-70.137,0.09,1.32,1.85
ATOM,945.0,OD1,ASN,43,83.114,-50.278,-68.697,-0.55,1.7,39.37
ATOM,946.0,ND2,ASN,43,83.925,-52.389,-68.75,-0.62,1.85,21.3
ATOM,947.0,HD22,ASN,43,83.838,-53.309,-69.132,0.3,0.2245,13.32
ATOM,948.0,HD21,ASN,43,84.655,-52.175,-68.108,0.32,0.2245,21.23
ATOM,949.0,N,LYS,44,83.821,-52.020,-72.893,-0.47,1.85,0.25
ATOM,950.0,CA,LYS,44,84.768,-52.523,-73.849,0.07,2.275,1.1
ATOM,951.0,C,LYS,44,85.385,-51.337,-74.587,0.51,2.0,0.86
ATOM,952.0,O,LYS,44,84.759,-50.752,-75.444,-0.51,1.7,0.0
ATOM,953.0,CB,LYS,44,83.936,-53.398,-74.785,-0.18,2.175,0.94
ATOM,954.0,CG,LYS,44,84.736,-54.202,-75.801,-0.18,2.175,1.77
ATOM,955.0,CD,LYS,44,86.091,-54.671,-75.287,-0.18,2.175,3.44
ATOM,956.0,CE,LYS,44,86.8,-55.576,-76.303,0.21,2.175,3.46
ATOM,957.0,NZ,LYS,44,88.076,-56.035,-75.751,-0.3,1.85,12.74
ATOM,958.0,H,LYS,44,83.011,-51.331,-73.668,0.31,0.2245,0.0
ATOM,959.0,HA,LYS,44,85.498,-53.014,-73.375,0.09,1.32,3.52
ATOM,960.0,HB2,LYS,44,83.407,-54.040,-74.225,0.09,1.32,3.11
ATOM,961.0,HB3,LYS,44,83.301,-52.804,-75.286,0.09,1.32,0.0
ATOM,962.0,HG2,LYS,44,84.197,-55.012,-76.073,0.09,1.32,6.05
ATOM,963.0,HG3,LYS,44,84.882,-53.636,-76.624,0.09,1.32,0.0
ATOM,964.0,HD2,LYS,44,86.667,-53.878,-75.121,0.09,1.32,0.0
ATOM,965.0,HD3,LYS,44,85.96,-55.188,-74.448,0.09,1.32,8.73
ATOM,966.0,HE2,LYS,44,86.208,-56.354,-76.495,0.05,1.32,5.53
ATOM,967.0,HE3,LYS,44,86.954,-55.051,-77.136,0.05,1.32,0.0
ATOM,968.0,HZ1,LYS,44,88.229,-56.997,-75.992,0.33,0.2245,19.43
ATOM,969.0,HZ2,LYS,44,88.829,-55.484,-76.121,0.33,0.2245,13.69
ATOM,970.0,HZ3,LYS,44,88.069,-55.947,-74.751,0.33,0.2245,15.21
ATOM,971.0,N,LEU,45,86.593,-51.407,-74.906,-0.47,1.85,0.7
ATOM,972.0,CA,LEU,45,87.302,-50.369,-75.628,0.07,2.275,0.0
ATOM,973.0,C,LEU,45,87.949,-51.009,-76.837,0.51,2.0,0.0
ATOM,974.0,O,LEU,45,89.008,-51.598,-76.713,-0.51,1.7,14.48
ATOM,975.0,CB,LEU,45,88.291,-49.613,-74.721,-0.18,2.175,3.97
ATOM,976.0,CG,LEU,45,89.225,-48.444,-75.043,-0.09,2.275,1.77
ATOM,977.0,CD1,LEU,45,90.518,-48.349,-74.231,-0.27,2.06,38.62
ATOM,978.0,CD2,LEU,45,89.581,-48.016,-76.467,-0.27,2.06,5.6
ATOM,979.0,H,LEU,45,87.094,-52.301,-74.609,0.31,0.2245,4.16
ATOM,980.0,HA,LEU,45,86.646,-49.687,-75.94,0.09,1.32,0.0
ATOM,981.0,HB2,LEU,45,87.727,-49.302,-73.877,0.09,1.32,9.45
ATOM,982.0,HB3,LEU,45,88.906,-50.357,-74.283,0.09,1.32,6.82
ATOM,983.0,HG,LEU,45,88.701,-47.569,-74.927,0.09,1.32,7.36
ATOM,984.0,HD11,LEU,45,91.059,-49.176,-74.374,0.09,1.32,9.92
ATOM,985.0,HD12,LEU,45,91.039,-47.551,-74.531,0.09,1.32,8.16
ATOM,986.0,HD13,LEU,45,90.294,-48.258,-73.262,0.09,1.32,11.14
ATOM,987.0,HD21,LEU,45,88.747,-47.759,-76.954,0.09,1.32,0.0
ATOM,988.0,HD22,LEU,45,90.203,-47.234,-76.432,0.09,1.32,0.66
ATOM,989.0,HD23,LEU,45,90.025,-48.777,-76.94,0.09,1.32,3.48
ATOM,990.0,N,ILE,46,87.312,-50.919,-77.999,-0.47,1.85,0.0
ATOM,991.0,CA,ILE,46,87.914,-51.466,-79.206,0.07,2.275,0.56
ATOM,992.0,C,ILE,46,88.021,-50.353,-80.233,0.51,2.0,0.0
ATOM,993.0,O,ILE,46,87.304,-49.358,-80.166,-0.51,1.7,0.0
ATOM,994.0,CB,ILE,46,87.086,-52.615,-79.841,-0.09,2.275,1.54
ATOM,995.0,CG1,ILE,46,85.846,-52.062,-80.546,-0.18,2.175,0.0
ATOM,996.0,CG2,ILE,46,86.68,-53.604,-78.787,-0.27,2.06,3.15
ATOM,997.0,CD1,ILE,46,84.879,-51.345,-79.632,-0.27,2.06,0.0
ATOM,998.0,H,ILE,46,86.398,-50.450,-77.97,0.31,0.2245,0.0
ATOM,999.0,HA,ILE,46,88.846,-51.724,-78.964,0.09,1.32,4.44
ATOM,1000.0,HB,ILE,46,87.659,-53.059,-80.521,0.09,1.32,1.03
ATOM,1001.0,HG12,ILE,46,86.146,-51.430,-81.262,0.09,1.32,0.0
ATOM,1002.0,HG13,ILE,46,85.368,-52.827,-80.982,0.09,1.32,0.0
ATOM,1003.0,HG21,ILE,46,86.178,-54.364,-79.204,0.09,1.32,0.0
ATOM,1004.0,HG22,ILE,46,87.492,-53.967,-78.325,0.09,1.32,1.57
ATOM,1005.0,HG23,ILE,46,86.091,-53.161,-78.108,0.09,1.32,0.0
ATOM,1006.0,HD11,ILE,46,85.341,-50.571,-79.202,0.09,1.32,0.0
ATOM,1007.0,HD12,ILE,46,84.101,-51.015,-80.165,0.09,1.32,0.0
ATOM,1008.0,HD13,ILE,46,84.558,-51.976,-78.927,0.09,1.32,0.0
ATOM,1009.0,N,THR,47,88.934,-50.531,-81.177,-0.47,1.85,0.03
ATOM,1010.0,CA,THR,47,89.145,-49.574,-82.253,0.07,2.275,0.0
ATOM,1011.0,C,THR,47,88.976,-50.400,-83.523,0.51,2.0,0.0
ATOM,1012.0,O,THR,47,89.726,-51.342,-83.756,-0.51,1.7,0.09
ATOM,1013.0,CB,THR,47,90.471,-48.799,-82.136,0.14,2.275,0.3
ATOM,1014.0,OG1,THR,47,91.329,-49.917,-81.896,-0.66,1.77,16.06
ATOM,1015.0,CG2,THR,47,90.696,-47.758,-81.036,-0.27,2.06,9.33
ATOM,1016.0,H,THR,47,89.487,-51.414,-81.083,0.31,0.2245,4.08
ATOM,1017.0,HA,THR,47,88.435,-48.897,-82.224,0.09,1.32,0.0
ATOM,1018.0,HB,THR,47,90.69,-48.413,-83.008,0.09,1.32,0.0
ATOM,1019.0,HG21,THR,47,91.671,-47.711,-80.813,0.09,1.32,10.77
ATOM,1020.0,HG22,THR,47,90.384,-46.862,-81.354,0.09,1.32,0.0
ATOM,1021.0,HG23,THR,47,90.181,-48.018,-80.218,0.09,1.32,0.0
ATOM,1022.0,HG1,THR,47,91.759,-50.220,-82.754,0.43,0.2245,1.69
ATOM,1023.0,N,LEU,48,87.984,-50.057,-84.334,-0.47,1.85,0.0
ATOM,1024.0,CA,LEU,48,87.711,-50.813,-85.55,0.07,2.275,0.0
ATOM,1025.0,C,LEU,48,88.487,-50.323,-86.766,0.51,2.0,0.0
ATOM,1026.0,O,LEU,48,89.112,-49.271,-86.729,-0.51,1.7,0.0
ATOM,1027.0,CB,LEU,48,86.194,-50.807,-85.816,-0.18,2.175,0.0
ATOM,1028.0,CG,LEU,48,85.367,-51.309,-84.631,-0.09,2.275,0.0
ATOM,1029.0,CD1,LEU,48,84.207,-51.962,-85.384,-0.27,2.06,0.78
ATOM,1030.0,CD2,LEU,48,86.196,-52.453,-84.046,-0.27,2.06,0.0
ATOM,1031.0,H,LEU,48,87.437,-49.230,-84.037,0.31,0.2245,0.0
ATOM,1032.0,HA,LEU,48,87.961,-51.786,-85.385,0.09,1.32,0.0
ATOM,1033.0,HB2,LEU,48,85.924,-49.879,-85.998,0.09,1.32,0.0
ATOM,1034.0,HB3,LEU,48,86.019,-51.402,-86.578,0.09,1.32,0.0
ATOM,1035.0,HG,LEU,48,85.044,-50.563,-84.126,0.09,1.32,0.0
ATOM,1036.0,HD11,LEU,48,84.561,-52.688,-85.972,0.09,1.32,0.0
ATOM,1037.0,HD12,LEU,48,83.562,-52.348,-84.726,0.09,1.32,0.02
ATOM,1038.0,HD13,LEU,48,83.746,-51.273,-85.942,0.09,1.32,0.0
ATOM,1039.0,HD21,LEU,48,87.087,-52.103,-83.759,0.09,1.32,0.0
ATOM,1040.0,HD22,LEU,48,85.718,-52.839,-83.258,0.09,1.32,0.0
ATOM,1041.0,HD23,LEU,48,86.321,-53.160,-84.741,0.09,1.32,0.0
ATOM,1042.0,N,SER,49,88.434,-51.093,-87.844,-0.47,1.85,0.0
ATOM,1043.0,CA,SER,49,89.178,-50.774,-89.054,0.07,2.275,0.0
ATOM,1044.0,C,SER,49,88.407,-50.012,-90.122,0.51,2.0,0.0
ATOM,1045.0,O,SER,49,87.52,-50.556,-90.776,-0.51,1.7,0.0
ATOM,1046.0,CB,SER,49,89.74,-52.082,-89.642,0.05,2.175,0.0
ATOM,1047.0,OG,SER,49,90.181,-51.947,-90.983,-0.66,1.77,0.0
ATOM,1048.0,H,SER,49,87.824,-51.932,-87.751,0.31,0.2245,0.0
ATOM,1049.0,HA,SER,49,89.983,-50.197,-88.782,0.09,1.32,0.08
ATOM,1050.0,HB2,SER,49,90.511,-52.379,-89.074,0.09,1.32,0.0
ATOM,1051.0,HB3,SER,49,89.02,-52.780,-89.605,0.09,1.32,0.0
ATOM,1052.0,HG,SER,49,91.175,-52.039,-91.017,0.43,0.2245,0.0
ATOM,1053.0,N,GLU,50,88.741,-48.747,-90.316,-0.47,1.85,0.0
ATOM,1054.0,CA,GLU,50,88.049,-48.004,-91.346,0.07,2.275,0.0
ATOM,1055.0,C,GLU,50,88.607,-48.381,-92.699,0.51,2.0,0.0
ATOM,1056.0,O,GLU,50,88.029,-48.020,-93.724,-0.51,1.7,0.0
ATOM,1057.0,CB,GLU,50,88.109,-46.490,-91.07,-0.18,2.175,0.0
ATOM,1058.0,CG,GLU,50,88.909,-46.244,-89.79,-0.28,2.175,1.72
ATOM,1059.0,CD,GLU,50,88.027,-45.362,-88.936,0.62,2.0,0.0
ATOM,1060.0,OE1,GLU,50,87.083,-45.012,-89.643,-0.76,1.7,0.0
ATOM,1061.0,OE2,GLU,50,88.025,-45.253,-87.718,-0.76,1.7,0.93
ATOM,1062.0,H,GLU,50,89.476,-48.375,-89.717,0.31,0.2245,0.22
ATOM,1063.0,HA,GLU,50,87.067,-48.211,-91.316,0.09,1.32,0.0
ATOM,1064.0,HB2,GLU,50,88.583,-46.076,-91.799,0.09,1.32,0.0
ATOM,1065.0,HB3,GLU,50,87.21,-46.181,-90.921,0.09,1.32,0.0
ATOM,1066.0,HG2,GLU,50,89.02,-47.078,-89.343,0.09,1.32,0.0
ATOM,1067.0,HG3,GLU,50,89.693,-45.752,-90.016,0.09,1.32,0.03
ATOM,1068.0,N,GLN,51,89.726,-49.102,-92.709,-0.47,1.85,0.0
ATOM,1069.0,CA,GLN,51,90.301,-49.540,-93.971,0.07,2.275,0.0
ATOM,1070.0,C,GLN,51,89.336,-50.556,-94.577,0.51,2.0,0.0
ATOM,1071.0,O,GLN,51,88.914,-50.423,-95.731,-0.51,1.7,0.0
ATOM,1072.0,CB,GLN,51,91.657,-50.196,-93.757,-0.18,2.175,0.0
ATOM,1073.0,CG,GLN,51,92.429,-50.409,-95.053,-0.18,2.175,0.0
ATOM,1074.0,CD,GLN,51,92.794,-49.097,-95.745,0.55,2.0,0.0
ATOM,1075.0,H,GLN,51,90.127,-49.310,-91.785,0.31,0.2245,0.26
ATOM,1076.0,HA,GLN,51,90.344,-48.760,-94.583,0.09,1.32,0.0
ATOM,1077.0,HB2,GLN,51,92.209,-49.616,-93.161,0.09,1.32,0.0
ATOM,1078.0,HB3,GLN,51,91.523,-51.088,-93.328,0.09,1.32,0.0
ATOM,1079.0,HG2,GLN,51,93.273,-50.901,-94.848,0.09,1.32,0.71
ATOM,1080.0,HG3,GLN,51,91.867,-50.949,-95.678,0.09,1.32,0.0
ATOM,1081.0,OE1,GLN,51,93.412,-48.221,-95.14,-0.55,1.7,0.0
ATOM,1082.0,NE2,GLN,51,92.421,-48.960,-97.015,-0.62,1.85,0.06
ATOM,1083.0,HE21,GLN,51,92.618,-48.113,-97.527,0.32,0.2245,0.75
ATOM,1084.0,HE22,GLN,51,91.929,-49.734,-97.464,0.3,0.2245,0.0
ATOM,1085.0,N,GLU,52,88.984,-51.571,-93.787,-0.47,1.85,0.0
ATOM,1086.0,CA,GLU,52,88.052,-52.598,-94.235,0.07,2.275,0.0
ATOM,1087.0,C,GLU,52,86.81,-51.933,-94.824,0.51,2.0,0.0
ATOM,1088.0,O,GLU,52,86.345,-52.296,-95.906,-0.51,1.7,0.0
ATOM,1089.0,CB,GLU,52,87.658,-53.495,-93.061,-0.18,2.175,0.0
ATOM,1090.0,CG,GLU,52,86.631,-54.567,-93.407,-0.28,2.175,0.0
ATOM,1091.0,CD,GLU,52,86.353,-55.524,-92.247,0.62,2.0,0.0
ATOM,1092.0,OE1,GLU,52,86.81,-55.233,-91.115,-0.76,1.7,0.0
ATOM,1093.0,OE2,GLU,52,85.673,-56.563,-92.465,-0.76,1.7,0.0
ATOM,1094.0,H,GLU,52,89.423,-51.563,-92.848,0.31,0.2245,0.0
ATOM,1095.0,HA,GLU,52,88.485,-53.171,-94.931,0.09,1.32,0.0
ATOM,1096.0,HB2,GLU,52,88.471,-53.954,-92.747,0.09,1.32,0.0
ATOM,1097.0,HB3,GLU,52,87.265,-52.923,-92.363,0.09,1.32,0.0
ATOM,1098.0,HG2,GLU,52,85.784,-54.124,-93.63,0.09,1.32,0.0
ATOM,1099.0,HG3,GLU,52,86.98,-55.104,-94.151,0.09,1.32,0.0
ATOM,1100.0,N,LEU,53,86.281,-50.954,-94.103,-0.47,1.85,0.0
ATOM,1101.0,CA,LEU,53,85.099,-50.222,-94.534,0.07,2.275,0.0
ATOM,1102.0,C,LEU,53,85.366,-49.485,-95.848,0.51,2.0,0.0
ATOM,1103.0,O,LEU,53,84.518,-49.448,-96.731,-0.51,1.7,0.0
ATOM,1104.0,CB,LEU,53,84.704,-49.233,-93.439,-0.18,2.175,0.0
ATOM,1105.0,CG,LEU,53,83.308,-48.622,-93.443,-0.09,2.275,0.0
ATOM,1106.0,CD1,LEU,53,82.246,-49.712,-93.31,-0.27,2.06,0.0
ATOM,1107.0,CD2,LEU,53,83.22,-47.637,-92.283,-0.27,2.06,0.0
ATOM,1108.0,H,LEU,53,86.781,-50.756,-93.208,0.31,0.2245,0.0
ATOM,1109.0,HA,LEU,53,84.351,-50.876,-94.687,0.09,1.32,0.0
ATOM,1110.0,HB2,LEU,53,84.82,-49.703,-92.549,0.09,1.32,0.0
ATOM,1111.0,HB3,LEU,53,85.364,-48.467,-93.469,0.09,1.32,0.0
ATOM,1112.0,HG,LEU,53,83.167,-48.130,-94.301,0.09,1.32,0.0
ATOM,1113.0,HD11,LEU,53,82.383,-50.205,-92.452,0.09,1.32,0.0
ATOM,1114.0,HD12,LEU,53,81.339,-49.293,-93.315,0.09,1.32,0.0
ATOM,1115.0,HD13,LEU,53,82.325,-50.347,-94.077,0.09,1.32,0.0
ATOM,1116.0,HD21,LEU,53,83.91,-46.922,-92.4,0.09,1.32,0.0
ATOM,1117.0,HD22,LEU,53,82.31,-47.223,-92.266,0.09,1.32,0.0
ATOM,1118.0,HD23,LEU,53,83.383,-48.120,-91.422,0.09,1.32,0.0
ATOM,1119.0,N,VAL,54,86.55,-48.898,-95.98,-0.47,1.85,0.0
ATOM,1120.0,CA,VAL,54,86.908,-48.184,-97.206,0.07,2.275,0.0
ATOM,1121.0,C,VAL,54,87.052,-49.141,-98.387,0.51,2.0,0.0
ATOM,1122.0,O,VAL,54,86.555,-48.860,-99.48,-0.51,1.7,4.64
ATOM,1123.0,CB,VAL,54,88.226,-47.396,-97.037,-0.09,2.275,0.0
ATOM,1124.0,CG1,VAL,54,88.758,-46.960,-98.389,-0.27,2.06,5.99
ATOM,1125.0,CG2,VAL,54,87.981,-46.177,-96.165,-0.27,2.06,0.0
ATOM,1126.0,H,VAL,54,87.18,-48.986,-95.165,0.31,0.2245,0.0
ATOM,1127.0,HA,VAL,54,86.165,-47.538,-97.419,0.09,1.32,0.0
ATOM,1128.0,HB,VAL,54,88.897,-48.015,-96.642,0.09,1.32,0.0
ATOM,1129.0,HG11,VAL,54,89.236,-47.724,-98.825,0.09,1.32,0.79
ATOM,1130.0,HG12,VAL,54,87.998,-46.670,-98.972,0.09,1.32,0.0
ATOM,1131.0,HG13,VAL,54,89.394,-46.196,-98.27,0.09,1.32,0.27
ATOM,1132.0,HG21,VAL,54,86.997,-46.057,-96.031,0.09,1.32,0.0
ATOM,1133.0,HG22,VAL,54,88.426,-46.308,-95.279,0.09,1.32,0.0
ATOM,1134.0,HG23,VAL,54,88.36,-45.367,-96.613,0.09,1.32,0.0
ATOM,1135.0,N,ASP,55,87.729,-50.265,-98.166,-0.47,1.85,0.0
ATOM,1136.0,CA,ASP,55,87.925,-51.258,-99.217,0.07,2.275,0.67
ATOM,1137.0,C,ASP,55,86.645,-51.984,-99.576,0.51,2.0,0.0
ATOM,1139.0,CB,ASP,55,88.949,-52.320,-98.797,-0.28,2.175,0.0
ATOM,1140.0,CG,ASP,55,90.33,-51.743,-98.551,0.62,2.0,0.0
ATOM,1141.0,OD1,ASP,55,90.547,-50.556,-98.887,-0.76,1.7,4.93
ATOM,1142.0,OD2,ASP,55,91.2,-52.478,-98.028,-0.76,1.7,0.0
ATOM,1143.0,H,ASP,55,88.097,-50.371,-97.202,0.31,0.2245,0.0
ATOM,1145.0,HB2,ASP,55,88.624,-52.742,-97.958,0.09,1.32,0.0
ATOM,1146.0,HB3,ASP,55,89.007,-52.993,-99.525,0.09,1.32,0.0
ATOM,1147.0,N,CYS,56,85.961,-52.496,-98.562,-0.47,1.85,0.0
ATOM,1148.0,CA,CYS,56,84.763,-53.298,-98.763,0.07,2.275,0.0
ATOM,1149.0,C,CYS,56,83.363,-52.682,-98.833,0.51,2.0,0.0
ATOM,1150.0,O,CYS,56,82.388,-53.421,-98.972,-0.51,1.7,2.79
ATOM,1151.0,CB,CYS,56,84.738,-54.396,-97.706,-0.1,2.175,0.0
ATOM,1152.0,SG,CYS,56,86.32,-55.252,-97.384,-0.08,1.975,0.0
ATOM,1153.0,H,CYS,56,86.351,-52.277,-97.62,0.31,0.2245,0.0
ATOM,1154.0,HA,CYS,56,84.901,-53.843,-99.656,0.09,1.32,0.0
ATOM,1155.0,HB2,CYS,56,84.427,-53.992,-96.838,0.09,1.32,0.0
ATOM,1156.0,HB3,CYS,56,84.066,-55.091,-97.99,0.09,1.32,0.18
ATOM,1157.0,N,SER,57,83.227,-51.365,-98.732,-0.47,1.85,0.0
ATOM,1158.0,CA,SER,57,81.886,-50.777,-98.803,0.07,2.275,0.0
ATOM,1161.0,CB,SER,57,81.801,-49.543,-97.902,0.05,2.175,0.0
ATOM,1162.0,OG,SER,57,80.487,-49.013,-97.87,-0.66,1.77,0.0
ATOM,1163.0,H,SER,57,84.086,-50.829,-98.608,0.31,0.2245,0.0
ATOM,1164.0,HA,SER,57,81.227,-51.471,-98.506,0.09,1.32,0.0
ATOM,1165.0,HB2,SER,57,82.069,-49.802,-96.977,0.09,1.32,0.0
ATOM,1166.0,HB3,SER,57,82.423,-48.847,-98.253,0.09,1.32,0.0
ATOM,1167.0,HG,SER,57,79.834,-49.726,-98.123,0.43,0.2245,0.0
ATOM,1196.0,NZ,LYS,59,74.0,-50.399,-98.972,-0.3,1.85,1.37
ATOM,1199.0,HB2,LYS,59,76.987,-49.646,-99.96,0.09,1.32,0.0
ATOM,1200.0,HB3,LYS,59,77.532,-48.161,-99.557,0.09,1.32,0.0
ATOM,1201.0,HG2,LYS,59,75.279,-47.953,-99.458,0.09,1.32,0.0
ATOM,1207.0,HZ1,LYS,59,73.782,-49.444,-98.773,0.33,0.2245,1.45
ATOM,1208.0,HZ2,LYS,59,73.16,-50.940,-98.975,0.33,0.2245,11.05
ATOM,1209.0,HZ3,LYS,59,74.623,-50.752,-98.275,0.33,0.2245,0.29
ATOM,1214.0,CB,ASN,60,81.035,-45.618,-99.665,-0.18,2.175,0.0
ATOM,1215.0,CG,ASN,60,79.996,-45.227,-98.656,0.55,2.0,0.0
ATOM,1216.0,OD1,ASN,60,79.303,-44.232,-98.825,-0.55,1.7,0.0
ATOM,1217.0,ND2,ASN,60,79.882,-46.005,-97.592,-0.62,1.85,0.0
ATOM,1220.0,HB2,ASN,60,81.495,-46.446,-99.352,0.09,1.32,0.0
ATOM,1221.0,HB3,ASN,60,81.695,-44.876,-99.755,0.09,1.32,0.0
ATOM,1222.0,HD22,ASN,60,80.477,-46.805,-97.488,0.3,0.2245,0.0
ATOM,1223.0,HD21,ASN,60,79.203,-45.799,-96.886,0.32,0.2245,0.0
ATOM,1250.0,HA2,GLY,62,86.351,-45.950,-99.828,0.09,1.32,0.0
ATOM,1257.0,SG,CYS,63,91.305,-43.421,-99.675,-0.08,1.975,3.07
ATOM,1259.0,HA,CYS,63,88.753,-42.268,-99.795,0.09,1.32,0.0
ATOM,1281.0,HA2,GLY,65,83.895,-39.260,-99.961,0.09,1.32,5.12
ATOM,1283.0,N,GLY,66,81.735,-40.605,-99.712,-0.47,1.85,3.43
ATOM,1284.0,CA,GLY,66,80.735,-41.563,-99.295,-0.02,2.175,2.58
ATOM,1285.0,C,GLY,66,79.705,-40.928,-98.383,0.51,2.0,0.0
ATOM,1286.0,O,GLY,66,79.818,-39.758,-98.012,-0.51,1.7,12.58
ATOM,1287.0,H,GLY,66,81.7,-39.593,-99.481,0.31,0.2245,7.19
ATOM,1289.0,HA3,GLY,66,81.181,-42.330,-98.81,0.09,1.32,0.0
ATOM,1290.0,N,LEU,67,78.685,-41.701,-98.029,-0.47,1.85,0.0
ATOM,1291.0,CA,LEU,67,77.637,-41.218,-97.137,0.07,2.275,0.0
ATOM,1292.0,C,LEU,67,77.689,-42.028,-95.847,0.51,2.0,0.0
ATOM,1293.0,O,LEU,67,78.074,-43.198,-95.85,-0.51,1.7,0.0
ATOM,1294.0,CB,LEU,67,76.256,-41.349,-97.794,-0.18,2.175,0.0
ATOM,1295.0,CG,LEU,67,76.116,-40.607,-99.118,-0.09,2.275,2.06
ATOM,1296.0,CD1,LEU,67,74.69,-40.692,-99.587,-0.27,2.06,29.51
ATOM,1297.0,CD2,LEU,67,76.525,-39.159,-98.934,-0.27,2.06,31.22
ATOM,1298.0,H,LEU,67,78.698,-42.656,-98.433,0.31,0.2245,0.0
ATOM,1299.0,HA,LEU,67,77.816,-40.262,-96.918,0.09,1.32,1.37
ATOM,1300.0,HB2,LEU,67,76.095,-42.309,-97.969,0.09,1.32,0.0
ATOM,1301.0,HB3,LEU,67,75.587,-40.979,-97.168,0.09,1.32,0.2
ATOM,1302.0,HG,LEU,67,76.72,-41.029,-99.79,0.09,1.32,4.18
ATOM,1303.0,HD11,LEU,67,74.08,-40.276,-98.908,0.09,1.32,4.48
ATOM,1305.0,HD13,LEU,67,74.427,-41.652,-99.716,0.09,1.32,1.29
ATOM,1306.0,HD21,LEU,67,77.478,-39.114,-98.628,0.09,1.32,0.0
ATOM,1307.0,HD22,LEU,67,76.434,-38.669,-99.803,0.09,1.32,10.03
ATOM,1308.0,HD23,LEU,67,75.937,-38.727,-98.248,0.09,1.32,9.38
ATOM,1309.0,N,ILE,68,77.299,-41.405,-94.745,-0.47,1.85,0.0
ATOM,1310.0,CA,ILE,68,77.343,-42.086,-93.463,0.07,2.275,0.0
ATOM,1311.0,C,ILE,68,76.402,-43.293,-93.416,0.51,2.0,0.0
ATOM,1312.0,O,ILE,68,76.824,-44.406,-93.075,-0.51,1.7,0.0
ATOM,1313.0,CB,ILE,68,77.014,-41.100,-92.331,-0.09,2.275,0.0
ATOM,1314.0,CG1,ILE,68,78.069,-39.985,-92.305,-0.18,2.175,0.18
ATOM,1315.0,CG2,ILE,68,76.942,-41.837,-91.014,-0.27,2.06,0.0
ATOM,1316.0,CD1,ILE,68,77.632,-38.706,-91.589,-0.27,2.06,1.82
ATOM,1317.0,H,ILE,68,76.975,-40.435,-94.874,0.31,0.2245,4.55
ATOM,1318.0,HA,ILE,68,78.278,-42.452,-93.364,0.09,1.32,0.0
ATOM,1319.0,HB,ILE,68,76.137,-40.685,-92.528,0.09,1.32,0.0
ATOM,1320.0,HG12,ILE,68,78.891,-40.337,-91.856,0.09,1.32,0.0
ATOM,1321.0,HG13,ILE,68,78.302,-39.752,-93.251,0.09,1.32,1.79
ATOM,1322.0,HG21,ILE,68,76.702,-41.199,-90.281,0.09,1.32,0.0
ATOM,1323.0,HG22,ILE,68,76.247,-42.555,-91.065,0.09,1.32,0.0
ATOM,1324.0,HG23,ILE,68,77.829,-42.253,-90.809,0.09,1.32,0.0
ATOM,1325.0,HD11,ILE,68,77.414,-38.925,-90.642,0.09,1.32,0.0
ATOM,1326.0,HD12,ILE,68,78.377,-38.046,-91.624,0.09,1.32,0.0
ATOM,1327.0,HD13,ILE,68,76.828,-38.338,-92.048,0.09,1.32,0.49
ATOM,1328.0,N,ASN,69,75.139,-43.077,-93.777,-0.47,1.85,0.0
ATOM,1329.0,CA,ASN,69,74.158,-44.154,-93.753,0.07,2.275,0.0
ATOM,1330.0,C,ASN,69,74.514,-45.324,-94.683,0.51,2.0,0.0
ATOM,1331.0,O,ASN,69,74.058,-46.450,-94.472,-0.51,1.7,0.0
ATOM,1332.0,CB,ASN,69,72.746,-43.601,-94.045,-0.18,2.175,2.76
ATOM,1333.0,CG,ASN,69,72.695,-42.714,-95.291,0.55,2.0,1.97
ATOM,1334.0,H,ASN,69,74.925,-42.108,-94.066,0.31,0.2245,0.0
ATOM,1335.0,HA,ASN,69,74.144,-44.528,-92.81,0.09,1.32,0.0
ATOM,1336.0,HB2,ASN,69,72.132,-44.372,-94.181,0.09,1.32,0.04
ATOM,1337.0,HB3,ASN,69,72.455,-43.061,-93.261,0.09,1.32,0.0
ATOM,1338.0,OD1,ASN,69,72.464,-43.192,-96.404,-0.55,1.7,17.86
ATOM,1339.0,ND2,ASN,69,72.914,-41.412,-95.102,-0.62,1.85,4.37
ATOM,1340.0,HD22,ASN,69,73.105,-41.072,-94.18,0.3,0.2245,0.0
ATOM,1341.0,HD21,ASN,69,72.889,-40.783,-95.874,0.32,0.2245,10.99
ATOM,1342.0,N,ASN,70,75.32,-45.073,-95.708,-0.47,1.85,0.0
ATOM,1343.0,CA,ASN,70,75.729,-46.163,-96.585,0.07,2.275,0.0
ATOM,1344.0,C,ASN,70,76.76,-46.965,-95.818,0.51,2.0,0.0
ATOM,1345.0,O,ASN,70,76.839,-48.188,-95.922,-0.51,1.7,0.0
ATOM,1346.0,CB,ASN,70,76.387,-45.635,-97.849,-0.18,2.175,0.0
ATOM,1347.0,CG,ASN,70,75.398,-45.079,-98.816,0.55,2.0,0.0
ATOM,1348.0,H,ASN,70,75.612,-44.098,-95.82,0.31,0.2245,0.0
ATOM,1349.0,HA,ASN,70,74.939,-46.747,-96.717,0.09,1.32,0.0
ATOM,1350.0,HB2,ASN,70,77.031,-44.916,-97.59,0.09,1.32,0.0
ATOM,1351.0,HB3,ASN,70,76.881,-46.388,-98.282,0.09,1.32,0.0
ATOM,1352.0,OD1,ASN,70,74.197,-45.307,-98.674,-0.55,1.7,12.91
ATOM,1353.0,ND2,ASN,70,75.887,-44.356,-99.823,-0.62,1.85,2.36
ATOM,1354.0,HD22,ASN,70,76.875,-44.218,-99.9,0.3,0.2245,0.98
ATOM,1356.0,N,ALA,71,77.566,-46.245,-95.05,-0.47,1.85,0.0
ATOM,1357.0,CA,ALA,71,78.598,-46.871,-94.263,0.07,2.275,0.0
ATOM,1358.0,C,ALA,71,77.937,-47.872,-93.326,0.51,2.0,0.0
ATOM,1359.0,O,ALA,71,78.236,-49.062,-93.374,-0.51,1.7,0.0
ATOM,1360.0,CB,ALA,71,79.354,-45.817,-93.492,-0.27,2.06,0.0
ATOM,1361.0,H,ALA,71,77.388,-45.223,-95.069,0.31,0.2245,0.0
ATOM,1362.0,HA,ALA,71,79.222,-47.365,-94.865,0.09,1.32,0.0
ATOM,1363.0,HB1,ALA,71,79.191,-45.931,-92.51,0.09,1.32,0.0
ATOM,1364.0,HB2,ALA,71,80.336,-45.901,-93.672,0.09,1.32,0.0
ATOM,1365.0,HB3,ALA,71,79.047,-44.905,-93.771,0.09,1.32,0.0
ATOM,1366.0,N,PHE,72,77.027,-47.393,-92.482,-0.47,1.85,0.0
ATOM,1367.0,CA,PHE,72,76.326,-48.270,-91.542,0.07,2.275,0.0
ATOM,1368.0,C,PHE,72,75.635,-49.423,-92.264,0.51,2.0,0.0
ATOM,1369.0,O,PHE,72,75.658,-50.565,-91.795,-0.51,1.7,0.0
ATOM,1370.0,CB,PHE,72,75.284,-47.482,-90.735,-0.18,2.175,0.0
ATOM,1371.0,CG,PHE,72,75.878,-46.512,-89.765,0.0,1.9924,0.0
ATOM,1372.0,CD1,PHE,72,77.061,-46.812,-89.102,-0.115,1.9924,0.0
ATOM,1373.0,CD2,PHE,72,75.26,-45.292,-89.515,-0.115,1.9924,0.0
ATOM,1374.0,CE1,PHE,72,77.623,-45.909,-88.207,-0.115,1.9924,0.0
ATOM,1375.0,CE2,PHE,72,75.82,-44.384,-88.618,-0.115,1.9924,0.0
ATOM,1376.0,CZ,PHE,72,77.006,-44.698,-87.965,-0.115,1.9924,0.0
ATOM,1377.0,H,PHE,72,76.861,-46.374,-92.545,0.31,0.2245,0.0
ATOM,1378.0,HA,PHE,72,77.027,-48.679,-90.945,0.09,1.32,0.0
ATOM,1379.0,HB2,PHE,72,74.728,-46.977,-91.379,0.09,1.32,0.0
ATOM,1380.0,HB3,PHE,72,74.742,-48.137,-90.228,0.09,1.32,0.0
ATOM,1381.0,HD1,PHE,72,77.516,-47.682,-89.267,0.115,1.3582,0.0
ATOM,1382.0,HD2,PHE,72,74.408,-45.062,-89.982,0.115,1.3582,0.0
ATOM,1383.0,HE1,PHE,72,78.483,-46.150,-87.738,0.115,1.3582,0.0
ATOM,1384.0,HE2,PHE,72,75.358,-43.501,-88.447,0.115,1.3582,0.0
ATOM,1385.0,HZ,PHE,72,77.411,-44.048,-87.322,0.115,1.3582,0.0
ATOM,1386.0,N,GLU,73,75.012,-49.101,-93.395,-0.47,1.85,0.0
ATOM,1387.0,CA,GLU,73,74.313,-50.075,-94.217,0.07,2.275,0.1
ATOM,1388.0,C,GLU,73,75.223,-51.265,-94.443,0.51,2.0,0.26
ATOM,1389.0,O,GLU,73,74.934,-52.382,-94.022,-0.51,1.7,2.18
ATOM,1390.0,CB,GLU,73,73.99,-49.467,-95.57,-0.18,2.175,0.0
ATOM,1391.0,CG,GLU,73,72.595,-49.734,-96.065,-0.28,2.175,9.59
ATOM,1392.0,CD,GLU,73,71.587,-48.896,-95.334,0.62,2.0,3.26
ATOM,1393.0,OE1,GLU,73,71.42,-49.106,-94.118,-0.76,1.7,9.33
ATOM,1394.0,OE2,GLU,73,70.976,-48.010,-95.971,-0.76,1.7,27.48
ATOM,1395.0,H,GLU,73,75.07,-48.084,-93.64,0.31,0.2245,0.0
ATOM,1396.0,HA,GLU,73,73.477,-50.372,-93.756,0.09,1.32,0.17
ATOM,1397.0,HB2,GLU,73,74.101,-48.486,-95.493,0.09,1.32,0.0
ATOM,1398.0,HB3,GLU,73,74.623,-49.846,-96.229,0.09,1.32,0.0
ATOM,1399.0,HG2,GLU,73,72.551,-49.497,-97.015,0.09,1.32,0.78
ATOM,1400.0,HG3,GLU,73,72.379,-50.676,-95.899,0.09,1.32,8.23
ATOM,1401.0,N,ASP,74,76.336,-51.006,-95.117,-0.47,1.85,0.0
ATOM,1402.0,CA,ASP,74,77.297,-52.047,-95.418,0.07,2.275,0.02
ATOM,1403.0,C,ASP,74,77.846,-52.753,-94.193,0.51,2.0,0.0
ATOM,1404.0,O,ASP,74,78.182,-53.931,-94.271,-0.51,1.7,0.0
ATOM,1405.0,CB,ASP,74,78.443,-51.495,-96.274,-0.28,2.175,0.24
ATOM,1406.0,CG,ASP,74,78.045,-51.327,-97.745,0.62,2.0,0.07
ATOM,1407.0,OD1,ASP,74,77.251,-52.160,-98.267,-0.76,1.7,9.33
ATOM,1408.0,OD2,ASP,74,78.537,-50.379,-98.391,-0.76,1.7,0.0
ATOM,1409.0,H,ASP,74,76.452,-50.013,-95.402,0.31,0.2245,0.0
ATOM,1410.0,HA,ASP,74,76.813,-52.752,-95.974,0.09,1.32,0.03
ATOM,1411.0,HB2,ASP,74,78.698,-50.608,-95.915,0.09,1.32,0.0
ATOM,1412.0,HB3,ASP,74,79.2,-52.130,-96.225,0.09,1.32,0.0
ATOM,1413.0,N,MET,75,77.951,-52.059,-93.062,-0.47,1.85,0.0
ATOM,1414.0,CA,MET,75,78.457,-52.713,-91.852,0.07,2.275,0.0
ATOM,1415.0,C,MET,75,77.51,-53.870,-91.564,0.51,2.0,0.0
ATOM,1416.0,O,MET,75,77.931,-54.981,-91.246,-0.51,1.7,0.0
ATOM,1417.0,CB,MET,75,78.465,-51.764,-90.651,-0.18,2.175,0.0
ATOM,1418.0,CG,MET,75,79.354,-50.545,-90.804,-0.14,2.175,0.0
ATOM,1419.0,SD,MET,75,79.375,-49.472,-89.327,-0.09,2.0,1.18
ATOM,1420.0,CE,MET,75,81.064,-48.756,-89.447,-0.22,2.06,0.48
ATOM,1421.0,H,MET,75,77.662,-51.078,-93.109,0.31,0.2245,0.0
ATOM,1422.0,HA,MET,75,79.351,-53.085,-92.051,0.09,1.32,0.0
ATOM,1423.0,HB2,MET,75,77.517,-51.450,-90.479,0.09,1.32,0.0
ATOM,1424.0,HB3,MET,75,78.766,-52.279,-89.832,0.09,1.32,0.0
ATOM,1425.0,HG2,MET,75,80.307,-50.856,-91.028,0.09,1.32,0.0
ATOM,1426.0,HG3,MET,75,79.045,-50.010,-91.625,0.09,1.32,0.0
ATOM,1427.0,HE1,MET,75,81.494,-49.106,-90.271,0.09,1.32,0.0
ATOM,1428.0,HE2,MET,75,80.982,-47.767,-89.489,0.09,1.32,0.0
ATOM,1429.0,HE3,MET,75,81.577,-49.030,-88.642,0.09,1.32,0.0
ATOM,1430.0,N,ILE,76,76.219,-53.600,-91.701,-0.47,1.85,0.0
ATOM,1431.0,CA,ILE,76,75.221,-54.618,-91.461,0.07,2.275,0.0
ATOM,1432.0,C,ILE,76,75.391,-55.773,-92.434,0.51,2.0,0.0
ATOM,1433.0,O,ILE,76,75.416,-56.929,-92.018,-0.51,1.7,10.76
ATOM,1434.0,CB,ILE,76,73.823,-54.037,-91.573,-0.09,2.275,0.6
ATOM,1435.0,CG1,ILE,76,73.666,-52.918,-90.544,-0.18,2.175,0.0
ATOM,1436.0,CG2,ILE,76,72.806,-55.114,-91.325,-0.27,2.06,29.11
ATOM,1437.0,CD1,ILE,76,72.298,-52.295,-90.491,-0.27,2.06,6.56
ATOM,1438.0,H,ILE,76,76.001,-52.629,-91.985,0.31,0.2245,0.0
ATOM,1439.0,HA,ILE,76,75.402,-54.988,-90.544,0.09,1.32,1.92
ATOM,1440.0,HB,ILE,76,73.718,-53.638,-92.474,0.09,1.32,1.17
ATOM,1441.0,HG12,ILE,76,73.893,-53.290,-89.639,0.09,1.32,0.0
ATOM,1442.0,HG13,ILE,76,74.34,-52.203,-90.758,0.09,1.32,0.0
ATOM,1443.0,HG21,ILE,76,71.881,-54.736,-91.397,0.09,1.32,5.88
ATOM,1444.0,HG22,ILE,76,72.91,-55.847,-92.0,0.09,1.32,4.24
ATOM,1445.0,HG23,ILE,76,72.929,-55.498,-90.408,0.09,1.32,5.24
ATOM,1446.0,HD11,ILE,76,71.62,-52.993,-90.26,0.09,1.32,2.24
ATOM,1447.0,HD12,ILE,76,72.283,-51.576,-89.795,0.09,1.32,0.0
ATOM,1448.0,HD13,ILE,76,72.075,-51.898,-91.382,0.09,1.32,2.14
ATOM,1449.0,N,GLU,77,75.515,-55.478,-93.727,-0.47,1.85,0.06
ATOM,1450.0,CA,GLU,77,75.702,-56.553,-94.7,0.07,2.275,0.0
ATOM,1451.0,C,GLU,77,77.005,-57.312,-94.435,0.51,2.0,0.43
ATOM,1452.0,O,GLU,77,76.988,-58.533,-94.266,-0.51,1.7,24.57
ATOM,1453.0,CB,GLU,77,75.687,-56.022,-96.137,-0.18,2.175,1.6
ATOM,1454.0,CG,GLU,77,74.447,-56.477,-96.912,-0.28,2.175,15.55
ATOM,1455.0,CD,GLU,77,74.483,-56.117,-98.399,0.62,2.0,3.68
ATOM,1456.0,OE1,GLU,77,74.696,-57.180,-98.981,-0.76,1.7,41.16
ATOM,1457.0,OE2,GLU,77,74.072,-55.116,-98.968,-0.76,1.7,29.75
ATOM,1458.0,H,GLU,77,75.47,-54.484,-93.965,0.31,0.2245,0.0
ATOM,1459.0,HA,GLU,77,74.928,-57.194,-94.65,0.09,1.32,5.72
ATOM,1460.0,HB2,GLU,77,75.667,-55.047,-96.097,0.09,1.32,0.13
ATOM,1461.0,HB3,GLU,77,76.469,-56.378,-96.598,0.09,1.32,5.16
ATOM,1462.0,HG2,GLU,77,74.388,-57.457,-96.848,0.09,1.32,7.74
ATOM,1463.0,HG3,GLU,77,73.66,-56.033,-96.522,0.09,1.32,9.6
ATOM,1464.0,N,LEU,78,78.125,-56.593,-94.378,-0.47,1.85,0.0
ATOM,1465.0,CA,LEU,78,79.416,-57.216,-94.121,0.07,2.275,0.63
ATOM,1466.0,C,LEU,78,79.353,-58.044,-92.846,0.51,2.0,0.0
ATOM,1467.0,O,LEU,78,80.102,-59.004,-92.68,-0.51,1.7,13.77
ATOM,1468.0,CB,LEU,78,80.537,-56.160,-94.093,-0.18,2.175,0.0
ATOM,1469.0,CG,LEU,78,80.929,-56.026,-95.566,-0.09,2.275,0.59
ATOM,1470.0,CD1,LEU,78,81.804,-54.784,-95.385,-0.27,2.06,0.0
ATOM,1471.0,CD2,LEU,78,81.722,-56.982,-96.458,-0.27,2.06,16.33
ATOM,1472.0,H,LEU,78,77.997,-55.575,-94.529,0.31,0.2245,0.0
ATOM,1473.0,HA,LEU,78,79.637,-57.827,-94.886,0.09,1.32,3.2
ATOM,1474.0,HB2,LEU,78,80.161,-55.339,-93.813,0.09,1.32,0.0
ATOM,1475.0,HB3,LEU,78,81.271,-56.522,-93.625,0.09,1.32,0.0
ATOM,1476.0,HG,LEU,78,80.167,-55.806,-96.077,0.09,1.32,2.61
ATOM,1477.0,HD11,LEU,78,82.55,-54.994,-94.754,0.09,1.32,0.0
ATOM,1478.0,HD12,LEU,78,82.179,-54.513,-96.27,0.09,1.32,0.0
ATOM,1479.0,HD13,LEU,78,81.25,-54.041,-95.013,0.09,1.32,0.0
ATOM,1480.0,HD21,LEU,78,81.246,-57.860,-96.508,0.09,1.32,6.08
ATOM,1481.0,HD22,LEU,78,81.801,-56.591,-97.374,0.09,1.32,3.32
ATOM,1482.0,HD23,LEU,78,82.634,-57.116,-96.071,0.09,1.32,0.0
ATOM,1483.0,N,GLY,79,78.459,-57.679,-91.94,-0.47,1.85,0.0
ATOM,1484.0,CA,GLY,79,78.368,-58.414,-90.695,-0.02,2.175,15.97
ATOM,1485.0,C,GLY,79,79.531,-58.059,-89.787,0.51,2.0,2.13
ATOM,1486.0,O,GLY,79,80.313,-58.920,-89.39,-0.51,1.7,14.38
ATOM,1487.0,H,GLY,79,77.872,-56.876,-92.187,0.31,0.2245,0.0
ATOM,1488.0,HA2,GLY,79,77.504,-58.191,-90.231,0.09,1.32,6.62
ATOM,1489.0,HA3,GLY,79,78.382,-59.402,-90.883,0.09,1.32,9.27
ATOM,1490.0,N,GLY,79A,79.669,-56.776,-89.475,-0.47,1.85,0.65
ATOM,1491.0,CA,GLY,79A,80.745,-56.349,-88.608,-0.02,2.175,0.65
ATOM,1492.0,C,GLY,79A,82.039,-56.006,-89.315,0.51,2.0,0.0
ATOM,1493.0,O,GLY,79A,82.311,-56.458,-90.427,-0.51,1.7,0.0
ATOM,1494.0,H,GLY,79A,78.969,-56.143,-89.89,0.31,0.2245,0.08
ATOM,1495.0,HA2,GLY,79A,80.436,-55.534,-88.065,0.09,1.32,0.0
ATOM,1496.0,HA3,GLY,79A,80.929,-57.083,-87.914,0.09,1.32,0.98
ATOM,1497.0,N,ILE,80,82.844,-55.190,-88.65,-0.47,1.85,0.0
ATOM,1498.0,CA,ILE,80,84.134,-54.775,-89.162,0.07,2.275,0.0
ATOM,1499.0,C,ILE,80,85.215,-55.303,-88.224,0.51,2.0,0.0
ATOM,1500.0,O,ILE,80,84.98,-55.501,-87.03,-0.51,1.7,0.0
ATOM,1501.0,CB,ILE,80,84.19,-53.251,-89.379,-0.09,2.275,0.0
ATOM,1502.0,CG1,ILE,80,83.581,-53.349,-90.78,-0.18,2.175,0.0
ATOM,1503.0,CG2,ILE,80,85.529,-52.502,-89.498,-0.27,2.06,0.0
ATOM,1504.0,CD1,ILE,80,82.139,-53.620,-90.348,-0.27,2.06,0.0
ATOM,1505.0,H,ILE,80,82.466,-54.873,-87.725,0.31,0.2245,0.0
ATOM,1506.0,HA,ILE,80,84.261,-55.244,-90.032,0.09,1.32,0.0
ATOM,1507.0,HB,ILE,80,83.557,-52.858,-88.816,0.09,1.32,0.03
ATOM,1508.0,HG12,ILE,80,83.626,-52.514,-91.195,0.09,1.32,0.0
ATOM,1509.0,HG13,ILE,80,83.918,-54.111,-91.206,0.09,1.32,0.0
ATOM,1510.0,HG21,ILE,80,86.128,-52.973,-90.106,0.09,1.32,0.0
ATOM,1511.0,HG22,ILE,80,86.097,-53.554,-88.583,0.09,1.32,0.0
ATOM,1512.0,HG23,ILE,80,85.767,-54.540,-89.839,0.09,1.32,0.0
ATOM,1513.0,HD11,ILE,80,81.818,-52.855,-89.796,0.09,1.32,0.62
ATOM,1514.0,HD12,ILE,80,81.571,-53.717,-91.161,0.09,1.32,0.0
ATOM,1515.0,HD13,ILE,80,82.115,-54.461,-89.813,0.09,1.32,0.0
ATOM,1516.0,N,CYS,81,86.398,-55.542,-88.779,-0.47,1.85,0.0
ATOM,1517.0,CA,CYS,81,87.531,-56.043,-88.013,0.07,2.275,0.0
ATOM,1518.0,C,CYS,81,88.218,-54.951,-87.201,0.51,2.0,0.0
ATOM,1519.0,O,CYS,81,88.094,-53.768,-87.506,-0.51,1.7,0.0
ATOM,1520.0,CB,CYS,81,88.589,-56.625,-88.953,-0.1,2.175,0.0
ATOM,1521.0,SG,CYS,81,88.258,-58.262,-89.675,-0.08,1.975,0.0
ATOM,1522.0,H,CYS,81,86.444,-55.341,-89.802,0.31,0.2245,0.0
ATOM,1523.0,HA,CYS,81,87.191,-56.745,-87.367,0.09,1.32,0.0
ATOM,1524.0,HB2,CYS,81,88.723,-55.971,-89.713,0.09,1.32,0.0
ATOM,1525.0,HB3,CYS,81,89.461,-56.681,-88.441,0.09,1.32,0.0
ATOM,1526.0,N,PRO,82,88.94,-55.343,-86.139,-0.29,1.85,0.0
ATOM,1527.0,CA,PRO,82,89.662,-54.381,-85.31,0.02,2.275,0.0
ATOM,1528.0,C,PRO,82,90.756,-53.819,-86.216,0.51,2.0,0.0
ATOM,1529.0,O,PRO,82,91.311,-54.557,-87.027,-0.51,1.7,0.0
ATOM,1530.0,CB,PRO,82,90.221,-55.254,-84.2,-0.18,2.175,9.08
ATOM,1531.0,CG,PRO,82,89.148,-56.241,-84.019,-0.18,2.175,5.72
ATOM,1532.0,CD,PRO,82,88.822,-56.630,-85.433,0.0,2.175,0.16
ATOM,1533.0,HA,PRO,82,89.071,-53.669,-84.984,0.09,1.32,0.0
ATOM,1534.0,HB2,PRO,82,91.073,-55.686,-84.486,0.09,1.32,0.01
ATOM,1535.0,HB3,PRO,82,90.373,-54.720,-83.373,0.09,1.32,5.44
ATOM,1536.0,HG2,PRO,82,89.465,-57.031,-83.5,0.09,1.32,9.41
ATOM,1537.0,HG3,PRO,82,88.354,-55.836,-83.572,0.09,1.32,0.0
ATOM,1538.0,HD2,PRO,82,89.476,-57.288,-85.792,0.09,1.32,0.0
ATOM,1539.0,HD3,PRO,82,87.896,-56.989,-85.51,0.09,1.32,0.0
ATOM,1540.0,N,ASP,83,91.061,-52.531,-86.098,-0.47,1.85,0.0
ATOM,1541.0,CA,ASP,83,92.081,-51.930,-86.949,0.07,2.275,0.0
ATOM,1542.0,C,ASP,83,93.466,-52.449,-86.609,0.51,2.0,0.0
ATOM,1543.0,O,ASP,83,94.463,-52.000,-87.174,-0.51,1.7,7.7
ATOM,1544.0,CB,ASP,83,92.05,-50.404,-86.831,-0.28,2.175,4.03
ATOM,1545.0,CG,ASP,83,92.247,-49.930,-85.413,0.62,2.0,2.42
ATOM,1546.0,OD1,ASP,83,92.46,-50.801,-84.535,-0.76,1.7,7.09
ATOM,1547.0,OD2,ASP,83,92.188,-48.698,-85.178,-0.76,1.7,15.42
ATOM,1548.0,H,ASP,83,90.533,-52.015,-85.379,0.31,0.2245,0.0
ATOM,1549.0,HA,ASP,83,91.881,-52.213,-87.897,0.09,1.32,0.0
ATOM,1550.0,HB2,ASP,83,92.78,-50.040,-87.398,0.09,1.32,2.18
ATOM,1551.0,HB3,ASP,83,91.166,-50.091,-87.158,0.09,1.32,0.0
ATOM,1552.0,N,GLY,84,93.523,-53.393,-85.677,-0.47,1.85,0.33
ATOM,1553.0,CA,GLY,84,94.791,-53.977,-85.295,-0.02,2.175,18.91
ATOM,1554.0,C,GLY,84,95.153,-55.099,-86.248,0.51,2.0,0.29
ATOM,1555.0,O,GLY,84,96.317,-55.443,-86.399,-0.51,1.7,26.29
ATOM,1556.0,H,GLY,84,92.613,-53.661,-85.267,0.31,0.2245,0.0
ATOM,1557.0,HA2,GLY,84,95.509,-53.275,-85.319,0.09,1.32,8.57
ATOM,1558.0,HA3,GLY,84,94.73,-54.341,-84.36,0.09,1.32,11.46
ATOM,1559.0,N,ASP,85,94.147,-55.668,-86.9,-0.47,1.85,0.0
ATOM,1560.0,CA,ASP,85,94.341,-56.763,-87.85,0.07,2.275,1.44
ATOM,1561.0,C,ASP,85,94.162,-56.281,-89.283,0.51,2.0,0.0
ATOM,1562.0,O,ASP,85,94.584,-56.946,-90.235,-0.51,1.7,5.31
ATOM,1563.0,CB,ASP,85,93.319,-57.861,-87.591,-0.28,2.175,0.96
ATOM,1564.0,CG,ASP,85,93.295,-58.295,-86.159,0.62,2.0,0.05
ATOM,1565.0,OD1,ASP,85,94.262,-58.959,-85.724,-0.76,1.7,36.99
ATOM,1566.0,OD2,ASP,85,92.313,-57.963,-85.466,-0.76,1.7,10.63
ATOM,1567.0,H,ASP,85,93.207,-55.270,-86.679,0.31,0.2245,0.0
ATOM,1568.0,HA,ASP,85,95.295,-57.070,-87.757,0.09,1.32,6.04
ATOM,1569.0,HB2,ASP,85,92.422,-57.509,-87.841,0.09,1.32,0.0
ATOM,1570.0,HB3,ASP,85,93.554,-58.639,-88.165,0.09,1.32,2.96
ATOM,1571.0,N,TYR,86,93.51,-55.132,-89.425,-0.47,1.85,0.0
ATOM,1572.0,CA,TYR,86,93.24,-54.540,-90.731,0.07,2.275,0.0
ATOM,1573.0,C,TYR,86,93.616,-53.063,-90.635,0.51,2.0,0.0
ATOM,1574.0,O,TYR,86,92.749,-52.196,-90.534,-0.51,1.7,0.1
ATOM,1575.0,CB,TYR,86,91.749,-54.712,-91.055,-0.18,2.175,0.0
ATOM,1576.0,CG,TYR,86,91.379,-54.652,-92.528,0.0,1.9924,0.0
ATOM,1577.0,CD1,TYR,86,90.41,-55.521,-93.058,-0.115,1.9924,0.0
ATOM,1578.0,CD2,TYR,86,91.955,-53.708,-93.379,-0.115,1.9924,0.0
ATOM,1579.0,CE1,TYR,86,90.024,-55.450,-94.391,-0.115,1.9924,0.0
ATOM,1580.0,CE2,TYR,86,91.576,-53.625,-94.721,-0.115,1.9924,0.0
ATOM,1581.0,CZ,TYR,86,90.612,-54.499,-95.216,0.11,1.9924,0.0
ATOM,1582.0,OH,TYR,86,90.233,-54.415,-96.532,-0.54,1.77,0.0
ATOM,1583.0,H,TYR,86,93.209,-54.692,-88.527,0.31,0.2245,0.0
ATOM,1584.0,HA,TYR,86,93.832,-54.968,-91.401,0.09,1.32,0.0
ATOM,1585.0,HB2,TYR,86,91.453,-55.602,-90.697,0.09,1.32,0.0
ATOM,1586.0,HB3,TYR,86,91.241,-53.988,-90.58,0.09,1.32,0.0
ATOM,1587.0,HD1,TYR,86,89.991,-56.206,-92.459,0.115,1.3582,0.0
ATOM,1588.0,HD2,TYR,86,92.645,-53.083,-93.027,0.115,1.3582,0.0
ATOM,1589.0,HE1,TYR,86,89.333,-56.072,-94.752,0.115,1.3582,0.0
ATOM,1590.0,HE2,TYR,86,91.993,-52.946,-95.319,0.115,1.3582,0.0
ATOM,1591.0,HH,TYR,86,90.703,-53.645,-96.962,0.43,0.2245,0.0
ATOM,1592.0,N,PRO,87,94.929,-52.768,-90.646,-0.29,1.85,0.0
ATOM,1593.0,CA,PRO,87,95.554,-51.441,-90.562,0.02,2.275,0.01
ATOM,1594.0,C,PRO,87,95.116,-50.465,-91.636,0.51,2.0,0.0
ATOM,1595.0,O,PRO,87,94.794,-50.849,-92.759,-0.51,1.7,1.11
ATOM,1596.0,CB,PRO,87,97.039,-51.754,-90.683,-0.18,2.175,12.83
ATOM,1597.0,CG,PRO,87,97.146,-53.105,-90.089,-0.18,2.175,17.89
ATOM,1598.0,CD,PRO,87,95.967,-53.811,-90.699,0.0,2.175,1.31
ATOM,1599.0,HA,PRO,87,95.405,-51.043,-89.63,0.09,1.32,0.95
ATOM,1600.0,HB2,PRO,87,97.324,-51.755,-91.642,0.09,1.32,2.16
ATOM,1601.0,HB3,PRO,87,97.584,-51.088,-90.174,0.09,1.32,10.94
ATOM,1602.0,HG2,PRO,87,97.997,-53.546,-90.351,0.09,1.32,11.45
ATOM,1603.0,HG3,PRO,87,97.064,-53.068,-89.099,0.09,1.32,2.51
ATOM,1604.0,HD2,PRO,87,96.148,-54.079,-91.64,0.09,1.32,0.0
ATOM,1605.0,HD3,PRO,87,95.696,-54.604,-90.161,0.09,1.32,0.0
ATOM,1606.0,N,TYR,88,95.126,-49.189,-91.287,-0.47,1.85,0.14
ATOM,1607.0,CA,TYR,88,94.74,-48.137,-92.219,0.07,2.275,0.0
ATOM,1608.0,C,TYR,88,95.934,-47.804,-93.106,0.51,2.0,0.0
ATOM,1609.0,O,TYR,88,97.067,-47.788,-92.632,-0.51,1.7,17.12
ATOM,1610.0,CB,TYR,88,94.319,-46.893,-91.445,-0.18,2.175,10.42
ATOM,1611.0,CG,TYR,88,93.722,-45.832,-92.312,0.0,1.9924,0.0
ATOM,1612.0,CD1,TYR,88,92.526,-46.063,-92.996,-0.115,1.9924,0.0
ATOM,1613.0,CD2,TYR,88,94.359,-44.599,-92.477,-0.115,1.9924,3.38
ATOM,1614.0,CE1,TYR,88,91.976,-45.095,-93.825,-0.115,1.9924,0.09
ATOM,1615.0,CE2,TYR,88,93.818,-43.620,-93.305,-0.115,1.9924,0.0
ATOM,1616.0,CZ,TYR,88,92.619,-43.878,-93.977,0.11,1.9924,0.0
ATOM,1617.0,OH,TYR,88,92.064,-42.913,-94.793,-0.54,1.77,0.0
ATOM,1618.0,H,TYR,88,95.427,-49.004,-90.309,0.31,0.2245,7.75
ATOM,1619.0,HA,TYR,88,94.006,-48.483,-92.801,0.09,1.32,0.0
ATOM,1620.0,HB2,TYR,88,93.645,-47.165,-90.763,0.09,1.32,3.16
ATOM,1621.0,HB3,TYR,88,95.126,-46.519,-90.995,0.09,1.32,6.22
ATOM,1622.0,HD1,TYR,88,92.059,-46.941,-92.887,0.115,1.3582,0.0
ATOM,1623.0,HD2,TYR,88,95.211,-44.419,-91.994,0.115,1.3582,3.33
ATOM,1624.0,HE1,TYR,88,91.118,-45.276,-94.309,0.115,1.3582,0.0
ATOM,1625.0,HE2,TYR,88,94.276,-42.745,-93.421,0.115,1.3582,0.0
ATOM,1626.0,HH,TYR,88,92.576,-42.063,-94.687,0.43,0.2245,0.0
ATOM,1627.0,N,VAL,89,95.689,-47.543,-94.387,-0.47,1.85,0.0
ATOM,1628.0,CA,VAL,89,96.764,-47.206,-95.32,0.07,2.275,3.39
ATOM,1629.0,C,VAL,89,96.321,-46.112,-96.292,0.51,2.0,0.02
ATOM,1630.0,O,VAL,89,96.973,-45.850,-97.304,-0.51,1.7,4.05
ATOM,1631.0,CB,VAL,89,97.266,-48.470,-96.042,-0.09,2.275,1.81
ATOM,1632.0,CG1,VAL,89,97.813,-49.698,-95.317,-0.27,2.06,25.56
ATOM,1633.0,CG2,VAL,89,96.294,-48.917,-97.118,-0.27,2.06,0.05
ATOM,1634.0,H,VAL,89,94.69,-47.598,-94.662,0.31,0.2245,0.0
ATOM,1635.0,HA,VAL,89,97.54,-46.851,-94.788,0.09,1.32,7.27
ATOM,1636.0,HB,VAL,89,98.03,-48.162,-96.694,0.09,1.32,2.5
ATOM,1637.0,HG11,VAL,89,98.574,-49.425,-94.731,0.09,1.32,9.17
ATOM,1638.0,HG12,VAL,89,97.09,-50.103,-94.759,0.09,1.32,0.0
ATOM,1639.0,HG13,VAL,89,98.131,-50.365,-95.989,0.09,1.32,8.3
ATOM,1640.0,HG21,VAL,89,95.543,-49.427,-96.697,0.09,1.32,0.0
ATOM,1641.0,HG22,VAL,89,95.929,-48.114,-97.591,0.09,1.32,0.0
ATOM,1642.0,HG23,VAL,89,96.771,-49.504,-97.774,0.09,1.32,1.48
ATOM,1643.0,N,SER,90,95.203,-45.476,-95.962,-0.47,1.85,0.0
ATOM,1644.0,CA,SER,90,94.622,-44.406,-96.771,0.07,2.275,0.2
ATOM,1645.0,C,SER,90,94.554,-44.731,-98.265,0.51,2.0,0.0
ATOM,1646.0,O,SER,90,94.069,-45.795,-98.651,-0.51,1.7,2.66
ATOM,1647.0,CB,SER,90,95.4,-43.102,-96.515,0.05,2.175,0.03
ATOM,1648.0,OG,SER,90,96.814,-42.921,-96.586,-0.66,1.77,10.47
ATOM,1649.0,H,SER,90,94.769,-45.807,-95.067,0.31,0.2245,0.0
ATOM,1650.0,HA,SER,90,93.671,-44.251,-96.447,0.09,1.32,0.01
ATOM,1651.0,HB2,SER,90,94.969,-42.356,-97.14,0.09,1.32,0.0
ATOM,1652.0,HB3,SER,90,95.098,-42.744,-95.559,0.09,1.32,0.0
ATOM,1653.0,HG,SER,90,97.065,-42.663,-97.516,0.43,0.2245,2.45
ATOM,1654.0,N,ASP,90A,95.049,-43.814,-99.092,-0.47,1.85,0.0
ATOM,1660.0,OD1,ASP,90A,97.352,-42.216,-99.689,-0.76,1.7,11.05
ATOM,1662.0,H,ASP,90A,95.457,-42.977,-98.611,0.31,0.2245,0.0
ATOM,1670.0,CB,ALA,91,98.382,-47.400,-99.825,-0.27,2.06,20.91
ATOM,1671.0,H,ALA,91,96.839,-45.326,-99.468,0.31,0.2245,0.01
ATOM,1673.0,HB1,ALA,91,98.059,-47.066,-98.937,0.09,1.32,0.0
ATOM,1674.0,HB2,ALA,91,98.335,-48.401,-99.834,0.09,1.32,2.58
ATOM,1675.0,HB3,ALA,91,99.335,-47.117,-99.953,0.09,1.32,11.85
ATOM,1694.0,CB,ASN,93,94.422,-51.599,-99.898,-0.18,2.175,0.94
ATOM,1695.0,CG,ASN,93,94.655,-52.609,-98.814,0.55,2.0,0.31
ATOM,1698.0,HB2,ASN,93,95.108,-50.878,-99.824,0.09,1.32,0.0
ATOM,1699.0,HB3,ASN,93,93.509,-51.211,-99.79,0.09,1.32,0.06
ATOM,1700.0,OD1,ASN,93,95.534,-53.400,-98.484,-0.55,1.7,26.48
ATOM,1701.0,ND2,ASN,93,93.415,-52.631,-98.296,-0.62,1.85,0.09
ATOM,1702.0,HD22,ASN,93,92.593,-52.217,-98.462,0.3,0.2245,0.0
ATOM,1703.0,HD21,ASN,93,93.344,-53.330,-97.438,0.32,0.2245,0.01
ATOM,1707.0,O,LEU,94,92.029,-55.661,-99.869,-0.51,1.7,6.67
ATOM,1724.0,CA,CYS,95,89.275,-55.771,-99.789,0.07,2.275,0.0
ATOM,1725.0,C,CYS,95,89.326,-57.249,-99.394,0.51,2.0,0.0
ATOM,1728.0,SG,CYS,95,86.674,-56.362,-99.048,-0.08,1.975,8.28
ATOM,1730.0,HA,CYS,95,89.623,-55.228,-99.002,0.09,1.32,0.0
ATOM,1731.0,HB2,CYS,95,87.718,-54.412,-99.744,0.09,1.32,0.0
ATOM,1733.0,N,ASN,96,89.386,-57.506,-98.089,-0.47,1.85,0.0
ATOM,1734.0,CA,ASN,96,89.417,-58.870,-97.567,0.07,2.275,0.14
ATOM,1735.0,C,ASN,96,88.765,-58.948,-96.187,0.51,2.0,0.0
ATOM,1736.0,O,ASN,96,89.321,-58.491,-95.193,-0.51,1.7,0.0
ATOM,1737.0,CB,ASN,96,90.849,-59.400,-97.481,-0.18,2.175,6.6
ATOM,1738.0,CG,ASN,96,90.908,-60.818,-96.927,0.55,2.0,0.65
ATOM,1739.0,H,ASN,96,89.409,-56.661,-97.481,0.31,0.2245,0.0
ATOM,1740.0,HA,ASN,96,88.863,-59.438,-98.186,0.09,1.32,4.54
ATOM,1741.0,HB2,ASN,96,91.241,-59.402,-98.394,0.09,1.32,4.19
ATOM,1742.0,HB3,ASN,96,91.371,-58.805,-96.88,0.09,1.32,0.0
ATOM,1743.0,OD1,ASN,96,90.261,-61.130,-95.928,-0.55,1.7,0.0
ATOM,1744.0,ND2,ASN,96,91.688,-61.677,-97.565,-0.62,1.85,25.92
ATOM,1745.0,HD22,ASN,96,92.207,-61.374,-98.369,0.3,0.2245,17.04
ATOM,1746.0,HD21,ASN,96,91.763,-62.622,-97.252,0.32,0.2245,13.39
ATOM,1747.0,N,ILE,97,87.586,-59.554,-96.139,-0.47,1.85,0.0
ATOM,1748.0,CA,ILE,97,86.828,-59.689,-94.906,0.07,2.275,0.0
ATOM,1749.0,C,ILE,97,87.389,-60.687,-93.898,0.51,2.0,0.0
ATOM,1750.0,O,ILE,97,87.606,-60.332,-92.749,-0.51,1.7,0.0
ATOM,1751.0,CB,ILE,97,85.37,-60.056,-95.217,-0.09,2.275,0.0
ATOM,1752.0,CG1,ILE,97,85.31,-61.431,-95.894,-0.18,2.175,2.45
ATOM,1753.0,CG2,ILE,97,84.753,-58.957,-96.1,-0.27,2.06,3.79
ATOM,1754.0,CD1,ILE,97,83.915,-61.932,-96.207,-0.27,2.06,39.19
ATOM,1755.0,H,ILE,97,87.252,-59.923,-97.058,0.31,0.2245,3.22
ATOM,1756.0,HA,ILE,97,86.858,-58.774,-94.452,0.09,1.32,0.0
ATOM,1757.0,HB,ILE,97,84.876,-60.116,-94.359,0.09,1.32,0.0
ATOM,1758.0,HG12,ILE,97,85.837,-61.385,-96.747,0.09,1.32,4.69
ATOM,1759.0,HG13,ILE,97,85.761,-62.095,-95.29,0.09,1.32,0.0
ATOM,1760.0,HG21,ILE,97,83.799,-59.180,-96.278,0.09,1.32,0.0
ATOM,1761.0,HG22,ILE,97,84.813,-58.085,-95.623,0.09,1.32,0.0
ATOM,1762.0,HG23,ILE,97,85.256,-58.909,-96.958,0.09,1.32,1.24
ATOM,1763.0,HD11,ILE,97,83.464,-61.289,-96.823,0.09,1.32,5.48
ATOM,1764.0,HD12,ILE,97,83.976,-62.828,-96.643,0.09,1.32,11.33
ATOM,1765.0,HD13,ILE,97,83.393,-62.007,-95.359,0.09,1.32,6.65
ATOM,1766.0,N,ASP,98,87.62,-61.928,-94.305,-0.47,1.85,0.0
ATOM,1767.0,CA,ASP,98,88.153,-62.911,-93.371,0.07,2.275,1.51
ATOM,1768.0,C,ASP,98,89.622,-62.612,-93.069,0.51,2.0,0.56
ATOM,1769.0,O,ASP,98,90.525,-63.379,-93.398,-0.51,1.7,19.56
ATOM,1770.0,CB,ASP,98,87.928,-64.340,-93.899,-0.28,2.175,29.75
ATOM,1771.0,CG,ASP,98,88.598,-64.122,-95.248,0.62,2.0,0.74
ATOM,1772.0,OD1,ASP,98,88.882,-62.927,-95.254,-0.76,1.7,0.5
ATOM,1773.0,OD2,ASP,98,88.641,-64.836,-96.25,-0.76,1.7,43.18
ATOM,1774.0,H,ASP,98,87.4,-62.124,-95.288,0.31,0.2245,0.0
ATOM,1775.0,HA,ASP,98,87.651,-62.808,-92.508,0.09,1.32,2.6
ATOM,1776.0,HB2,ASP,98,88.446,-64.923,-93.391,0.09,1.32,6.67
ATOM,1777.0,HB3,ASP,98,87.015,-64.463,-94.027,0.09,1.32,5.43
ATOM,1778.0,N,ARG,99,89.839,-61.482,-92.409,-0.47,1.85,0.0
ATOM,1779.0,CA,ARG,99,91.177,-61.046,-92.054,0.07,2.275,2.35
ATOM,1780.0,C,ARG,99,91.318,-60.780,-90.559,0.51,2.0,2.02
ATOM,1781.0,O,ARG,99,92.182,-60.019,-90.134,-0.51,1.7,4.98
ATOM,1782.0,CB,ARG,99,91.531,-59.791,-92.846,-0.18,2.175,0.13
ATOM,1783.0,CG,ARG,99,92.964,-59.375,-92.74,-0.18,2.175,6.4
ATOM,1784.0,CD,ARG,99,93.198,-58.115,-93.528,0.2,2.175,2.69
ATOM,1785.0,NE,ARG,99,94.499,-57.543,-93.209,-0.7,1.85,4.03
ATOM,1786.0,CZ,ARG,99,94.997,-56.456,-93.787,0.64,2.0,0.77
ATOM,1787.0,NH1,ARG,99,94.267,-56.035,-94.805,-0.8,1.85,9.08
ATOM,1788.0,NH2,ARG,99,96.234,-55.984,-93.606,-0.8,1.85,15.87
ATOM,1789.0,H,ARG,99,88.978,-60.945,-92.173,0.31,0.2245,0.0
ATOM,1790.0,HA,ARG,99,91.838,-61.769,-92.313,0.09,1.32,5.55
ATOM,1791.0,HB2,ARG,99,91.32,-59.965,-93.808,0.09,1.32,0.0
ATOM,1792.0,HB3,ARG,99,90.957,-59.044,-92.511,0.09,1.32,0.0
ATOM,1793.0,HG2,ARG,99,93.197,-59.197,-91.789,0.09,1.32,0.03
ATOM,1794.0,HG3,ARG,99,93.553,-60.088,-93.11,0.09,1.32,10.64
ATOM,1795.0,HD2,ARG,99,93.166,-58.337,-94.495,0.09,1.32,1.64
ATOM,1796.0,HD3,ARG,99,92.487,-57.462,-93.295,0.09,1.32,0.0
ATOM,1797.0,HE,ARG,99,95.057,-58.000,-92.506,0.44,0.2245,6.1
ATOM,1798.0,HH11,ARG,99,93.433,-56.415,-95.139,0.46,0.2245,0.21
ATOM,1799.0,HH12,ARG,99,94.62,-55.191,-95.32,0.46,0.2245,1.48
ATOM,1800.0,HH21,ARG,99,96.807,-56.517,-92.951,0.46,0.2245,13.98
ATOM,1801.0,HH22,ARG,99,96.558,-55.196,-94.062,0.46,0.2245,13.13
ATOM,1802.0,N,CYS,100,90.45,-61.396,-89.765,-0.47,1.85,3.12
ATOM,1803.0,CA,CYS,100,90.51,-61.262,-88.315,0.07,2.275,3.23
ATOM,1804.0,C,CYS,100,89.63,-62.307,-87.679,0.51,2.0,1.74
ATOM,1805.0,O,CYS,100,88.646,-62.747,-88.272,-0.51,1.7,13.07
ATOM,1806.0,CB,CYS,100,90.071,-59.878,-87.845,-0.1,2.175,0.0
ATOM,1807.0,SG,CYS,100,88.3,-59.490,-88.042,-0.08,1.975,0.0
ATOM,1808.0,H,CYS,100,89.739,-61.970,-90.258,0.31,0.2245,0.69
ATOM,1809.0,HA,CYS,100,91.456,-61.422,-88.025,0.09,1.32,5.31
ATOM,1810.0,HB2,CYS,100,90.299,-59.790,-86.87,0.09,1.32,0.0
ATOM,1811.0,HB3,CYS,100,90.595,-59.191,-88.359,0.09,1.32,0.0
ATOM,1812.0,N,THR,101,89.994,-62.690,-86.462,-0.47,1.85,2.16
ATOM,1813.0,CA,THR,101,89.279,-63.714,-85.717,0.07,2.275,1.6
ATOM,1814.0,C,THR,101,87.807,-63.383,-85.481,0.51,2.0,0.0
ATOM,1815.0,O,THR,101,86.946,-64.212,-85.755,-0.51,1.7,25.85
ATOM,1816.0,CB,THR,101,90.017,-63.978,-84.391,0.14,2.275,2.38
ATOM,1817.0,OG1,THR,101,91.412,-64.277,-84.477,-0.66,1.77,25.27
ATOM,1818.0,CG2,THR,101,89.375,-64.906,-83.355,-0.27,2.06,36.95
ATOM,1819.0,H,THR,101,90.835,-62.194,-86.087,0.31,0.2245,1.53
ATOM,1820.0,HA,THR,101,89.325,-64.585,-86.242,0.09,1.32,10.51
ATOM,1821.0,HB,THR,101,89.914,-63.128,-83.783,0.09,1.32,5.99
ATOM,1822.0,HG21,THR,101,90.016,-65.636,-83.116,0.09,1.32,10.26
ATOM,1823.0,HG22,THR,101,89.146,-64.383,-82.533,0.09,1.32,7.81
ATOM,1824.0,HG23,THR,101,88.541,-65.307,-83.736,0.09,1.32,4.76
ATOM,1825.0,HG1,THR,101,91.943,-63.435,-84.624,0.43,0.2245,17.34
ATOM,1826.0,N,GLU,102,87.504,-62.189,-84.977,-0.47,1.85,0.0
ATOM,1827.0,CA,GLU,102,86.105,-61.813,-84.755,0.07,2.275,0.1
ATOM,1828.0,C,GLU,102,85.833,-60.364,-85.158,0.51,2.0,0.0
ATOM,1829.0,O,GLU,102,86.668,-59.484,-84.967,-0.51,1.7,0.04
ATOM,1830.0,CB,GLU,102,85.687,-62.041,-83.291,-0.18,2.175,13.07
ATOM,1831.0,CG,GLU,102,86.039,-60.923,-82.312,-0.28,2.175,5.75
ATOM,1832.0,CD,GLU,102,84.906,-60.623,-81.318,0.62,2.0,1.31
ATOM,1833.0,OE1,GLU,102,83.844,-60.117,-81.753,-0.76,1.7,16.11
ATOM,1834.0,OE2,GLU,102,85.073,-60.890,-80.105,-0.76,1.7,35.7
ATOM,1835.0,H,GLU,102,88.303,-61.579,-84.766,0.31,0.2245,2.84
ATOM,1836.0,HA,GLU,102,85.504,-62.427,-85.286,0.09,1.32,4.32
ATOM,1837.0,HB2,GLU,102,84.702,-62.150,-83.277,0.09,1.32,6.09
ATOM,1838.0,HB3,GLU,102,86.139,-62.865,-82.977,0.09,1.32,3.15
ATOM,1839.0,HG2,GLU,102,86.818,-61.204,-81.788,0.09,1.32,7.84
ATOM,1840.0,HG3,GLU,102,86.202,-60.102,-82.822,0.09,1.32,0.0
ATOM,1841.0,N,LYS,103,84.653,-60.130,-85.717,-0.47,1.85,0.0
ATOM,1842.0,CA,LYS,103,84.271,-58.805,-86.166,0.07,2.275,0.0
ATOM,1843.0,C,LYS,103,83.282,-58.110,-85.224,0.51,2.0,0.0
ATOM,1844.0,O,LYS,103,82.598,-58.753,-84.435,-0.51,1.7,15.29
ATOM,1845.0,CB,LYS,103,83.676,-58.919,-87.563,-0.18,2.175,0.27
ATOM,1846.0,CG,LYS,103,84.643,-59.487,-88.579,-0.18,2.175,1.6
ATOM,1847.0,CD,LYS,103,84.09,-59.362,-89.982,-0.18,2.175,0.92
ATOM,1848.0,CE,LYS,103,85.169,-59.613,-91.008,0.21,2.175,1.21
ATOM,1849.0,NZ,LYS,103,84.481,-60.470,-91.972,-0.3,1.85,3.7
ATOM,1850.0,H,LYS,103,84.039,-60.966,-85.802,0.31,0.2245,8.99
ATOM,1851.0,HA,LYS,103,85.104,-58.225,-86.235,0.09,1.32,0.0
ATOM,1852.0,HB2,LYS,103,82.88,-59.516,-87.517,0.09,1.32,4.9
ATOM,1853.0,HB3,LYS,103,83.402,-58.008,-87.862,0.09,1.32,0.0
ATOM,1854.0,HG2,LYS,103,85.507,-58.987,-88.525,0.09,1.32,0.0
ATOM,1855.0,HG3,LYS,103,84.803,-60.453,-88.377,0.09,1.32,4.75
ATOM,1856.0,HD2,LYS,103,83.368,-60.034,-90.105,0.09,1.32,2.88
ATOM,1857.0,HD3,LYS,103,83.735,-58.443,-90.109,0.09,1.32,0.0
ATOM,1858.0,HE2,LYS,103,85.419,-58.773,-91.422,0.05,1.32,0.0
ATOM,1859.0,HE3,LYS,103,85.901,-60.093,-90.592,0.05,1.32,0.02
ATOM,1860.0,HZ1,LYS,103,83.621,-60.808,-91.58,0.33,0.2245,9.46
ATOM,1861.0,HZ2,LYS,103,84.275,-59.953,-92.808,0.33,0.2245,0.0
ATOM,1862.0,HZ3,LYS,103,85.06,-61.255,-92.21,0.33,0.2245,4.18
ATOM,1863.0,N,TYR,104,83.223,-56.787,-85.298,-0.47,1.85,0.0
ATOM,1864.0,CA,TYR,104,82.305,-56.012,-84.464,0.07,2.275,0.0
ATOM,1865.0,C,TYR,104,81.329,-55.283,-85.368,0.51,2.0,0.05
ATOM,1866.0,O,TYR,104,81.736,-54.550,-86.266,-0.51,1.7,1.01
ATOM,1867.0,CB,TYR,104,83.081,-55.001,-83.616,-0.18,2.175,0.0
ATOM,1868.0,CG,TYR,104,83.94,-55.665,-82.578,0.0,1.9924,0.0
ATOM,1869.0,CD1,TYR,104,85.096,-56.359,-82.938,-0.115,1.9924,0.0
ATOM,1870.0,CD2,TYR,104,83.558,-55.667,-81.242,-0.115,1.9924,1.91
ATOM,1871.0,CE1,TYR,104,85.841,-57.041,-81.989,-0.115,1.9924,0.5
ATOM,1872.0,CE2,TYR,104,84.29,-56.344,-80.292,-0.115,1.9924,4.58
ATOM,1873.0,CZ,TYR,104,85.427,-57.030,-80.665,0.11,1.9924,0.0
ATOM,1874.0,OH,TYR,104,86.134,-57.711,-79.699,-0.54,1.77,12.99
ATOM,1875.0,H,TYR,104,83.871,-56.356,-85.985,0.31,0.2245,0.0
ATOM,1876.0,HA,TYR,104,81.791,-56.647,-83.89,0.09,1.32,1.75
ATOM,1877.0,HB2,TYR,104,83.664,-54.473,-84.22,0.09,1.32,0.0
ATOM,1878.0,HB3,TYR,104,82.426,-54.415,-83.157,0.09,1.32,0.0
ATOM,1879.0,HD1,TYR,104,85.39,-56.364,-83.894,0.115,1.3582,0.0
ATOM,1880.0,HD2,TYR,104,82.736,-55.165,-80.969,0.115,1.3582,0.0
ATOM,1881.0,HE1,TYR,104,86.668,-57.535,-82.254,0.115,1.3582,0.87
ATOM,1882.0,HE2,TYR,104,83.999,-56.340,-79.332,0.115,1.3582,4.71
ATOM,1883.0,HH,TYR,104,85.898,-58.680,-79.743,0.43,0.2245,3.79
ATOM,1884.0,N,GLY,105,80.04,-55.473,-85.137,-0.47,1.85,1.87
ATOM,1885.0,CA,GLY,105,79.072,-54.811,-85.99,-0.02,2.175,5.38
ATOM,1886.0,C,GLY,105,77.939,-54.169,-85.231,0.51,2.0,2.03
ATOM,1887.0,O,GLY,105,78.008,-54.027,-84.009,-0.51,1.7,3.71
ATOM,1888.0,H,GLY,105,79.806,-56.087,-84.356,0.31,0.2245,7.96
ATOM,1889.0,HA2,GLY,105,79.548,-54.102,-86.549,0.09,1.32,1.28
ATOM,1890.0,HA3,GLY,105,78.693,-55.488,-86.653,0.09,1.32,2.99
ATOM,1891.0,N,ILE,106,76.892,-53.788,-85.954,-0.47,1.85,0.72
ATOM,1892.0,CA,ILE,106,75.741,-53.153,-85.332,0.07,2.275,1.33
ATOM,1893.0,C,ILE,106,74.426,-53.867,-85.66,0.51,2.0,0.57
ATOM,1894.0,O,ILE,106,74.352,-54.663,-86.584,-0.51,1.7,11.95
ATOM,1895.0,CB,ILE,106,75.64,-51.697,-85.782,-0.09,2.275,0.0
ATOM,1896.0,CG1,ILE,106,75.442,-51.630,-87.297,-0.18,2.175,0.0
ATOM,1897.0,CG2,ILE,106,76.897,-50.972,-85.419,-0.27,2.06,0.01
ATOM,1898.0,CD1,ILE,106,74.693,-50.468,-87.952,-0.27,2.06,0.0
ATOM,1899.0,H,ILE,106,76.967,-53.978,-86.969,0.31,0.2245,0.56
ATOM,1900.0,HA,ILE,106,75.87,-53.241,-84.334,0.09,1.32,0.05
ATOM,1901.0,HB,ILE,106,74.841,-51.292,-85.351,0.09,1.32,0.0
ATOM,1902.0,HG12,ILE,106,76.372,-51.691,-87.74,0.09,1.32,0.0
ATOM,1903.0,HG13,ILE,106,74.974,-52.503,-87.59,0.09,1.32,0.0
ATOM,1904.0,HG21,ILE,106,76.838,-50.012,-85.703,0.09,1.32,0.0
ATOM,1905.0,HG22,ILE,106,77.043,-51.006,-84.427,0.09,1.32,0.0
ATOM,1906.0,HG23,ILE,106,77.685,-51.394,-85.875,0.09,1.32,0.44
ATOM,1907.0,HD11,ILE,106,75.167,-49.618,-87.74,0.09,1.32,0.0
ATOM,1908.0,HD12,ILE,106,74.673,-50.611,-88.938,0.09,1.32,0.0
ATOM,1909.0,HD13,ILE,106,73.764,-50.439,-87.593,0.09,1.32,0.0
ATOM,1910.0,N,LYS,107,73.386,-53.585,-84.893,-0.47,1.85,0.0
ATOM,1911.0,CA,LYS,107,72.091,-54.201,-85.135,0.07,2.275,0.48
ATOM,1912.0,C,LYS,107,71.332,-53.367,-86.154,0.51,2.0,0.0
ATOM,1913.0,O,LYS,107,70.55,-53.876,-86.947,-0.51,1.7,17.29
ATOM,1914.0,CB,LYS,107,71.281,-54.263,-83.841,-0.18,2.175,6.65
ATOM,1915.0,CG,LYS,107,71.874,-55.138,-82.778,-0.18,2.175,1.07
ATOM,1916.0,CD,LYS,107,72.025,-56.568,-83.271,-0.18,2.175,11.62
ATOM,1917.0,CE,LYS,107,72.457,-57.491,-82.134,0.21,2.175,21.46
ATOM,1918.0,NZ,LYS,107,71.474,-57.448,-81.001,-0.3,1.85,10.3
ATOM,1919.0,H,LYS,107,73.568,-52.910,-84.131,0.31,0.2245,0.0
ATOM,1920.0,HA,LYS,107,72.229,-55.119,-85.507,0.09,1.32,3.1
ATOM,1921.0,HB2,LYS,107,71.201,-53.330,-83.484,0.09,1.32,0.0
ATOM,1922.0,HB3,LYS,107,70.366,-54.605,-84.068,0.09,1.32,8.49
ATOM,1923.0,HG2,LYS,107,72.778,-54.792,-82.523,0.09,1.32,0.07
ATOM,1924.0,HG3,LYS,107,71.28,-55.140,-81.973,0.09,1.32,0.0
ATOM,1925.0,HD2,LYS,107,71.152,-56.885,-83.618,0.09,1.32,9.07
ATOM,1926.0,HD3,LYS,107,72.718,-56.596,-83.979,0.09,1.32,3.83
ATOM,1927.0,HE2,LYS,107,72.516,-58.426,-82.479,0.05,1.32,11.64
ATOM,1928.0,HE3,LYS,107,73.352,-57.199,-81.8,0.05,1.32,5.13
ATOM,1929.0,HZ1,LYS,107,71.214,-56.500,-80.831,0.33,0.2245,0.11
ATOM,1930.0,HZ2,LYS,107,70.668,-57.982,-81.249,0.33,0.2245,19.1
ATOM,1931.0,HZ3,LYS,107,71.9,-57.835,-80.186,0.33,0.2245,16.2
ATOM,1932.0,N,ASN,108,71.561,-52.069,-86.132,-0.47,1.85,0.0
ATOM,1933.0,CA,ASN,108,70.864,-51.206,-87.056,0.07,2.275,0.0
ATOM,1934.0,C,ASN,108,71.271,-49.805,-86.652,0.51,2.0,0.0
ATOM,1935.0,O,ASN,108,72.091,-49.642,-85.749,-0.51,1.7,0.0
ATOM,1936.0,CB,ASN,108,69.351,-51.396,-86.891,-0.18,2.175,2.76
ATOM,1937.0,CG,ASN,108,68.574,-50.931,-88.106,0.55,2.0,1.45
ATOM,1938.0,H,ASN,108,72.244,-51.746,-85.435,0.31,0.2245,0.0
ATOM,1939.0,HA,ASN,108,71.234,-51.368,-87.956,0.09,1.32,0.0
ATOM,1940.0,HB2,ASN,108,69.171,-52.364,-86.748,0.09,1.32,2.21
ATOM,1941.0,HB3,ASN,108,69.055,-50.869,-86.101,0.09,1.32,0.0
ATOM,1942.0,OD1,ASN,108,69.155,-50.393,-89.053,-0.55,1.7,3.65
ATOM,1943.0,ND2,ASN,108,67.256,-51.131,-88.09,-0.62,1.85,12.08
ATOM,1944.0,HD22,ASN,108,66.835,-51.566,-87.291,0.3,0.2245,10.97
ATOM,1945.0,HD21,ASN,108,66.696,-50.850,-88.864,0.32,0.2245,0.02
ATOM,1946.0,N,TYR,109,70.717,-48.795,-87.309,-0.47,1.85,0.0
ATOM,1947.0,CA,TYR,109,71.046,-47.425,-86.96,0.07,2.275,0.0
ATOM,1948.0,C,TYR,109,69.814,-46.584,-87.135,0.51,2.0,0.0
ATOM,1949.0,O,TYR,109,68.927,-46.939,-87.912,-0.51,1.7,0.0
ATOM,1950.0,CB,TYR,109,72.155,-46.865,-87.863,-0.18,2.175,0.0
ATOM,1951.0,CG,TYR,109,71.777,-46.745,-89.326,0.0,1.9924,0.0
ATOM,1952.0,CD1,TYR,109,71.769,-47.871,-90.157,-0.115,1.9924,0.0
ATOM,1953.0,CD2,TYR,109,71.406,-45.511,-89.875,-0.115,1.9924,0.0
ATOM,1954.0,CE1,TYR,109,71.406,-47.775,-91.487,-0.115,1.9924,1.44
ATOM,1955.0,CE2,TYR,109,71.035,-45.403,-91.213,-0.115,1.9924,2.24
ATOM,1956.0,CZ,TYR,109,71.037,-46.538,-92.015,0.11,1.9924,0.0
ATOM,1957.0,OH,TYR,109,70.679,-46.457,-93.348,-0.54,1.77,14.37
ATOM,1958.0,H,TYR,109,70.06,-49.060,-88.058,0.31,0.2245,0.0
ATOM,1959.0,HA,TYR,109,71.316,-47.401,-85.997,0.09,1.32,0.0
ATOM,1960.0,HB2,TYR,109,72.399,-45.956,-87.528,0.09,1.32,0.0
ATOM,1961.0,HB3,TYR,109,72.946,-47.471,-87.795,0.09,1.32,0.0
ATOM,1962.0,HD1,TYR,109,72.032,-48.760,-89.778,0.115,1.3582,0.0
ATOM,1963.0,HD2,TYR,109,71.407,-44.700,-89.298,0.115,1.3582,0.0
ATOM,1964.0,HE1,TYR,109,71.405,-48.586,-92.074,0.115,1.3582,0.27
ATOM,1965.0,HE2,TYR,109,70.771,-44.520,-91.592,0.115,1.3582,0.75
ATOM,1966.0,HH,TYR,109,70.849,-47.338,-93.784,0.43,0.2245,0.36
ATOM,1967.0,N,LEU,110,69.755,-45.475,-86.41,-0.47,1.85,0.0
ATOM,1968.0,CA,LEU,110,68.619,-44.585,-86.54,0.07,2.275,0.0
ATOM,1969.0,C,LEU,110,69.091,-43.168,-86.837,0.51,2.0,0.0
ATOM,1970.0,O,LEU,110,70.208,-42.780,-86.491,-0.51,1.7,0.0
ATOM,1971.0,CB,LEU,110,67.76,-44.579,-85.278,-0.18,2.175,0.0
ATOM,1972.0,CG,LEU,110,68.228,-43.599,-84.212,-0.09,2.275,0.0
ATOM,1973.0,CD1,LEU,110,67.13,-42.697,-83.644,-0.27,2.06,0.0
ATOM,1974.0,CD2,LEU,110,68.661,-44.519,-83.07,-0.27,2.06,0.0
ATOM,1975.0,H,LEU,110,70.551,-45.314,-85.779,0.31,0.2245,0.0
ATOM,1976.0,HA,LEU,110,68.049,-44.895,-87.307,0.09,1.32,0.0
ATOM,1977.0,HB2,LEU,110,66.84,-44.324,-85.536,0.09,1.32,0.07
ATOM,1978.0,HB3,LEU,110,67.787,-45.485,-84.886,0.09,1.32,0.0
ATOM,1979.0,HG,LEU,110,68.961,-43.012,-84.603,0.09,1.32,0.0
ATOM,1980.0,HD11,LEU,110,66.421,-43.263,-83.226,0.09,1.32,0.0
ATOM,1981.0,HD12,LEU,110,67.525,-42.090,-82.956,0.09,1.32,0.0
ATOM,1982.0,HD13,LEU,110,66.734,-42.154,-84.383,0.09,1.32,0.02
ATOM,1983.0,HD21,LEU,110,69.393,-45.121,-83.389,0.09,1.32,0.0
ATOM,1984.0,HD22,LEU,110,68.991,-43.965,-82.306,0.09,1.32,0.0
ATOM,1985.0,HD23,LEU,110,67.88,-45.068,-82.773,0.09,1.32,0.0
ATOM,1986.0,N,SER,111,68.209,-42.417,-87.488,-0.47,1.85,0.11
ATOM,1987.0,CA,SER,111,68.442,-41.043,-87.875,0.07,2.275,0.0
ATOM,1988.0,C,SER,111,67.896,-40.090,-86.799,0.51,2.0,0.0
ATOM,1989.0,O,SER,111,66.821,-40.311,-86.242,-0.51,1.7,5.9
ATOM,1990.0,CB,SER,111,67.751,-40.798,-89.217,0.05,2.175,16.23
ATOM,1991.0,OG,SER,111,67.937,-39.468,-89.67,-0.66,1.77,21.34
ATOM,1992.0,H,SER,111,67.305,-42.923,-87.702,0.31,0.2245,1.72
ATOM,1993.0,HA,SER,111,69.432,-40.890,-87.937,0.09,1.32,0.0
ATOM,1994.0,HB2,SER,111,68.131,-41.427,-89.893,0.09,1.32,1.58
ATOM,1995.0,HB3,SER,111,66.773,-40.970,-89.11,0.09,1.32,8.95
ATOM,1996.0,HG,SER,111,68.815,-39.123,-89.34,0.43,0.2245,0.27
ATOM,1997.0,N,VAL,112,68.645,-39.029,-86.513,-0.47,1.85,0.0
ATOM,1998.0,CA,VAL,112,68.243,-38.052,-85.505,0.07,2.275,0.0
ATOM,1999.0,C,VAL,112,67.694,-36.758,-86.098,0.51,2.0,0.41
ATOM,2000.0,O,VAL,112,68.317,-36.140,-86.957,-0.51,1.7,5.87
ATOM,2001.0,CB,VAL,112,69.429,-37.779,-84.561,-0.09,2.275,0.0
ATOM,2002.0,CG1,VAL,112,69.239,-37.232,-83.148,-0.27,2.06,0.0
ATOM,2003.0,CG2,VAL,112,70.205,-39.081,-84.492,-0.27,2.06,0.0
ATOM,2004.0,H,VAL,112,69.526,-38.957,-87.06,0.31,0.2245,0.0
ATOM,2005.0,HA,VAL,112,67.509,-38.470,-84.939,0.09,1.32,0.0
ATOM,2006.0,HB,VAL,112,70.054,-37.099,-85.048,0.09,1.32,0.0
ATOM,2007.0,HG11,VAL,112,69.955,-37.594,-82.553,0.09,1.32,0.0
ATOM,2008.0,HG12,VAL,112,69.294,-36.235,-83.168,0.09,1.32,0.0
ATOM,2009.0,HG13,VAL,112,68.344,-37.511,-82.802,0.09,1.32,0.0
ATOM,2010.0,HG21,VAL,112,70.02,-39.622,-85.313,0.09,1.32,0.0
ATOM,2011.0,HG22,VAL,112,71.184,-38.882,-84.436,0.09,1.32,0.0
ATOM,2012.0,HG23,VAL,112,69.921,-39.595,-83.682,0.09,1.32,0.0
ATOM,2013.0,N,PRO,113,66.51,-36.337,-85.636,-0.29,1.85,0.59
ATOM,2014.0,CA,PRO,113,65.806,-35.121,-86.065,0.02,2.275,1.94
ATOM,2015.0,C,PRO,113,66.652,-33.888,-85.784,0.51,2.0,0.0
ATOM,2016.0,O,PRO,113,67.199,-33.751,-84.699,-0.51,1.7,0.0
ATOM,2017.0,CB,PRO,113,64.542,-35.139,-85.216,-0.18,2.175,4.17
ATOM,2018.0,CG,PRO,113,64.322,-36.618,-84.957,-0.18,2.175,11.63
ATOM,2019.0,CD,PRO,113,65.706,-37.102,-84.666,0.0,2.175,0.0
ATOM,2020.0,HA,PRO,113,65.563,-35.177,-87.038,0.09,1.32,8.6
ATOM,2021.0,HB2,PRO,113,64.676,-34.654,-84.357,0.09,1.32,0.0
ATOM,2022.0,HB3,PRO,113,63.768,-34.755,-85.71,0.09,1.32,9.91
ATOM,2023.0,HG2,PRO,113,63.72,-36.740,-84.179,0.09,1.32,2.43
ATOM,2024.0,HG3,PRO,113,63.945,-37.050,-85.766,0.09,1.32,10.98
ATOM,2025.0,HD2,PRO,113,65.986,-36.886,-83.735,0.09,1.32,0.0
ATOM,2026.0,HD3,PRO,113,65.799,-38.081,-84.831,0.09,1.32,0.0
ATOM,2027.0,N,ASP,114,66.746,-32.978,-86.748,-0.47,1.85,0.49
ATOM,2028.0,CA,ASP,114,67.562,-31.772,-86.57,0.07,2.275,0.0
ATOM,2029.0,C,ASP,114,67.188,-30.866,-85.404,0.51,2.0,0.0
ATOM,2030.0,O,ASP,114,67.681,-29.747,-85.315,-0.51,1.7,1.76
ATOM,2031.0,CB,ASP,114,67.529,-30.975,-87.887,-0.28,2.175,3.27
ATOM,2032.0,CG,ASP,114,66.201,-30.236,-87.961,0.62,2.0,2.6
ATOM,2033.0,OD1,ASP,114,65.012,-30.545,-87.946,-0.76,1.7,30.77
ATOM,2034.0,OD2,ASP,114,66.601,-29.083,-88.124,-0.76,1.7,20.1
ATOM,2035.0,H,ASP,114,66.213,-33.185,-87.607,0.31,0.2245,7.47
ATOM,2036.0,HA,ASP,114,68.524,-32.091,-86.404,0.09,1.32,0.0
ATOM,2037.0,HB2,ASP,114,68.254,-30.326,-87.866,0.09,1.32,0.0
ATOM,2038.0,HB3,ASP,114,67.584,-31.606,-88.625,0.09,1.32,5.62
ATOM,2039.0,N,ASN,115,66.328,-31.345,-84.51,-0.47,1.85,0.0
ATOM,2040.0,CA,ASN,115,65.925,-30.565,-83.342,0.07,2.275,0.87
ATOM,2041.0,C,ASN,115,66.009,-31.433,-82.08,0.51,2.0,1.17
ATOM,2042.0,O,ASN,115,65.412,-31.117,-81.048,-0.51,1.7,9.02
ATOM,2043.0,CB,ASN,115,64.499,-30.013,-83.531,-0.18,2.175,8.47
ATOM,2044.0,CG,ASN,115,63.406,-31.072,-83.331,0.55,2.0,2.3
ATOM,2045.0,H,ASN,115,65.976,-32.300,-84.71,0.31,0.2245,0.0
ATOM,2046.0,HA,ASN,115,66.592,-29.827,-83.231,0.09,1.32,0.14
ATOM,2047.0,HB2,ASN,115,64.353,-29.285,-82.868,0.09,1.32,0.0
ATOM,2048.0,HB3,ASN,115,64.421,-29.655,-84.457,0.09,1.32,3.88
ATOM,2049.0,OD1,ASN,115,63.432,-32.159,-83.928,-0.55,1.7,9.33
ATOM,2050.0,ND2,ASN,115,62.426,-30.742,-82.489,-0.62,1.85,16.27
ATOM,2051.0,HD22,ASN,115,62.431,-29.851,-82.039,0.3,0.2245,12.71
ATOM,2052.0,HD21,ASN,115,61.685,-31.389,-82.309,0.32,0.2245,11.01
ATOM,2053.0,N,LYS,117,66.778,-32.514,-82.166,-0.47,1.85,0.0
ATOM,2054.0,CA,LYS,117,66.925,-33.449,-81.055,0.07,2.275,0.76
ATOM,2055.0,C,LYS,117,68.369,-33.826,-80.726,0.51,2.0,0.0
ATOM,2056.0,O,LYS,117,68.607,-34.696,-79.884,-0.51,1.7,0.0
ATOM,2057.0,CB,LYS,117,66.153,-34.734,-81.364,-0.18,2.175,0.0
ATOM,2058.0,CG,LYS,117,64.674,-34.549,-81.502,-0.18,2.175,0.0
ATOM,2059.0,CD,LYS,117,64.093,-34.001,-80.234,-0.18,2.175,0.56
ATOM,2060.0,CE,LYS,117,62.592,-33.886,-80.346,0.21,2.175,11.18
ATOM,2061.0,NZ,LYS,117,62.007,-33.387,-79.07,-0.3,1.85,11.79
ATOM,2062.0,H,LYS,117,67.259,-32.634,-83.081,0.31,0.2245,0.0
ATOM,2063.0,HA,LYS,117,66.504,-33.032,-80.221,0.09,1.32,1.16
ATOM,2064.0,HB2,LYS,117,66.515,-35.109,-82.22,0.09,1.32,0.0
ATOM,2065.0,HB3,LYS,117,66.332,-35.383,-80.621,0.09,1.32,0.0
ATOM,2066.0,HG2,LYS,117,64.488,-33.910,-82.25,0.09,1.32,0.0
ATOM,2067.0,HG3,LYS,117,64.246,-35.431,-81.705,0.09,1.32,0.0
ATOM,2068.0,HD2,LYS,117,64.309,-34.614,-79.481,0.09,1.32,0.0
ATOM,2069.0,HD3,LYS,117,64.468,-33.096,-80.063,0.09,1.32,0.45
ATOM,2070.0,HE2,LYS,117,62.363,-33.248,-81.081,0.05,1.32,0.0
ATOM,2071.0,HE3,LYS,117,62.206,-34.785,-80.552,0.05,1.32,6.3
ATOM,2072.0,HZ1,LYS,117,62.744,-33.145,-78.44,0.33,0.2245,10.47
ATOM,2073.0,HZ2,LYS,117,61.447,-32.580,-79.256,0.33,0.2245,15.75
ATOM,2074.0,HZ3,LYS,117,61.44,-34.103,-78.664,0.33,0.2245,17.03
ATOM,2075.0,N,LEU,118,69.329,-33.191,-81.39,-0.47,1.85,0.3
ATOM,2076.0,CA,LEU,118,70.739,-33.494,-81.15,0.07,2.275,0.0
ATOM,2077.0,C,LEU,118,71.113,-33.546,-79.665,0.51,2.0,0.0
ATOM,2078.0,O,LEU,118,71.678,-34.540,-79.215,-0.51,1.7,0.0
ATOM,2079.0,CB,LEU,118,71.61,-32.480,-81.915,-0.18,2.175,0.1
ATOM,2080.0,CG,LEU,118,71.169,-32.869,-83.327,-0.09,2.275,0.08
ATOM,2081.0,CD1,LEU,118,72.018,-31.867,-84.112,-0.27,2.06,0.08
ATOM,2082.0,CD2,LEU,118,71.673,-34.258,-83.719,-0.27,2.06,0.0
ATOM,2083.0,H,LEU,118,69.002,-32.485,-82.071,0.31,0.2245,1.03
ATOM,2084.0,HA,LEU,118,70.946,-34.401,-81.559,0.09,1.32,0.0
ATOM,2085.0,HB2,LEU,118,71.285,-31.632,-81.737,0.09,1.32,0.07
ATOM,2086.0,HB3,LEU,118,72.494,-32.727,-81.812,0.09,1.32,0.0
ATOM,2087.0,HG,LEU,118,70.246,-32.665,-83.441,0.09,1.32,0.0
ATOM,2088.0,HD11,LEU,118,72.984,-32.029,-83.917,0.09,1.32,0.0
ATOM,2089.0,HD12,LEU,118,71.849,-31.985,-85.089,0.09,1.32,0.0
ATOM,2090.0,HD13,LEU,118,71.771,-30.939,-83.838,0.09,1.32,0.01
ATOM,2091.0,HD21,LEU,118,71.31,-34.935,-83.079,0.09,1.32,0.0
ATOM,2092.0,HD22,LEU,118,71.364,-34.473,-84.645,0.09,1.32,0.0
ATOM,2093.0,HD23,LEU,118,72.672,-34.269,-83.688,0.09,1.32,0.0
ATOM,2094.0,N,LYS,119,70.801,-32.508,-78.894,-0.47,1.85,0.0
ATOM,2095.0,CA,LYS,119,71.155,-32.540,-77.479,0.07,2.275,0.0
ATOM,2096.0,C,LYS,119,70.523,-33.738,-76.787,0.51,2.0,0.0
ATOM,2097.0,O,LYS,119,71.199,-34.476,-76.077,-0.51,1.7,0.0
ATOM,2098.0,CB,LYS,119,70.737,-31.250,-76.767,-0.18,2.175,0.0
ATOM,2099.0,CG,LYS,119,71.508,-30.039,-77.233,-0.18,2.175,0.0
ATOM,2100.0,CD,LYS,119,71.664,-29.001,-76.146,-0.18,2.175,0.0
ATOM,2101.0,CE,LYS,119,72.659,-27.924,-76.599,0.21,2.175,0.0
ATOM,2102.0,NZ,LYS,119,73.04,-26.947,-75.53,-0.3,1.85,0.0
ATOM,2103.0,H,LYS,119,70.32,-31.734,-79.355,0.31,0.2245,2.03
ATOM,2104.0,HA,LYS,119,72.157,-32.609,-77.396,0.09,1.32,0.0
ATOM,2105.0,HB2,LYS,119,69.769,-31.100,-76.944,0.09,1.32,2.53
ATOM,2106.0,HB3,LYS,119,70.893,-31.373,-75.791,0.09,1.32,0.0
ATOM,2107.0,HG2,LYS,119,72.422,-30.329,-77.539,0.09,1.32,0.0
ATOM,2108.0,HG3,LYS,119,71.028,-29.623,-78.014,0.09,1.32,0.0
ATOM,2109.0,HD2,LYS,119,70.794,-28.566,-75.979,0.09,1.32,0.0
ATOM,2110.0,HD3,LYS,119,72.021,-29.427,-75.331,0.09,1.32,0.0
ATOM,2111.0,HE2,LYS,119,73.495,-28.382,-76.938,0.05,1.32,0.0
ATOM,2112.0,HE3,LYS,119,72.253,-27.418,-77.376,0.05,1.32,0.0
ATOM,2113.0,HZ1,LYS,119,73.151,-27.434,-74.666,0.33,0.2245,0.0
ATOM,2114.0,HZ2,LYS,119,73.899,-26.505,-75.782,0.33,0.2245,0.0
ATOM,2115.0,HZ3,LYS,119,72.32,-26.261,-75.442,0.33,0.2245,0.0
ATOM,2116.0,N,GLU,120,69.227,-33.936,-76.995,-0.47,1.85,0.0
ATOM,2117.0,CA,GLU,120,68.542,-35.061,-76.376,0.07,2.275,0.0
ATOM,2118.0,C,GLU,120,69.255,-36.326,-76.8,0.51,2.0,0.0
ATOM,2119.0,O,GLU,120,69.655,-37.125,-75.959,-0.51,1.7,0.0
ATOM,2120.0,CB,GLU,120,67.078,-35.122,-76.817,-0.18,2.175,0.51
ATOM,2121.0,CG,GLU,120,66.311,-36.294,-76.229,-0.28,2.175,0.0
ATOM,2122.0,CD,GLU,120,64.843,-36.330,-76.655,0.62,2.0,0.02
ATOM,2123.0,OE1,GLU,120,64.554,-36.464,-77.865,-0.76,1.7,0.84
ATOM,2124.0,OE2,GLU,120,63.969,-36.220,-75.77,-0.76,1.7,12.52
ATOM,2125.0,H,GLU,120,68.767,-33.248,-77.611,0.31,0.2245,1.95
ATOM,2126.0,HA,GLU,120,68.571,-34.971,-75.385,0.09,1.32,0.0
ATOM,2127.0,HB2,GLU,120,66.64,-34.296,-76.514,0.09,1.32,6.55
ATOM,2128.0,HB3,GLU,120,67.063,-35.215,-77.795,0.09,1.32,0.0
ATOM,2129.0,HG2,GLU,120,66.726,-37.128,-76.544,0.09,1.32,0.0
ATOM,2130.0,HG3,GLU,120,66.328,-36.219,-75.248,0.09,1.32,0.0
ATOM,2131.0,N,ALA,121,69.425,-36.490,-78.109,-0.47,1.85,0.0
ATOM,2132.0,CA,ALA,121,70.083,-37.664,-78.679,0.07,2.275,0.0
ATOM,2133.0,C,ALA,121,71.424,-37.930,-78.017,0.51,2.0,0.0
ATOM,2134.0,O,ALA,121,71.675,-39.015,-77.493,-0.51,1.7,0.0
ATOM,2135.0,CB,ALA,121,70.268,-37.471,-80.172,-0.27,2.06,0.0
ATOM,2136.0,H,ALA,121,69.049,-35.710,-78.694,0.31,0.2245,0.0
ATOM,2137.0,HA,ALA,121,69.487,-38.467,-78.538,0.09,1.32,0.0
ATOM,2138.0,HB1,ALA,121,70.563,-38.331,-80.589,0.09,1.32,0.0
ATOM,2139.0,HB2,ALA,121,69.403,-37.184,-80.584,0.09,1.32,0.0
ATOM,2140.0,HB3,ALA,121,70.961,-36.769,-80.338,0.09,1.32,0.0
ATOM,2141.0,N,LEU,122,72.288,-36.929,-78.048,-0.47,1.85,0.0
ATOM,2142.0,CA,LEU,122,73.598,-37.030,-77.432,0.07,2.275,0.0
ATOM,2143.0,C,LEU,122,73.527,-37.501,-75.978,0.51,2.0,0.0
ATOM,2144.0,O,LEU,122,74.25,-38.404,-75.569,-0.51,1.7,0.0
ATOM,2145.0,CB,LEU,122,74.29,-35.666,-77.482,-0.18,2.175,0.0
ATOM,2146.0,CG,LEU,122,75.258,-35.462,-78.643,-0.09,2.275,0.0
ATOM,2147.0,CD1,LEU,122,75.696,-34.017,-78.725,-0.27,2.06,0.0
ATOM,2148.0,CD2,LEU,122,76.457,-36.375,-78.419,-0.27,2.06,0.0
ATOM,2149.0,H,LEU,122,71.952,-36.077,-78.544,0.31,0.2245,0.0
ATOM,2150.0,HA,LEU,122,74.151,-37.701,-77.952,0.09,1.32,0.0
ATOM,2151.0,HB2,LEU,122,73.584,-34.969,-77.555,0.09,1.32,0.0
ATOM,2152.0,HB3,LEU,122,74.804,-35.554,-76.64,0.09,1.32,0.0
ATOM,2153.0,HG,LEU,122,74.802,-35.723,-79.495,0.09,1.32,0.0
ATOM,2154.0,HD11,LEU,122,76.154,-33.753,-77.874,0.09,1.32,0.0
ATOM,2155.0,HD12,LEU,122,76.331,-33.898,-79.491,0.09,1.32,0.0
ATOM,2156.0,HD13,LEU,122,74.898,-33.428,-78.865,0.09,1.32,0.0
ATOM,2157.0,HD21,LEU,122,76.15,-37.327,-78.387,0.09,1.32,0.0
ATOM,2158.0,HD22,LEU,122,77.109,-36.260,-79.169,0.09,1.32,0.0
ATOM,2159.0,HD23,LEU,122,76.9,-36.138,-77.554,0.09,1.32,0.0
ATOM,2160.0,N,ARG,123,72.64,-36.888,-75.207,-0.47,1.85,0.0
ATOM,2161.0,CA,ARG,123,72.495,-37.199,-73.796,0.07,2.275,0.0
ATOM,2162.0,C,ARG,123,72.131,-38.616,-73.434,0.51,2.0,0.0
ATOM,2163.0,O,ARG,123,72.718,-39.174,-72.519,-0.51,1.7,0.59
ATOM,2164.0,CB,ARG,123,71.474,-36.261,-73.143,-0.18,2.175,0.0
ATOM,2165.0,CG,ARG,123,71.374,-36.427,-71.626,-0.18,2.175,0.0
ATOM,2166.0,CD,ARG,123,72.704,-36.125,-70.928,0.2,2.175,0.0
ATOM,2167.0,NE,ARG,123,72.677,-36.518,-69.518,-0.7,1.85,0.0
ATOM,2168.0,CZ,ARG,123,72.677,-37.779,-69.081,0.64,2.0,0.0
ATOM,2169.0,NH1,ARG,123,72.719,-38.793,-69.94,-0.8,1.85,0.13
ATOM,2170.0,NH2,ARG,123,72.589,-38.033,-67.779,-0.8,1.85,11.27
ATOM,2171.0,H,ARG,123,72.062,-36.171,-75.698,0.31,0.2245,0.0
ATOM,2172.0,HA,ARG,123,73.386,-36.960,-73.323,0.09,1.32,0.0
ATOM,2173.0,HB2,ARG,123,71.745,-35.325,-73.331,0.09,1.32,0.0
ATOM,2174.0,HB3,ARG,123,70.581,-36.452,-73.531,0.09,1.32,0.0
ATOM,2175.0,HG2,ARG,123,70.689,-35.799,-71.268,0.09,1.32,0.0
ATOM,2176.0,HG3,ARG,123,71.121,-37.367,-71.412,0.09,1.32,0.0
ATOM,2177.0,HD2,ARG,123,73.418,-36.631,-71.399,0.09,1.32,0.0
ATOM,2178.0,HD3,ARG,123,72.868,-35.147,-70.996,0.09,1.32,0.1
ATOM,2179.0,HE,ARG,123,72.657,-35.784,-68.827,0.44,0.2245,5.49
ATOM,2180.0,HH11,ARG,123,72.771,-38.626,-70.922,0.46,0.2245,0.0
ATOM,2181.0,HH12,ARG,123,72.699,-39.737,-69.596,0.46,0.2245,12.45
ATOM,2182.0,HH21,ARG,123,72.543,-37.269,-67.13,0.46,0.2245,17.73
ATOM,2183.0,HH22,ARG,123,72.57,-38.973,-67.45,0.46,0.2245,10.21
ATOM,2184.0,N,PHE,124,71.164,-39.207,-74.127,-0.47,1.85,0.0
ATOM,2185.0,CA,PHE,124,70.748,-40.566,-73.786,0.07,2.275,0.19
ATOM,2186.0,C,PHE,124,71.138,-41.667,-74.754,0.51,2.0,0.0
ATOM,2187.0,O,PHE,124,71.189,-42.836,-74.364,-0.51,1.7,4.32
ATOM,2188.0,CB,PHE,124,69.251,-40.581,-73.564,-0.18,2.175,0.0
ATOM,2189.0,CG,PHE,124,68.809,-39.581,-72.556,0.0,1.9924,0.0
ATOM,2190.0,CD1,PHE,124,69.013,-39.807,-71.203,-0.115,1.9924,0.0
ATOM,2191.0,CD2,PHE,124,68.254,-38.372,-72.961,-0.115,1.9924,0.0
ATOM,2192.0,CE1,PHE,124,68.677,-38.850,-70.271,-0.115,1.9924,0.0
ATOM,2193.0,CE2,PHE,124,67.914,-37.398,-72.03,-0.115,1.9924,0.0
ATOM,2194.0,CZ,PHE,124,68.125,-37.638,-70.683,-0.115,1.9924,0.0
ATOM,2195.0,H,PHE,124,70.755,-38.652,-74.886,0.31,0.2245,0.0
ATOM,2196.0,HA,PHE,124,71.197,-40.790,-72.887,0.09,1.32,3.04
ATOM,2197.0,HB2,PHE,124,68.812,-40.369,-74.423,0.09,1.32,0.0
ATOM,2198.0,HB3,PHE,124,68.999,-41.479,-73.24,0.09,1.32,0.0
ATOM,2199.0,HD1,PHE,124,69.409,-40.672,-70.901,0.115,1.3582,4.94
ATOM,2200.0,HD2,PHE,124,68.098,-38.201,-73.934,0.115,1.3582,0.0
ATOM,2201.0,HE1,PHE,124,68.829,-39.026,-69.29,0.115,1.3582,0.0
ATOM,2202.0,HE2,PHE,124,67.515,-36.524,-72.342,0.115,1.3582,0.0
ATOM,2203.0,HZ,PHE,124,67.885,-36.948,-70.001,0.115,1.3582,0.0
ATOM,2204.0,N,LEU,125,71.411,-41.307,-76.006,-0.47,1.85,0.0
ATOM,2205.0,CA,LEU,125,71.82,-42.287,-77.0,0.07,2.275,0.18
ATOM,2206.0,C,LEU,125,73.35,-42.348,-77.194,0.51,2.0,0.0
ATOM,2207.0,O,LEU,125,73.926,-43.437,-77.306,-0.51,1.7,0.5
ATOM,2208.0,CB,LEU,125,71.081,-42.004,-78.321,-0.18,2.175,0.11
ATOM,2209.0,CG,LEU,125,69.758,-42.680,-77.954,-0.09,2.275,0.11
ATOM,2210.0,CD1,LEU,125,69.819,-42.552,-76.431,-0.27,2.06,0.0
ATOM,2211.0,CD2,LEU,125,68.601,-41.793,-78.414,-0.27,2.06,0.0
ATOM,2212.0,H,LEU,125,71.309,-40.295,-76.202,0.31,0.2245,0.0
ATOM,2213.0,HA,LEU,125,71.511,-43.205,-76.701,0.09,1.32,0.0
ATOM,2214.0,HB2,LEU,125,70.931,-41.093,-78.375,0.09,1.32,0.0
ATOM,2215.0,HB3,LEU,125,71.483,-42.503,-78.987,0.09,1.32,0.0
ATOM,2216.0,HG,LEU,125,69.791,-43.603,-78.201,0.09,1.32,0.05
ATOM,2217.0,HD11,LEU,125,69.868,-41.586,-76.182,0.09,1.32,0.0
ATOM,2218.0,HD12,LEU,125,68.999,-42.960,-76.032,0.09,1.32,0.0
ATOM,2219.0,HD13,LEU,125,70.63,-43.027,-76.092,0.09,1.32,0.0
ATOM,2220.0,HD21,LEU,125,68.653,-41.668,-79.404,0.09,1.32,0.0
ATOM,2221.0,HD22,LEU,125,67.734,-42.230,-78.177,0.09,1.32,0.0
ATOM,2222.0,HD23,LEU,125,68.664,-40.905,-77.96,0.09,1.32,0.0
ATOM,2223.0,N,GLY,126,74.014,-41.194,-77.226,-0.47,1.85,0.0
ATOM,2224.0,CA,GLY,126,75.459,-41.199,-77.401,-0.02,2.175,0.0
ATOM,2225.0,C,GLY,126,75.981,-40.420,-78.595,0.51,2.0,0.0
ATOM,2226.0,O,GLY,126,75.206,-39.832,-79.343,-0.51,1.7,0.0
ATOM,2227.0,H,GLY,126,73.444,-40.349,-77.122,0.31,0.2245,0.0
ATOM,2228.0,HA2,GLY,126,75.899,-40.833,-76.547,0.09,1.32,0.0
ATOM,2229.0,HA3,GLY,126,75.782,-42.173,-77.472,0.09,1.32,0.0
ATOM,2230.0,N,PRO,129,77.306,-40.393,-78.802,-0.29,1.85,0.0
ATOM,2231.0,CA,PRO,129,77.895,-39.665,-79.925,0.02,2.275,0.0
ATOM,2232.0,C,PRO,129,77.146,-39.892,-81.235,0.51,2.0,0.0
ATOM,2233.0,O,PRO,129,76.714,-41.006,-81.532,-0.51,1.7,0.03
ATOM,2234.0,CB,PRO,129,79.313,-40.198,-79.959,-0.18,2.175,0.0
ATOM,2235.0,CG,PRO,129,79.614,-40.375,-78.511,-0.18,2.175,0.0
ATOM,2236.0,CD,PRO,129,78.354,-41.021,-77.98,0.0,2.175,0.0
ATOM,2237.0,HA,PRO,129,77.954,-38.673,-79.716,0.09,1.32,0.0
ATOM,2238.0,HB2,PRO,129,79.358,-41.068,-80.442,0.09,1.32,0.0
ATOM,2239.0,HB3,PRO,129,79.934,-39.542,-80.376,0.09,1.32,0.0
ATOM,2240.0,HG2,PRO,129,80.399,-40.973,-78.381,0.09,1.32,0.0
ATOM,2241.0,HG3,PRO,129,79.773,-39.497,-78.071,0.09,1.32,0.0
ATOM,2242.0,HD2,PRO,129,78.367,-42.007,-78.118,0.09,1.32,0.0
ATOM,2243.0,HD3,PRO,129,78.219,-40.812,-77.015,0.09,1.32,0.0
ATOM,2244.0,N,ILE,130,77.012,-38.823,-82.018,-0.47,1.85,0.0
ATOM,2245.0,CA,ILE,130,76.303,-38.858,-83.293,0.07,2.275,0.0
ATOM,2246.0,C,ILE,130,77.225,-38.605,-84.483,0.51,2.0,0.0
ATOM,2247.0,O,ILE,130,78.068,-37.706,-84.434,-0.51,1.7,0.0
ATOM,2248.0,CB,ILE,130,75.199,-37.764,-83.308,-0.09,2.275,0.0
ATOM,2249.0,CG1,ILE,130,74.364,-37.860,-82.025,-0.18,2.175,0.0
ATOM,2250.0,CG2,ILE,130,74.292,-37.932,-84.531,-0.27,2.06,0.0
ATOM,2251.0,CD1,ILE,130,73.508,-36.646,-81.772,-0.27,2.06,0.0
ATOM,2252.0,H,ILE,130,77.459,-37.956,-81.639,0.31,0.2245,0.0
ATOM,2253.0,HA,ILE,130,75.953,-39.800,-83.396,0.09,1.32,0.0
ATOM,2254.0,HB,ILE,130,75.648,-36.883,-83.32,0.09,1.32,0.0
ATOM,2255.0,HG12,ILE,130,73.78,-38.666,-82.092,0.09,1.32,0.0
ATOM,2256.0,HG13,ILE,130,74.991,-37.981,-81.257,0.09,1.32,0.0
ATOM,2257.0,HG21,ILE,130,73.602,-37.212,-84.53,0.09,1.32,0.0
ATOM,2258.0,HG22,ILE,130,74.843,-37.868,-85.36,0.09,1.32,0.0
ATOM,2259.0,HG23,ILE,130,73.848,-38.824,-84.491,0.09,1.32,0.0
ATOM,2260.0,HD11,ILE,130,72.872,-36.521,-82.533,0.09,1.32,0.0
ATOM,2261.0,HD12,ILE,130,72.992,-36.772,-80.925,0.09,1.32,0.0
ATOM,2262.0,HD13,ILE,130,74.091,-35.837,-81.689,0.09,1.32,0.0
ATOM,2263.0,N,SER,131,77.068,-39.400,-85.542,-0.47,1.85,0.0
ATOM,2264.0,CA,SER,131,77.845,-39.222,-86.766,0.07,2.275,0.0
ATOM,2265.0,C,SER,131,77.092,-38.173,-87.58,0.51,2.0,0.0
ATOM,2266.0,O,SER,131,75.951,-38.404,-87.981,-0.51,1.7,0.0
ATOM,2267.0,CB,SER,131,77.914,-40.524,-87.561,0.05,2.175,0.0
ATOM,2268.0,OG,SER,131,79.04,-41.302,-87.19,-0.66,1.77,0.0
ATOM,2269.0,H,SER,131,76.354,-40.147,-85.421,0.31,0.2245,0.0
ATOM,2270.0,HA,SER,131,78.725,-38.848,-86.525,0.09,1.32,0.0
ATOM,2271.0,HB2,SER,131,77.085,-41.052,-87.388,0.09,1.32,0.0
ATOM,2272.0,HB3,SER,131,77.979,-40.305,-88.532,0.09,1.32,0.0
ATOM,2273.0,HG,SER,131,78.946,-42.223,-87.564,0.43,0.2245,0.0
ATOM,2274.0,N,ILE,132,77.725,-37.027,-87.829,-0.47,1.85,0.0
ATOM,2275.0,CA,ILE,132,77.075,-35.942,-88.556,0.07,2.275,0.0
ATOM,2276.0,C,ILE,132,77.856,-35.389,-89.744,0.51,2.0,0.0
ATOM,2277.0,O,ILE,132,79.066,-35.574,-89.872,-0.51,1.7,0.0
ATOM,2278.0,CB,ILE,132,76.822,-34.747,-87.637,-0.09,2.275,0.0
ATOM,2279.0,CG1,ILE,132,78.171,-34.193,-87.167,-0.18,2.175,0.0
ATOM,2280.0,CG2,ILE,132,75.98,-35.154,-86.452,-0.27,2.06,0.0
ATOM,2281.0,CD1,ILE,132,78.106,-32.842,-86.452,-0.27,2.06,0.0
ATOM,2282.0,H,ILE,132,78.695,-36.977,-87.469,0.31,0.2245,0.0
ATOM,2283.0,HA,ILE,132,76.212,-36.333,-88.936,0.09,1.32,0.0
ATOM,2284.0,HB,ILE,132,76.369,-34.041,-88.161,0.09,1.32,0.0
ATOM,2285.0,HG12,ILE,132,78.591,-34.860,-86.548,0.09,1.32,0.0
ATOM,2286.0,HG13,ILE,132,78.768,-34.095,-87.968,0.09,1.32,0.0
ATOM,2287.0,HG21,ILE,132,75.816,-34.362,-85.863,0.09,1.32,0.0
ATOM,2288.0,HG22,ILE,132,75.101,-35.514,-86.767,0.09,1.32,0.0
ATOM,2289.0,HG23,ILE,132,76.454,-35.861,-85.925,0.09,1.32,0.0
ATOM,2290.0,HD11,ILE,132,77.533,-32.932,-85.642,0.09,1.32,0.0
ATOM,2291.0,HD12,ILE,132,79.028,-32.571,-86.189,0.09,1.32,0.0
ATOM,2292.0,HD13,ILE,132,77.716,-32.167,-87.072,0.09,1.32,0.0
ATOM,2293.0,N,SER,133,77.14,-34.686,-90.614,-0.47,1.85,0.0
ATOM,2294.0,CA,SER,133,77.745,-34.037,-91.762,0.07,2.275,0.0
ATOM,2295.0,C,SER,133,77.736,-32.572,-91.361,0.51,2.0,0.0
ATOM,2296.0,O,SER,133,77.022,-32.168,-90.433,-0.51,1.7,0.0
ATOM,2297.0,CB,SER,133,76.898,-34.234,-93.013,0.05,2.175,9.02
ATOM,2298.0,OG,SER,133,75.602,-33.722,-92.801,-0.66,1.77,0.0
ATOM,2299.0,H,SER,133,76.12,-34.643,-90.401,0.31,0.2245,0.0
ATOM,2300.0,HA,SER,133,78.676,-34.328,-91.831,0.09,1.32,0.0
ATOM,2301.0,HB2,SER,133,77.322,-33.749,-93.768,0.09,1.32,1.02
ATOM,2302.0,HB3,SER,133,76.837,-35.205,-93.21,0.09,1.32,2.13
ATOM,2303.0,HG,SER,133,74.984,-34.065,-93.509,0.43,0.2245,0.0
ATOM,2304.0,N,VAL,134,78.521,-31.777,-92.07,-0.47,1.85,0.0
ATOM,2305.0,CA,VAL,134,78.627,-30.362,-91.776,0.07,2.275,0.0
ATOM,2306.0,C,VAL,134,79.327,-29.702,-92.957,0.51,2.0,0.0
ATOM,2307.0,O,VAL,134,80.091,-30.361,-93.662,-0.51,1.7,0.0
ATOM,2308.0,CB,VAL,134,79.307,-30.107,-90.418,-0.09,2.275,0.0
ATOM,2309.0,CG1,VAL,134,80.796,-30.387,-90.612,-0.27,2.06,0.0
ATOM,2310.0,CG2,VAL,134,79.138,-28.792,-89.681,-0.27,2.06,0.85
ATOM,2311.0,H,VAL,134,79.042,-32.247,-92.837,0.31,0.2245,0.0
ATOM,2312.0,HA,VAL,134,77.711,-29.981,-91.711,0.09,1.32,0.0
ATOM,2313.0,HB,VAL,134,78.97,-30.773,-89.783,0.09,1.32,0.0
ATOM,2314.0,HG11,VAL,134,80.954,-31.373,-90.584,0.09,1.32,0.0
ATOM,2315.0,HG12,VAL,134,81.088,-30.026,-91.497,0.09,1.32,0.0
ATOM,2316.0,HG13,VAL,134,81.314,-29.944,-89.882,0.09,1.32,0.0
ATOM,2317.0,HG21,VAL,134,79.233,-28.948,-88.697,0.09,1.32,0.0
ATOM,2318.0,HG22,VAL,134,79.839,-28.147,-89.987,0.09,1.32,0.0
ATOM,2319.0,HG23,VAL,134,78.231,-28.417,-89.874,0.09,1.32,0.0
ATOM,2320.0,N,ALA,135,79.056,-28.419,-93.194,-0.47,1.85,0.0
ATOM,2321.0,CA,ALA,135,79.709,-27.704,-94.3,0.07,2.275,0.0
ATOM,2322.0,C,ALA,135,80.972,-26.992,-93.794,0.51,2.0,0.0
ATOM,2323.0,O,ALA,135,80.894,-26.066,-92.982,-0.51,1.7,0.0
ATOM,2324.0,CB,ALA,135,78.756,-26.709,-94.912,-0.27,2.06,6.35
ATOM,2325.0,H,ALA,135,78.373,-27.985,-92.558,0.31,0.2245,0.0
ATOM,2326.0,HA,ALA,135,79.977,-28.368,-95.0,0.09,1.32,0.0
ATOM,2327.0,HB1,ALA,135,79.246,-25.867,-95.148,0.09,1.32,0.0
ATOM,2328.0,HB2,ALA,135,78.348,-27.093,-95.743,0.09,1.32,0.0
ATOM,2329.0,HB3,ALA,135,78.026,-26.491,-94.261,0.09,1.32,0.72
ATOM,2330.0,N,VAL,136,82.136,-27.419,-94.272,-0.47,1.85,0.0
ATOM,2331.0,CA,VAL,136,83.374,-26.814,-93.808,0.07,2.275,0.0
ATOM,2332.0,C,VAL,136,83.992,-25.842,-94.787,0.51,2.0,0.0
ATOM,2333.0,O,VAL,136,83.913,-26.023,-96.001,-0.51,1.7,8.56
ATOM,2334.0,CB,VAL,136,84.369,-27.930,-93.439,-0.09,2.275,0.22
ATOM,2335.0,CG1,VAL,136,83.597,-28.772,-92.425,-0.27,2.06,0.0
ATOM,2336.0,CG2,VAL,136,84.473,-28.692,-94.746,-0.27,2.06,8.51
ATOM,2337.0,H,VAL,136,82.083,-28.176,-94.963,0.31,0.2245,0.0
ATOM,2338.0,HA,VAL,136,83.169,-26.305,-92.946,0.09,1.32,0.05
ATOM,2339.0,HB,VAL,136,85.11,-27.524,-92.965,0.09,1.32,0.0
ATOM,2340.0,HG11,VAL,136,84.216,-29.434,-92.004,0.09,1.32,0.0
ATOM,2341.0,HG12,VAL,136,83.216,-28.175,-91.72,0.09,1.32,0.0
ATOM,2342.0,HG13,VAL,136,82.857,-29.255,-92.891,0.09,1.32,0.0
ATOM,2343.0,HG21,VAL,136,83.558,-28.962,-95.047,0.09,1.32,0.0
ATOM,2344.0,HG22,VAL,136,84.894,-28.107,-95.44,0.09,1.32,3.03
ATOM,2345.0,HG23,VAL,136,85.035,-29.509,-94.611,0.09,1.32,1.34
ATOM,2346.0,N,SER,137,84.626,-24.816,-94.229,-0.47,1.85,0.0
ATOM,2347.0,CA,SER,137,85.28,-23.760,-94.993,0.07,2.275,1.85
ATOM,2348.0,C,SER,137,86.745,-23.688,-94.609,0.51,2.0,1.91
ATOM,2349.0,O,SER,137,87.227,-24.494,-93.821,-0.51,1.7,2.87
ATOM,2350.0,CB,SER,137,84.625,-22.416,-94.679,0.05,2.175,4.99
ATOM,2351.0,OG,SER,137,84.763,-22.102,-93.302,-0.66,1.77,0.0
ATOM,2352.0,H,SER,137,84.616,-24.830,-93.177,0.31,0.2245,0.0
ATOM,2353.0,HA,SER,137,85.224,-23.998,-95.965,0.09,1.32,7.36
ATOM,2354.0,HB2,SER,137,85.067,-21.708,-95.218,0.09,1.32,4.01
ATOM,2355.0,HB3,SER,137,83.658,-22.470,-94.903,0.09,1.32,0.0
ATOM,2356.0,HG,SER,137,83.967,-21.580,-92.999,0.43,0.2245,0.0
ATOM,2357.0,N,ASP,138,87.451,-22.711,-95.162,-0.47,1.85,1.88
ATOM,2358.0,CA,ASP,138,88.859,-22.540,-94.845,0.07,2.275,0.54
ATOM,2359.0,C,ASP,138,89.006,-22.105,-93.391,0.51,2.0,0.0
ATOM,2360.0,O,ASP,138,89.878,-22.595,-92.667,-0.51,1.7,0.0
ATOM,2361.0,CB,ASP,138,89.484,-21.489,-95.762,-0.28,2.175,12.59
ATOM,2362.0,CG,ASP,138,89.642,-21.979,-97.186,0.62,2.0,3.87
ATOM,2363.0,OD1,ASP,138,90.432,-22.924,-97.407,-0.76,1.7,36.43
ATOM,2364.0,OD2,ASP,138,88.974,-21.419,-98.083,-0.76,1.7,44.21
ATOM,2365.0,H,ASP,138,86.929,-22.104,-95.815,0.31,0.2245,3.19
ATOM,2366.0,HA,ASP,138,89.297,-23.438,-94.928,0.09,1.32,1.01
ATOM,2367.0,HB2,ASP,138,88.893,-20.691,-95.762,0.09,1.32,4.95
ATOM,2368.0,HB3,ASP,138,90.38,-21.259,-95.401,0.09,1.32,0.94
ATOM,2369.0,N,ASP,139,88.142,-21.183,-92.976,-0.47,1.85,0.01
ATOM,2370.0,CA,ASP,139,88.151,-20.659,-91.615,0.07,2.275,1.62
ATOM,2371.0,C,ASP,139,88.039,-21.787,-90.6,0.51,2.0,0.0
ATOM,2372.0,O,ASP,139,88.437,-21.650,-89.443,-0.51,1.7,6.31
ATOM,2373.0,CB,ASP,139,86.993,-19.677,-91.441,-0.28,2.175,2.33
ATOM,2374.0,CG,ASP,139,87.034,-18.551,-92.466,0.62,2.0,0.75
ATOM,2375.0,OD1,ASP,139,88.019,-17.777,-92.46,-0.76,1.7,35.57
ATOM,2376.0,OD2,ASP,139,86.091,-18.446,-93.283,-0.76,1.7,6.44
ATOM,2377.0,H,ASP,139,87.462,-20.870,-93.703,0.31,0.2245,0.0
ATOM,2378.0,HA,ASP,139,89.045,-20.219,-91.471,0.09,1.32,3.74
ATOM,2379.0,HB2,ASP,139,86.144,-20.176,-91.553,0.09,1.32,0.0
ATOM,2380.0,HB3,ASP,139,87.055,-19.283,-90.535,0.09,1.32,4.87
ATOM,2381.0,N,PHE,141,87.496,-22.906,-91.059,-0.47,1.85,0.0
ATOM,2382.0,CA,PHE,141,87.31,-24.095,-90.242,0.07,2.275,0.0
ATOM,2383.0,C,PHE,141,88.62,-24.889,-90.177,0.51,2.0,0.0
ATOM,2384.0,O,PHE,141,89.112,-25.214,-89.094,-0.51,1.7,0.0
ATOM,2385.0,CB,PHE,141,86.21,-24.951,-90.865,-0.18,2.175,0.0
ATOM,2386.0,CG,PHE,141,85.788,-26.121,-90.026,0.0,1.9924,0.0
ATOM,2387.0,CD1,PHE,141,84.603,-26.073,-89.298,-0.115,1.9924,0.04
ATOM,2388.0,CD2,PHE,141,86.547,-27.293,-90.003,-0.115,1.9924,0.0
ATOM,2389.0,CE1,PHE,141,84.172,-27.173,-88.566,-0.115,1.9924,0.0
ATOM,2390.0,CE2,PHE,141,86.126,-28.401,-89.271,-0.115,1.9924,0.0
ATOM,2391.0,CZ,PHE,141,84.934,-28.340,-88.553,-0.115,1.9924,0.0
ATOM,2392.0,H,PHE,141,87.21,-22.860,-92.069,0.31,0.2245,0.0
ATOM,2393.0,HA,PHE,141,87.117,-23.788,-89.309,0.09,1.32,0.0
ATOM,2394.0,HB2,PHE,141,85.417,-24.372,-91.004,0.09,1.32,0.02
ATOM,2395.0,HB3,PHE,141,86.55,-25.300,-91.729,0.09,1.32,0.0
ATOM,2396.0,HD1,PHE,141,84.054,-25.242,-89.3,0.115,1.3582,0.0
ATOM,2397.0,HD2,PHE,141,87.401,-27.336,-90.518,0.115,1.3582,0.0
ATOM,2398.0,HE1,PHE,141,83.312,-27.122,-88.048,0.115,1.3582,0.17
ATOM,2399.0,HE2,PHE,141,86.686,-29.240,-89.263,0.115,1.3582,0.0
ATOM,2400.0,HZ,PHE,141,84.622,-29.130,-88.028,0.115,1.3582,0.08
ATOM,2401.0,N,ALA,142,89.186,-25.197,-91.339,-0.47,1.85,0.0
ATOM,2402.0,CA,ALA,142,90.429,-25.954,-91.394,0.07,2.275,0.0
ATOM,2403.0,C,ALA,142,91.573,-25.217,-90.706,0.51,2.0,0.0
ATOM,2404.0,O,ALA,142,92.659,-25.767,-90.524,-0.51,1.7,13.57
ATOM,2405.0,CB,ALA,142,90.794,-26.248,-92.834,-0.27,2.06,21.39
ATOM,2406.0,H,ALA,142,88.68,-24.861,-92.177,0.31,0.2245,0.0
ATOM,2407.0,HA,ALA,142,90.292,-26.840,-90.926,0.09,1.32,0.0
ATOM,2408.0,HB1,ALA,142,91.226,-25.444,-93.244,0.09,1.32,0.86
ATOM,2409.0,HB2,ALA,142,91.432,-27.019,-92.871,0.09,1.32,7.41
ATOM,2410.0,HB3,ALA,142,89.969,-26.478,-93.352,0.09,1.32,4.06
ATOM,2411.0,N,PHE,143,91.329,-23.971,-90.322,-0.47,1.85,0.0
ATOM,2412.0,CA,PHE,143,92.347,-23.172,-89.652,0.07,2.275,0.32
ATOM,2413.0,C,PHE,143,92.072,-22.964,-88.168,0.51,2.0,0.34
ATOM,2414.0,O,PHE,143,92.838,-22.288,-87.478,-0.51,1.7,5.27
ATOM,2415.0,CB,PHE,143,92.492,-21.823,-90.353,-0.18,2.175,10.41
ATOM,2416.0,CG,PHE,143,93.428,-21.856,-91.528,0.0,1.9924,0.59
ATOM,2417.0,CD1,PHE,143,94.805,-21.956,-91.329,-0.115,1.9924,13.06
ATOM,2418.0,CD2,PHE,143,92.937,-21.817,-92.832,-0.115,1.9924,7.18
ATOM,2419.0,CE1,PHE,143,95.678,-22.019,-92.406,-0.115,1.9924,20.53
ATOM,2420.0,CE2,PHE,143,93.807,-21.880,-93.915,-0.115,1.9924,14.9
ATOM,2421.0,CZ,PHE,143,95.18,-21.981,-93.7,-0.115,1.9924,21.05
ATOM,2422.0,H,PHE,143,90.376,-23.624,-90.535,0.31,0.2245,0.0
ATOM,2423.0,HA,PHE,143,93.218,-23.690,-89.717,0.09,1.32,2.32
ATOM,2424.0,HB2,PHE,143,91.6,-21.553,-90.68,0.09,1.32,0.0
ATOM,2425.0,HB3,PHE,143,92.848,-21.177,-89.697,0.09,1.32,5.3
ATOM,2426.0,HD1,PHE,143,95.168,-21.984,-90.402,0.115,1.3582,2.17
ATOM,2427.0,HD2,PHE,143,91.955,-21.744,-92.988,0.115,1.3582,0.02
ATOM,2428.0,HE1,PHE,143,96.668,-22.091,-92.241,0.115,1.3582,17.88
ATOM,2429.0,HE2,PHE,143,93.439,-21.851,-94.857,0.115,1.3582,8.11
ATOM,2430.0,HZ,PHE,143,95.806,-22.027,-94.477,0.115,1.3582,17.92
ATOM,2431.0,N,TYR,144,90.978,-23.551,-87.69,-0.47,1.85,0.0
ATOM,2432.0,CA,TYR,144,90.591,-23.465,-86.29,0.07,2.275,0.18
ATOM,2433.0,C,TYR,144,91.762,-23.878,-85.403,0.51,2.0,0.0
ATOM,2434.0,O,TYR,144,92.51,-24.804,-85.733,-0.51,1.7,2.07
ATOM,2435.0,CB,TYR,144,89.402,-24.383,-86.042,-0.18,2.175,0.0
ATOM,2436.0,CG,TYR,144,89.063,-24.606,-84.583,0.0,1.9924,0.0
ATOM,2437.0,CD1,TYR,144,88.408,-23.627,-83.835,-0.115,1.9924,0.06
ATOM,2438.0,CD2,TYR,144,89.37,-25.816,-83.961,-0.115,1.9924,0.0
ATOM,2439.0,CE1,TYR,144,88.059,-23.849,-82.505,-0.115,1.9924,0.0
ATOM,2440.0,CE2,TYR,144,89.03,-26.048,-82.634,-0.115,1.9924,0.0
ATOM,2441.0,CZ,TYR,144,88.374,-25.063,-81.912,0.11,1.9924,0.0
ATOM,2442.0,OH,TYR,144,88.031,-25.309,-80.602,-0.54,1.77,0.0
ATOM,2443.0,H,TYR,144,90.425,-24.076,-88.405,0.31,0.2245,0.0
ATOM,2444.0,HA,TYR,144,90.363,-22.511,-86.08,0.09,1.32,5.9
ATOM,2445.0,HB2,TYR,144,88.598,-23.987,-86.489,0.09,1.32,0.0
ATOM,2446.0,HB3,TYR,144,89.601,-25.275,-86.452,0.09,1.32,0.0
ATOM,2447.0,HD1,TYR,144,88.184,-22.749,-84.259,0.115,1.3582,3.51
ATOM,2448.0,HD2,TYR,144,89.841,-26.527,-84.479,0.115,1.3582,0.0
ATOM,2449.0,HE1,TYR,144,87.585,-23.140,-81.985,0.115,1.3582,0.0
ATOM,2450.0,HE2,TYR,144,89.257,-26.920,-82.202,0.115,1.3582,0.0
ATOM,2451.0,HH,TYR,144,87.506,-24.536,-80.25,0.43,0.2245,0.0
ATOM,2452.0,N,LYS,145,91.911,-23.183,-84.275,-0.47,1.85,0.0
ATOM,2453.0,CA,LYS,145,92.995,-23.446,-83.325,0.07,2.275,0.71
ATOM,2454.0,C,LYS,145,92.461,-23.769,-81.933,0.51,2.0,0.0
ATOM,2455.0,O,LYS,145,92.916,-24.708,-81.282,-0.51,1.7,7.85
ATOM,2456.0,CB,LYS,145,93.906,-22.225,-83.228,-0.18,2.175,6.38
ATOM,2457.0,CG,LYS,145,94.467,-21.735,-84.561,-0.18,2.175,12.64
ATOM,2458.0,CD,LYS,145,95.564,-22.652,-85.061,-0.18,2.175,8.04
ATOM,2459.0,CE,LYS,145,96.231,-22.113,-86.31,0.21,2.175,11.4
ATOM,2460.0,NZ,LYS,145,97.55,-22.786,-86.537,-0.3,1.85,13.48
ATOM,2461.0,H,LYS,145,91.194,-22.440,-84.127,0.31,0.2245,3.97
ATOM,2462.0,HA,LYS,145,93.532,-24.235,-83.657,0.09,1.32,1.5
ATOM,2463.0,HB2,LYS,145,93.385,-21.475,-82.817,0.09,1.32,4.57
ATOM,2464.0,HB3,LYS,145,94.678,-22.455,-82.632,0.09,1.32,7.45
ATOM,2465.0,HG2,LYS,145,93.728,-21.712,-85.233,0.09,1.32,0.11
ATOM,2466.0,HG3,LYS,145,94.838,-20.817,-84.437,0.09,1.32,10.11
ATOM,2467.0,HD2,LYS,145,96.255,-22.748,-84.347,0.09,1.32,7.0
ATOM,2468.0,HD3,LYS,145,95.17,-23.545,-85.271,0.09,1.32,2.59
ATOM,2469.0,HE2,LYS,145,95.642,-22.282,-87.098,0.05,1.32,0.0
ATOM,2470.0,HE3,LYS,145,96.382,-21.132,-86.206,0.05,1.32,9.34
ATOM,2471.0,HZ1,LYS,145,97.917,-23.090,-85.66,0.33,0.2245,15.56
ATOM,2472.0,HZ2,LYS,145,97.417,-23.571,-87.139,0.33,0.2245,18.98
ATOM,2473.0,HZ3,LYS,145,98.179,-22.137,-86.961,0.33,0.2245,20.43
ATOM,2474.0,N,GLU,146,91.494,-22.985,-81.476,-0.47,1.85,0.0
ATOM,2475.0,CA,GLU,146,90.933,-23.196,-80.154,0.07,2.275,0.0
ATOM,2476.0,C,GLU,146,89.727,-22.306,-79.909,0.51,2.0,0.0
ATOM,2477.0,O,GLU,146,89.424,-21.420,-80.706,-0.51,1.7,16.18
ATOM,2478.0,CB,GLU,146,91.991,-22.895,-79.106,-0.18,2.175,0.32
ATOM,2479.0,CG,GLU,146,92.655,-21.552,-79.332,-0.28,2.175,13.76
ATOM,2480.0,CD,GLU,146,93.376,-21.341,-78.02,0.62,2.0,6.58
ATOM,2481.0,OE1,GLU,146,93.436,-22.332,-77.306,-0.76,1.7,32.25
ATOM,2482.0,OE2,GLU,146,93.564,-20.200,-77.601,-0.76,1.7,47.83
ATOM,2483.0,H,GLU,146,91.188,-22.239,-82.122,0.31,0.2245,1.36
ATOM,2484.0,HA,GLU,146,90.662,-24.165,-80.05,0.09,1.32,0.0
ATOM,2485.0,HB2,GLU,146,91.552,-22.867,-78.232,0.09,1.32,0.85
ATOM,2486.0,HB3,GLU,146,92.683,-23.584,-79.167,0.09,1.32,2.82
ATOM,2487.0,HG2,GLU,146,93.303,-21.646,-80.01,0.09,1.32,0.35
ATOM,2488.0,HG3,GLU,146,91.987,-20.892,-79.407,0.09,1.32,3.96
ATOM,2489.0,N,GLY,147,89.043,-22.549,-78.796,-0.47,1.85,0.75
ATOM,2490.0,CA,GLY,147,87.874,-21.757,-78.455,-0.02,2.175,13.8
ATOM,2491.0,C,GLY,147,86.613,-22.213,-79.164,0.51,2.0,0.09
ATOM,2492.0,O,GLY,147,86.639,-23.171,-79.94,-0.51,1.7,0.0
ATOM,2493.0,H,GLY,147,89.406,-23.324,-78.217,0.31,0.2245,0.0
ATOM,2494.0,HA2,GLY,147,87.724,-21.796,-77.449,0.09,1.32,11.22
ATOM,2495.0,HA3,GLY,147,88.051,-20.781,-78.684,0.09,1.32,9.32
ATOM,2496.0,N,ILE,148,85.501,-21.531,-78.898,-0.47,1.85,2.46
ATOM,2497.0,CA,ILE,148,84.235,-21.880,-79.526,0.07,2.275,0.0
ATOM,2498.0,C,ILE,148,84.051,-21.151,-80.852,0.51,2.0,0.7
ATOM,2499.0,O,ILE,148,83.588,-20.016,-80.905,-0.51,1.7,6.68
ATOM,2500.0,CB,ILE,148,83.04,-21.620,-78.572,-0.09,2.275,0.7
ATOM,2501.0,CG1,ILE,148,81.773,-21.389,-79.381,-0.18,2.175,0.27
ATOM,2502.0,CG2,ILE,148,83.335,-20.475,-77.66,-0.27,2.06,6.86
ATOM,2503.0,CD1,ILE,148,80.567,-21.089,-78.519,-0.27,2.06,4.49
ATOM,2504.0,H,ILE,148,85.615,-20.754,-78.224,0.31,0.2245,4.35
ATOM,2505.0,HA,ILE,148,84.287,-22.862,-79.743,0.09,1.32,0.0
ATOM,2506.0,HB,ILE,148,82.916,-22.434,-78.019,0.09,1.32,0.1
ATOM,2507.0,HG12,ILE,148,81.925,-20.625,-80.002,0.09,1.32,0.06
ATOM,2508.0,HG13,ILE,148,81.586,-22.209,-79.917,0.09,1.32,0.0
ATOM,2509.0,HG21,ILE,148,82.579,-20.341,-77.014,0.09,1.32,0.0
ATOM,2510.0,HG22,ILE,148,84.174,-20.652,-77.139,0.09,1.32,5.66
ATOM,2511.0,HG23,ILE,148,83.458,-19.631,-78.189,0.09,1.32,6.52
ATOM,2512.0,HD11,ILE,148,80.74,-20.264,-77.983,0.09,1.32,0.14
ATOM,2513.0,HD12,ILE,148,79.769,-20.947,-79.103,0.09,1.32,0.0
ATOM,2514.0,HD13,ILE,148,80.399,-21.859,-77.904,0.09,1.32,0.0
ATOM,2515.0,N,PHE,149,84.441,-21.845,-81.919,-0.47,1.85,0.14
ATOM,2516.0,CA,PHE,149,84.376,-21.366,-83.298,0.07,2.275,1.11
ATOM,2517.0,C,PHE,149,82.995,-20.953,-83.812,0.51,2.0,0.0
ATOM,2518.0,O,PHE,149,81.978,-21.585,-83.513,-0.51,1.7,0.0
ATOM,2519.0,CB,PHE,149,84.975,-22.442,-84.215,-0.18,2.175,0.1
ATOM,2520.0,CG,PHE,149,84.668,-22.263,-85.678,0.0,1.9924,0.0
ATOM,2521.0,CD1,PHE,149,83.406,-22.554,-86.183,-0.115,1.9924,0.0
ATOM,2522.0,CD2,PHE,149,85.654,-21.841,-86.557,-0.115,1.9924,3.3
ATOM,2523.0,CE1,PHE,149,83.134,-22.430,-87.54,-0.115,1.9924,0.0
ATOM,2524.0,CE2,PHE,149,85.392,-21.714,-87.921,-0.115,1.9924,0.56
ATOM,2525.0,CZ,PHE,149,84.128,-22.010,-88.411,-0.115,1.9924,0.0
ATOM,2526.0,H,PHE,149,84.816,-22.807,-81.677,0.31,0.2245,0.0
ATOM,2527.0,HA,PHE,149,84.966,-20.527,-83.346,0.09,1.32,7.81
ATOM,2528.0,HB2,PHE,149,85.96,-22.418,-84.104,0.09,1.32,0.0
ATOM,2529.0,HB3,PHE,149,84.608,-23.318,-83.93,0.09,1.32,0.0
ATOM,2530.0,HD1,PHE,149,82.683,-22.855,-85.567,0.115,1.3582,0.0
ATOM,2531.0,HD2,PHE,149,86.568,-21.623,-86.211,0.115,1.3582,4.78
ATOM,2532.0,HE1,PHE,149,82.213,-22.648,-87.883,0.115,1.3582,0.0
ATOM,2533.0,HE2,PHE,149,86.127,-21.408,-88.544,0.115,1.3582,0.0
ATOM,2534.0,HZ,PHE,149,83.932,-21.922,-89.386,0.115,1.3582,0.0
ATOM,2535.0,N,ASP,150,82.987,-19.883,-84.605,-0.47,1.85,0.0
ATOM,2536.0,CA,ASP,150,81.773,-19.348,-85.22,0.07,2.275,0.0
ATOM,2537.0,C,ASP,150,82.135,-18.625,-86.523,0.51,2.0,0.0
ATOM,2538.0,O,ASP,150,81.388,-17.781,-87.012,-0.51,1.7,12.74
ATOM,2539.0,CB,ASP,150,81.048,-18.401,-84.25,-0.28,2.175,0.71
ATOM,2540.0,CG,ASP,150,81.95,-17.292,-83.72,0.62,2.0,2.16
ATOM,2541.0,OD1,ASP,150,82.207,-16.316,-84.459,-0.76,1.7,34.07
ATOM,2542.0,OD2,ASP,150,82.407,-17.400,-82.561,-0.76,1.7,26.49
ATOM,2543.0,H,ASP,150,83.933,-19.453,-84.752,0.31,0.2245,4.47
ATOM,2544.0,HA,ASP,150,81.197,-20.126,-85.47,0.09,1.32,0.0
ATOM,2545.0,HB2,ASP,150,80.288,-17.987,-84.737,0.09,1.32,2.43
ATOM,2546.0,HB3,ASP,150,80.721,-18.939,-83.484,0.09,1.32,0.0
ATOM,2547.0,N,GLY,151,83.298,-18.970,-87.074,-0.47,1.85,0.97
ATOM,2548.0,CA,GLY,151,83.742,-18.375,-88.321,-0.02,2.175,13.22
ATOM,2549.0,C,GLY,151,82.832,-18.746,-89.484,0.51,2.0,0.89
ATOM,2550.0,O,GLY,151,81.781,-19.368,-89.297,-0.51,1.7,0.15
ATOM,2551.0,H,GLY,151,83.837,-19.679,-86.546,0.31,0.2245,0.0
ATOM,2552.0,HA2,GLY,151,83.764,-17.368,-88.226,0.09,1.32,10.25
ATOM,2553.0,HA3,GLY,151,84.684,-18.683,-88.526,0.09,1.32,1.14
ATOM,2554.0,N,GLU,152,83.241,-18.374,-90.693,-0.47,1.85,0.82
ATOM,2555.0,CA,GLU,152,82.448,-18.647,-91.888,0.07,2.275,0.61
ATOM,2556.0,C,GLU,152,82.294,-20.135,-92.153,0.51,2.0,0.0
ATOM,2557.0,O,GLU,152,83.239,-20.896,-91.97,-0.51,1.7,0.0
ATOM,2558.0,CB,GLU,152,83.092,-17.979,-93.1,-0.18,2.175,2.55
ATOM,2559.0,CG,GLU,152,83.142,-16.462,-93.018,-0.28,2.175,16.22
ATOM,2560.0,CD,GLU,152,84.024,-15.852,-94.095,0.62,2.0,3.18
ATOM,2561.0,OE1,GLU,152,83.78,-16.128,-95.294,-0.76,1.7,39.24
ATOM,2562.0,OE2,GLU,152,84.962,-15.102,-93.739,-0.76,1.7,38.56
ATOM,2563.0,H,GLU,152,84.155,-17.882,-90.713,0.31,0.2245,1.95
ATOM,2564.0,HA,GLU,152,81.532,-18.226,-91.787,0.09,1.32,6.33
ATOM,2565.0,HB2,GLU,152,84.019,-18.304,-93.165,0.09,1.32,0.0
ATOM,2566.0,HB3,GLU,152,82.56,-18.217,-93.893,0.09,1.32,4.73
ATOM,2567.0,HG2,GLU,152,82.234,-16.115,-93.148,0.09,1.32,10.67
ATOM,2568.0,HG3,GLU,152,83.521,-16.210,-92.149,0.09,1.32,4.1
ATOM,2569.0,N,CYS,153,81.102,-20.544,-92.587,-0.47,1.85,0.0
ATOM,2570.0,CA,CYS,153,80.832,-21.949,-92.888,0.07,2.275,0.0
ATOM,2571.0,C,CYS,153,81.201,-22.292,-94.324,0.51,2.0,0.02
ATOM,2572.0,O,CYS,153,81.692,-21.451,-95.058,-0.51,1.7,12.17
ATOM,2573.0,CB,CYS,153,79.355,-22.282,-92.656,-0.1,2.175,6.04
ATOM,2574.0,SG,CYS,153,78.832,-22.388,-90.901,-0.08,1.975,5.61
ATOM,2575.0,H,CYS,153,80.395,-19.791,-92.691,0.31,0.2245,10.21
ATOM,2576.0,HA,CYS,153,81.397,-22.516,-92.274,0.09,1.32,0.04
ATOM,2577.0,HB2,CYS,153,78.8,-21.575,-93.097,0.09,1.32,9.4
ATOM,2578.0,HB3,CYS,153,79.161,-23.167,-93.085,0.09,1.32,0.0
ATOM,2579.0,N,GLY,154,80.973,-23.537,-94.714,-0.47,1.85,0.0
ATOM,2580.0,CA,GLY,154,81.284,-23.955,-96.067,-0.02,2.175,0.29
ATOM,2581.0,C,GLY,154,80.109,-23.652,-96.973,0.51,2.0,0.0
ATOM,2582.0,O,GLY,154,79.076,-23.171,-96.513,-0.51,1.7,12.83
ATOM,2583.0,H,GLY,154,80.569,-24.159,-93.994,0.31,0.2245,0.0
ATOM,2584.0,HA2,GLY,154,82.095,-23.464,-96.395,0.09,1.32,2.14
ATOM,2585.0,HA3,GLY,154,81.473,-24.940,-96.082,0.09,1.32,0.0
ATOM,2586.0,N,ASP,155,80.256,-23.942,-98.259,-0.47,1.85,0.0
ATOM,2587.0,CA,ASP,155,79.198,-23.675,-99.221,0.07,2.275,0.74
ATOM,2588.0,C,ASP,155,78.071,-24.698,-99.109,0.51,2.0,0.0
ATOM,2589.0,O,ASP,155,76.896,-24.337,-99.11,-0.51,1.7,30.34
ATOM,2592.0,OD1,ASP,155,79.91,-21.777,-99.499,-0.76,1.7,21.76
ATOM,2594.0,H,ASP,155,81.169,-24.365,-98.511,0.31,0.2245,6.85
ATOM,2595.0,HA,ASP,155,78.802,-22.776,-98.991,0.09,1.32,2.58
ATOM,2598.0,N,GLN,156,78.434,-25.975,-99.029,-0.47,1.85,0.0
ATOM,2599.0,CA,GLN,156,77.449,-27.049,-98.895,0.07,2.275,0.48
ATOM,2600.0,C,GLN,156,78.02,-28.148,-97.99,0.51,2.0,0.0
ATOM,2601.0,O,GLN,156,79.218,-28.155,-97.695,-0.51,1.7,0.01
ATOM,2605.0,H,GLN,156,79.458,-26.142,-99.069,0.31,0.2245,2.11
ATOM,2606.0,HA,GLN,156,76.64,-26.675,-98.444,0.09,1.32,6.65
ATOM,2615.0,N,LEU,157,77.171,-29.066,-97.536,-0.47,1.85,0.3
ATOM,2616.0,CA,LEU,157,77.645,-30.149,-96.683,0.07,2.275,0.0
ATOM,2617.0,C,LEU,157,78.748,-30.859,-97.46,0.51,2.0,0.32
ATOM,2618.0,O,LEU,157,78.564,-31.213,-98.628,-0.51,1.7,15.16
ATOM,2619.0,CB,LEU,157,76.502,-31.109,-96.373,-0.18,2.175,6.16
ATOM,2620.0,CG,LEU,157,75.341,-30.456,-95.624,-0.09,2.275,2.14
ATOM,2621.0,CD1,LEU,157,74.161,-31.399,-95.611,-0.27,2.06,16.22
ATOM,2622.0,CD2,LEU,157,75.775,-30.079,-94.208,-0.27,2.06,2.4
ATOM,2623.0,H,LEU,157,76.192,-28.947,-97.829,0.31,0.2245,4.54
ATOM,2624.0,HA,LEU,157,78.037,-29.763,-95.861,0.09,1.32,0.0
ATOM,2625.0,HB2,LEU,157,76.148,-31.452,-97.227,0.09,1.32,6.61
ATOM,2626.0,HB3,LEU,157,76.853,-31.833,-95.804,0.09,1.32,0.06
ATOM,2627.0,HG,LEU,157,75.092,-29.611,-96.088,0.09,1.32,5.26
ATOM,2628.0,HD11,LEU,157,74.414,-32.254,-95.152,0.09,1.32,0.0
ATOM,2629.0,HD12,LEU,157,73.395,-30.978,-95.121,0.09,1.32,0.37
ATOM,2630.0,HD13,LEU,157,73.878,-31.602,-96.551,0.09,1.32,10.29
ATOM,2631.0,HD21,LEU,157,76.539,-29.436,-94.256,0.09,1.32,0.0
ATOM,2632.0,HD22,LEU,157,75.008,-29.653,-93.729,0.09,1.32,0.03
ATOM,2633.0,HD23,LEU,157,76.06,-30.903,-93.719,0.09,1.32,0.0
ATOM,2634.0,N,ASN,158,79.896,-31.067,-96.827,-0.47,1.85,0.48
ATOM,2635.0,CA,ASN,158,81.005,-31.705,-97.528,0.07,2.275,4.33
ATOM,2636.0,C,ASN,158,81.904,-32.597,-96.657,0.51,2.0,1.99
ATOM,2637.0,O,ASN,158,82.635,-33.445,-97.17,-0.51,1.7,26.08
ATOM,2638.0,CB,ASN,158,81.847,-30.616,-98.179,-0.18,2.175,15.83
ATOM,2639.0,CG,ASN,158,82.377,-29.635,-97.168,0.55,2.0,1.22
ATOM,2640.0,H,ASN,158,79.932,-30.755,-95.851,0.31,0.2245,0.0
ATOM,2641.0,HA,ASN,158,80.6,-32.312,-98.243,0.09,1.32,7.52
ATOM,2642.0,HB2,ASN,158,82.615,-31.047,-98.643,0.09,1.32,6.02
ATOM,2643.0,HB3,ASN,158,81.278,-30.128,-98.834,0.09,1.32,0.46
ATOM,2644.0,OD1,ASN,158,81.622,-29.093,-96.361,-0.55,1.7,0.08
ATOM,2645.0,ND2,ASN,158,83.68,-29.403,-97.195,-0.62,1.85,11.46
ATOM,2646.0,HD22,ASN,158,84.258,-29.867,-97.87,0.3,0.2245,16.68
ATOM,2647.0,HD21,ASN,158,84.092,-28.765,-96.544,0.32,0.2245,0.0
ATOM,2648.0,N,HIS,159,81.845,-32.408,-95.343,-0.47,1.85,0.81
ATOM,2649.0,CA,HIS,159,82.676,-33.190,-94.44,0.07,2.275,0.57
ATOM,2650.0,C,HIS,159,81.882,-33.967,-93.398,0.51,2.0,1.91
ATOM,2651.0,O,HIS,159,80.829,-33.506,-92.949,-0.51,1.7,0.08
ATOM,2652.0,CB,HIS,159,83.661,-32.274,-93.729,-0.08,2.175,0.7
ATOM,2653.0,CG,HIS,159,84.743,-33.013,-93.017,0.22,1.8,0.0
ATOM,2654.0,H,HIS,159,81.18,-31.682,-95.032,0.31,0.2245,0.0
ATOM,2655.0,HA,HIS,159,83.208,-33.859,-94.994,0.09,1.32,0.0
ATOM,2656.0,HB2,HIS,159,84.086,-31.661,-94.403,0.09,1.32,0.63
ATOM,2657.0,HB3,HIS,159,83.164,-31.715,-93.057,0.09,1.32,0.0
ATOM,2658.0,ND1,HIS,159,85.564,-33.918,-93.656,-0.7,1.85,7.78
ATOM,2659.0,CD2,HIS,159,85.136,-32.990,-91.723,-0.05,1.8,0.0
ATOM,2660.0,CE1,HIS,159,86.419,-34.421,-92.783,0.25,1.8,0.66
ATOM,2661.0,NE2,HIS,159,86.181,-33.874,-91.603,-0.36,1.85,0.0
ATOM,2662.0,HD2,HIS,159,84.743,-32.438,-90.993,0.09,1.468,0.0
ATOM,2663.0,HE1,HIS,159,87.122,-35.098,-92.979,0.13,0.9,0.0
ATOM,2664.0,HE2,HIS,159,86.682,-34.072,-90.759,0.32,0.2245,0.0
ATOM,2665.0,N,ALA,160,82.401,-35.138,-93.009,-0.47,1.85,0.38
ATOM,2666.0,CA,ALA,160,81.737,-35.986,-92.015,0.07,2.275,0.06
ATOM,2667.0,C,ALA,160,82.489,-35.987,-90.709,0.51,2.0,0.0
ATOM,2668.0,O,ALA,160,83.684,-36.237,-90.689,-0.51,1.7,0.36
ATOM,2669.0,CB,ALA,160,81.62,-37.409,-92.529,-0.27,2.06,0.47
ATOM,2670.0,H,ALA,160,83.298,-35.387,-93.465,0.31,0.2245,0.0
ATOM,2671.0,HA,ALA,160,80.807,-35.625,-91.86,0.09,1.32,0.0
ATOM,2672.0,HB1,ALA,160,82.523,-37.745,-92.798,0.09,1.32,0.0
ATOM,2673.0,HB2,ALA,160,81.25,-37.997,-91.81,0.09,1.32,0.0
ATOM,2674.0,HB3,ALA,160,81.01,-37.431,-93.321,0.09,1.32,6.51
ATOM,2675.0,N,VAL,161,81.793,-35.711,-89.614,-0.47,1.85,0.0
ATOM,2676.0,CA,VAL,161,82.421,-35.698,-88.296,0.07,2.275,0.0
ATOM,2677.0,C,VAL,161,81.556,-36.383,-87.238,0.51,2.0,0.0
ATOM,2678.0,O,VAL,161,80.54,-37.006,-87.552,-0.51,1.7,0.0
ATOM,2679.0,CB,VAL,161,82.779,-34.253,-87.903,-0.09,2.275,0.0
ATOM,2680.0,CG1,VAL,161,83.843,-33.634,-88.807,-0.27,2.06,0.0
ATOM,2681.0,CG2,VAL,161,81.536,-33.384,-87.928,-0.27,2.06,0.0
ATOM,2682.0,H,VAL,161,80.788,-35.510,-89.771,0.31,0.2245,0.0
ATOM,2683.0,HA,VAL,161,83.293,-36.206,-88.358,0.09,1.32,2.31
ATOM,2684.0,HB,VAL,161,83.165,-34.275,-86.976,0.09,1.32,0.0
ATOM,2685.0,HG11,VAL,161,84.406,-34.359,-89.201,0.09,1.32,0.0
ATOM,2686.0,HG12,VAL,161,83.398,-33.121,-89.54,0.09,1.32,0.0
ATOM,2687.0,HG13,VAL,161,84.418,-33.019,-88.269,0.09,1.32,0.0
ATOM,2688.0,HG21,VAL,161,80.785,-33.890,-88.354,0.09,1.32,0.0
ATOM,2689.0,HG22,VAL,161,81.284,-33.137,-86.992,0.09,1.32,0.0
ATOM,2690.0,HG23,VAL,161,81.721,-32.554,-88.455,0.09,1.32,0.0
ATOM,2691.0,N,MET,162,81.97,-36.245,-85.979,-0.47,1.85,0.11
ATOM,2692.0,CA,MET,162,81.283,-36.842,-84.83,0.07,2.275,0.0
ATOM,2693.0,C,MET,162,80.901,-35.787,-83.814,0.51,2.0,0.0
ATOM,2694.0,O,MET,162,81.681,-34.890,-83.52,-0.51,1.7,0.0
ATOM,2695.0,CB,MET,162,82.198,-37.832,-84.117,-0.18,2.175,0.26
ATOM,2696.0,CG,MET,162,81.936,-39.292,-84.364,-0.14,2.175,0.17
ATOM,2697.0,SD,MET,162,83.192,-40.245,-83.468,-0.09,2.0,1.53
ATOM,2698.0,CE,MET,162,82.349,-40.472,-81.857,-0.22,2.06,0.0
ATOM,2699.0,H,MET,162,82.84,-35.666,-85.877,0.31,0.2245,0.0
ATOM,2700.0,HA,MET,162,80.439,-37.278,-85.167,0.09,1.32,0.0
ATOM,2701.0,HB2,MET,162,83.165,-37.628,-84.382,0.09,1.32,0.48
ATOM,2702.0,HB3,MET,162,82.14,-37.659,-83.11,0.09,1.32,0.0
ATOM,2703.0,HG2,MET,162,81.017,-39.532,-84.037,0.09,1.32,0.0
ATOM,2704.0,HG3,MET,162,81.988,-39.485,-85.349,0.09,1.32,0.0
ATOM,2705.0,HE1,MET,162,81.537,-41.028,-82.002,0.09,1.32,0.0
ATOM,2706.0,HE2,MET,162,82.976,-40.928,-81.235,0.09,1.32,0.0
ATOM,2707.0,HE3,MET,162,82.098,-39.577,-81.504,0.09,1.32,0.0
ATOM,2708.0,N,LEU,163,79.711,-35.918,-83.249,-0.47,1.85,0.0
ATOM,2709.0,CA,LEU,163,79.245,-34.980,-82.243,0.07,2.275,0.0
ATOM,2710.0,C,LEU,163,79.391,-35.686,-80.888,0.51,2.0,0.0
ATOM,2711.0,O,LEU,163,78.619,-36.591,-80.578,-0.51,1.7,0.0
ATOM,2712.0,CB,LEU,163,77.784,-34.653,-82.521,-0.18,2.175,0.0
ATOM,2713.0,CG,LEU,163,77.283,-33.221,-82.376,-0.09,2.275,0.0
ATOM,2714.0,CD1,LEU,163,75.815,-33.193,-82.762,-0.27,2.06,0.0
ATOM,2715.0,CD2,LEU,163,77.474,-32.729,-80.961,-0.27,2.06,0.0
ATOM,2716.0,H,LEU,163,79.155,-36.730,-83.58,0.31,0.2245,0.0
ATOM,2717.0,HA,LEU,163,79.832,-34.184,-82.242,0.09,1.32,0.0
ATOM,2718.0,HB2,LEU,163,77.582,-34.942,-83.473,0.09,1.32,0.0
ATOM,2719.0,HB3,LEU,163,77.22,-35.228,-81.906,0.09,1.32,0.0
ATOM,2720.0,HG,LEU,163,77.798,-32.632,-82.984,0.09,1.32,0.0
ATOM,2721.0,HD11,LEU,163,75.297,-33.801,-82.159,0.09,1.32,0.0
ATOM,2722.0,HD12,LEU,163,75.462,-32.260,-82.675,0.09,1.32,0.0
ATOM,2723.0,HD13,LEU,163,75.711,-33.499,-83.709,0.09,1.32,0.0
ATOM,2724.0,HD21,LEU,163,78.447,-32.754,-80.72,0.09,1.32,0.0
ATOM,2725.0,HD22,LEU,163,77.14,-31.787,-80.88,0.09,1.32,0.0
ATOM,2726.0,HD23,LEU,163,76.964,-33.313,-80.326,0.09,1.32,0.0
ATOM,2727.0,N,VAL,164,80.372,-35.291,-80.081,-0.47,1.85,0.0
ATOM,2728.0,CA,VAL,164,80.563,-35.955,-78.797,0.07,2.275,0.0
ATOM,2729.0,C,VAL,164,80.083,-35.198,-77.569,0.51,2.0,0.0
ATOM,2730.0,O,VAL,164,80.473,-35.521,-76.45,-0.51,1.7,0.0
ATOM,2731.0,CB,VAL,164,82.04,-36.357,-78.562,-0.09,2.275,0.0
ATOM,2732.0,CG1,VAL,164,82.482,-37.350,-79.62,-0.27,2.06,0.0
ATOM,2733.0,CG2,VAL,164,82.927,-35.129,-78.562,-0.27,2.06,0.0
ATOM,2734.0,H,VAL,164,80.95,-34.519,-80.426,0.31,0.2245,0.0
ATOM,2735.0,HA,VAL,164,80.055,-36.849,-78.83,0.09,1.32,0.0
ATOM,2736.0,HB,VAL,164,82.086,-36.820,-77.685,0.09,1.32,0.0
ATOM,2737.0,HG11,VAL,164,81.687,-37.661,-80.143,0.09,1.32,0.0
ATOM,2738.0,HG12,VAL,164,83.135,-36.913,-80.24,0.09,1.32,0.0
ATOM,2739.0,HG13,VAL,164,82.918,-38.137,-79.182,0.09,1.32,0.0
ATOM,2740.0,HG21,VAL,164,82.776,-34.609,-77.72,0.09,1.32,0.0
ATOM,2741.0,HG22,VAL,164,83.886,-35.410,-78.613,0.09,1.32,0.0
ATOM,2742.0,HG23,VAL,164,82.704,-34.557,-79.353,0.09,1.32,0.0
ATOM,2743.0,N,GLY,165,79.235,-34.197,-77.768,-0.47,1.85,0.0
ATOM,2744.0,CA,GLY,165,78.72,-33.472,-76.624,-0.02,2.175,0.0
ATOM,2745.0,C,GLY,165,78.507,-31.988,-76.821,0.51,2.0,0.0
ATOM,2746.0,O,GLY,165,78.705,-31.458,-77.909,-0.51,1.7,0.0
ATOM,2747.0,H,GLY,165,78.995,-33.999,-78.742,0.31,0.2245,0.0
ATOM,2748.0,HA2,GLY,165,77.83,-33.901,-76.33,0.09,1.32,0.0
ATOM,2749.0,HA3,GLY,165,79.355,-33.615,-75.825,0.09,1.32,0.0
ATOM,2750.0,N,PHE,166,78.085,-31.318,-75.755,-0.47,1.85,0.0
ATOM,2751.0,CA,PHE,166,77.858,-29.886,-75.795,0.07,2.275,0.0
ATOM,2752.0,C,PHE,166,78.33,-29.235,-74.491,0.51,2.0,0.0
ATOM,2753.0,O,PHE,166,78.204,-29.823,-73.408,-0.51,1.7,0.26
ATOM,2754.0,CB,PHE,166,76.37,-29.595,-76.06,-0.18,2.175,0.0
ATOM,2755.0,CG,PHE,166,75.432,-30.380,-75.193,0.0,1.9924,0.0
ATOM,2756.0,CD1,PHE,166,75.202,-30.007,-73.874,-0.115,1.9924,0.0
ATOM,2757.0,CD2,PHE,166,74.797,-31.510,-75.688,-0.115,1.9924,0.0
ATOM,2758.0,CE1,PHE,166,74.36,-30.743,-73.061,-0.115,1.9924,0.0
ATOM,2759.0,CE2,PHE,166,73.952,-32.252,-74.88,-0.115,1.9924,0.0
ATOM,2760.0,CZ,PHE,166,73.736,-31.863,-73.561,-0.115,1.9924,0.0
ATOM,2761.0,H,PHE,166,77.935,-31.901,-74.907,0.31,0.2245,0.0
ATOM,2762.0,HA,PHE,166,78.436,-29.511,-76.526,0.09,1.32,0.0
ATOM,2763.0,HB2,PHE,166,76.22,-28.633,-75.888,0.09,1.32,0.0
ATOM,2764.0,HB3,PHE,166,76.186,-29.825,-77.004,0.09,1.32,0.0
ATOM,2765.0,HD1,PHE,166,75.651,-29.194,-73.507,0.115,1.3582,0.0
ATOM,2766.0,HD2,PHE,166,74.951,-31.789,-76.635,0.115,1.3582,0.0
ATOM,2767.0,HE1,PHE,166,74.211,-30.453,-72.107,0.115,1.3582,0.0
ATOM,2768.0,HE2,PHE,166,73.495,-33.076,-75.249,0.115,1.3582,0.0
ATOM,2769.0,HZ,PHE,166,73.124,-32.401,-72.978,0.115,1.3582,0.0
ATOM,2770.0,N,GLY,167,78.902,-28.037,-74.608,-0.47,1.85,0.0
ATOM,2771.0,CA,GLY,167,79.386,-27.322,-73.439,-0.02,2.175,3.3
ATOM,2772.0,C,GLY,167,78.817,-25.919,-73.323,0.51,2.0,0.0
ATOM,2773.0,O,GLY,167,77.986,-25.507,-74.143,-0.51,1.7,0.0
ATOM,2774.0,H,GLY,167,78.967,-27.676,-75.575,0.31,0.2245,0.0
ATOM,2775.0,HA2,GLY,167,79.149,-27.848,-72.602,0.09,1.32,0.0
ATOM,2776.0,HA3,GLY,167,80.401,-27.268,-73.474,0.09,1.32,0.0
ATOM,2777.0,N,MET,168,79.272,-25.180,-72.313,-0.47,1.85,0.0
ATOM,2778.0,CA,MET,168,78.793,-23.821,-72.075,0.07,2.275,0.0
ATOM,2779.0,C,MET,168,79.821,-22.998,-71.278,0.51,2.0,0.0
ATOM,2780.0,O,MET,168,80.225,-23.384,-70.181,-0.51,1.7,17.95
ATOM,2781.0,CB,MET,168,77.45,-23.914,-71.339,-0.18,2.175,0.0
ATOM,2782.0,CG,MET,168,76.721,-22.610,-71.095,-0.14,2.175,0.04
ATOM,2783.0,SD,MET,168,77.354,-21.700,-69.668,-0.09,2.0,14.77
ATOM,2784.0,CE,MET,168,77.907,-20.224,-70.468,-0.22,2.06,0.0
ATOM,2785.0,H,MET,168,79.985,-25.647,-71.719,0.31,0.2245,4.56
ATOM,2786.0,HA,MET,168,78.665,-23.369,-72.965,0.09,1.32,0.0
ATOM,2787.0,HB2,MET,168,76.835,-24.532,-71.868,0.09,1.32,0.0
ATOM,2788.0,HB3,MET,168,77.607,-24.368,-70.439,0.09,1.32,3.38
ATOM,2789.0,HG2,MET,168,76.783,-22.035,-71.945,0.09,1.32,0.0
ATOM,2790.0,HG3,MET,168,75.719,-22.810,-70.979,0.09,1.32,0.02
ATOM,2791.0,HE1,MET,168,77.182,-19.528,-70.453,0.09,1.32,0.0
ATOM,2792.0,HE2,MET,168,78.716,-19.857,-69.999,0.09,1.32,0.0
ATOM,2793.0,HE3,MET,168,78.149,-20.417,-71.424,0.09,1.32,0.0
ATOM,2794.0,N,LYS,169,80.236,-21.863,-71.835,-0.47,1.85,0.0
ATOM,2795.0,CA,LYS,169,81.229,-20.991,-71.198,0.07,2.275,0.0
ATOM,2796.0,C,LYS,169,80.727,-19.563,-70.915,0.51,2.0,0.0
ATOM,2797.0,O,LYS,169,80.098,-18.929,-71.765,-0.51,1.7,0.0
ATOM,2798.0,CB,LYS,169,82.483,-20.925,-72.082,-0.18,2.175,1.47
ATOM,2799.0,CG,LYS,169,83.844,-20.458,-71.562,-0.18,2.175,19.39
ATOM,2800.0,CD,LYS,169,83.596,-20.453,-70.053,-0.18,2.175,2.14
ATOM,2801.0,CE,LYS,169,84.043,-21.481,-69.008,0.21,2.175,27.81
ATOM,2802.0,NZ,LYS,169,83.607,-20.657,-67.883,-0.3,1.85,7.08
ATOM,2803.0,H,LYS,169,79.799,-21.646,-72.756,0.31,0.2245,0.0
ATOM,2804.0,HA,LYS,169,81.51,-21.410,-70.313,0.09,1.32,0.0
ATOM,2805.0,HB2,LYS,169,82.62,-21.868,-72.49,0.09,1.32,1.61
ATOM,2806.0,HB3,LYS,169,82.249,-20.333,-72.901,0.09,1.32,0.0
ATOM,2807.0,HG2,LYS,169,84.508,-21.116,-71.771,0.09,1.32,8.82
ATOM,2808.0,HG3,LYS,169,84.01,-19.563,-71.859,0.09,1.32,0.01
ATOM,2809.0,HD2,LYS,169,83.927,-19.498,-69.692,0.09,1.32,2.57
ATOM,2810.0,HD3,LYS,169,82.539,-20.330,-69.916,0.09,1.32,0.0
ATOM,2811.0,HE2,LYS,169,83.505,-22.245,-69.09,0.05,1.32,3.16
ATOM,2812.0,HE3,LYS,169,84.979,-21.545,-69.031,0.05,1.32,8.88
ATOM,2813.0,HZ1,LYS,169,84.404,-20.304,-67.384,0.33,0.2245,20.25
ATOM,2814.0,HZ2,LYS,169,83.062,-19.881,-68.214,0.33,0.2245,0.0
ATOM,2815.0,HZ3,LYS,169,83.046,-21.202,-67.253,0.33,0.2245,18.27
ATOM,2816.0,N,GLU,169A,80.998,-19.065,-69.711,-0.47,1.85,0.07
ATOM,2817.0,CA,GLU,169A,80.606,-17.710,-69.326,0.07,2.275,0.0
ATOM,2818.0,C,GLU,169A,81.701,-16.779,-69.867,0.51,2.0,0.28
ATOM,2819.0,O,GLU,169A,82.887,-17.045,-69.671,-0.51,1.7,12.43
ATOM,2820.0,CB,GLU,169A,80.334,-17.579,-67.816,-0.18,2.175,6.93
ATOM,2821.0,CG,GLU,169A,79.083,-16.894,-67.264,-0.28,2.175,4.58
ATOM,2822.0,CD,GLU,169A,78.042,-17.550,-66.387,0.62,2.0,2.54
ATOM,2823.0,OE1,GLU,169A,78.057,-18.472,-65.572,-0.76,1.7,34.83
ATOM,2824.0,OE2,GLU,169A,77.041,-16.889,-66.626,-0.76,1.7,15.11
ATOM,2825.0,H,GLU,169A,81.506,-19.714,-69.076,0.31,0.2245,0.63
ATOM,2826.0,HA,GLU,169A,79.741,-17.476,-69.738,0.09,1.32,0.0
ATOM,2827.0,HB2,GLU,169A,80.345,-18.523,-67.432,0.09,1.32,3.44
ATOM,2828.0,HB3,GLU,169A,81.135,-17.095,-67.413,0.09,1.32,8.65
ATOM,2829.0,HG2,GLU,169A,79.409,-16.051,-66.753,0.09,1.32,7.64
ATOM,2830.0,HG3,GLU,169A,78.574,-16.502,-68.08,0.09,1.32,0.0
ATOM,2831.0,N,ILE,169B,81.318,-15.702,-70.55,-0.47,1.85,0.0
ATOM,2832.0,CA,ILE,169B,82.307,-14.780,-71.114,0.07,2.275,0.0
ATOM,2833.0,C,ILE,169B,81.867,-13.328,-70.993,0.51,2.0,0.0
ATOM,2834.0,O,ILE,169B,80.989,-12.878,-71.732,-0.51,1.7,0.84
ATOM,2835.0,CB,ILE,169B,82.557,-15.078,-72.612,-0.09,2.275,0.0
ATOM,2836.0,CG1,ILE,169B,83.102,-16.497,-72.786,-0.18,2.175,0.25
ATOM,2837.0,CG2,ILE,169B,83.536,-14.068,-73.187,-0.27,2.06,22.78
ATOM,2838.0,CD1,ILE,169B,83.256,-16.920,-74.234,-0.27,2.06,15.06
ATOM,2839.0,H,ILE,169B,80.299,-15.578,-70.644,0.31,0.2245,0.0
ATOM,2840.0,HA,ILE,169B,83.136,-14.880,-70.549,0.09,1.32,2.81
ATOM,2841.0,HB,ILE,169B,81.685,-15.021,-73.082,0.09,1.32,0.0
ATOM,2842.0,HG12,ILE,169B,83.992,-16.552,-72.337,0.09,1.32,6.95
ATOM,2843.0,HG13,ILE,169B,82.476,-17.130,-72.333,0.09,1.32,0.0
ATOM,2844.0,HG21,ILE,169B,83.671,-14.249,-74.16,0.09,1.32,5.3
ATOM,2845.0,HG22,ILE,169B,83.173,-13.145,-73.069,0.09,1.32,0.0
ATOM,2846.0,HG23,ILE,169B,84.411,-14.142,-72.712,0.09,1.32,9.61
ATOM,2847.0,HD11,ILE,169B,83.889,-16.299,-74.693,0.09,1.32,5.89
ATOM,2848.0,HD12,ILE,169B,83.614,-17.851,-74.269,0.09,1.32,1.53
ATOM,2849.0,HD13,ILE,169B,82.365,-16.885,-74.684,0.09,1.32,0.0
ATOM,2850.0,N,VAL,169C,82.499,-12.595,-70.08,-0.47,1.85,0.56
ATOM,2851.0,CA,VAL,169C,82.162,-11.191,-69.846,0.07,2.275,0.0
ATOM,2852.0,C,VAL,169C,82.286,-10.316,-71.089,0.51,2.0,0.0
ATOM,2853.0,O,VAL,169C,83.382,-10.125,-71.62,-0.51,1.7,8.75
ATOM,2854.0,CB,VAL,169C,83.049,-10.557,-68.74,-0.09,2.275,2.54
ATOM,2855.0,CG1,VAL,169C,82.654,-9.107,-68.531,-0.27,2.06,6.8
ATOM,2856.0,CG2,VAL,169C,82.904,-11.320,-67.439,-0.27,2.06,30.58
ATOM,2857.0,H,VAL,169C,83.242,-13.098,-69.555,0.31,0.2245,6.61
ATOM,2858.0,HA,VAL,169C,81.195,-11.151,-69.532,0.09,1.32,0.0
ATOM,2859.0,HB,VAL,169C,83.984,-10.565,-69.071,0.09,1.32,8.37
ATOM,2860.0,HG11,VAL,169C,83.466,-8.566,-68.307,0.09,1.32,10.98
ATOM,2861.0,HG12,VAL,169C,82.238,-8.748,-69.367,0.09,1.32,0.0
ATOM,2862.0,HG13,VAL,169C,81.996,-9.043,-67.78,0.09,1.32,0.0
ATOM,2863.0,HG21,VAL,169C,82.761,-12.291,-67.636,0.09,1.32,3.69
ATOM,2864.0,HG22,VAL,169C,83.736,-11.209,-66.893,0.09,1.32,11.98
ATOM,2865.0,HG23,VAL,169C,82.12,-10.963,-66.929,0.09,1.32,2.79
ATOM,2866.0,N,ASN,169D,81.152,-9.787,-71.542,-0.47,1.85,0.0
ATOM,2867.0,CA,ASN,169D,81.123,-8.905,-72.698,0.07,2.275,1.49
ATOM,2868.0,C,ASN,169D,81.952,-7.679,-72.335,0.51,2.0,0.0
ATOM,2869.0,O,ASN,169D,81.623,-6.954,-71.404,-0.51,1.7,0.0
ATOM,2870.0,CB,ASN,169D,79.686,-8.495,-73.003,-0.18,2.175,1.33
ATOM,2871.0,CG,ASN,169D,79.606,-7.353,-73.994,0.55,2.0,2.16
ATOM,2872.0,OD1,ASN,169D,80.614,-6.939,-74.567,-0.55,1.7,7.09
ATOM,2873.0,ND2,ASN,169D,78.402,-6.834,-74.204,-0.62,1.85,10.31
ATOM,2874.0,H,ASN,169D,80.303,-10.057,-71.004,0.31,0.2245,0.0
ATOM,2875.0,HA,ASN,169D,81.595,-9.367,-73.438,0.09,1.32,1.98
ATOM,2876.0,HB2,ASN,169D,79.207,-9.281,-73.384,0.09,1.32,0.0
ATOM,2877.0,HB3,ASN,169D,79.252,-8.209,-72.153,0.09,1.32,0.0
ATOM,2878.0,HD22,ASN,169D,77.609,-7.198,-73.712,0.3,0.2245,0.42
ATOM,2879.0,HD21,ASN,169D,78.285,-6.082,-74.851,0.32,0.2245,9.13
ATOM,2880.0,N,PRO,169E,83.035,-7.420,-73.08,-0.29,1.85,0.0
ATOM,2881.0,CA,PRO,169E,83.896,-6.267,-72.799,0.02,2.275,0.92
ATOM,2882.0,C,PRO,169E,83.225,-4.889,-72.841,0.51,2.0,0.0
ATOM,2883.0,O,PRO,169E,83.814,-3.907,-72.395,-0.51,1.7,9.73
ATOM,2884.0,CB,PRO,169E,84.995,-6.405,-73.845,-0.18,2.175,19.67
ATOM,2885.0,CG,PRO,169E,84.254,-7.002,-75.006,-0.18,2.175,22.08
ATOM,2886.0,CD,PRO,169E,83.44,-8.078,-74.336,0.0,2.175,11.9
ATOM,2887.0,HA,PRO,169E,84.376,-6.396,-71.896,0.09,1.32,7.96
ATOM,2888.0,HB2,PRO,169E,85.373,-5.518,-74.086,0.09,1.32,7.89
ATOM,2889.0,HB3,PRO,169E,85.713,-7.016,-73.532,0.09,1.32,10.92
ATOM,2890.0,HG2,PRO,169E,83.67,-6.325,-75.432,0.09,1.32,2.5
ATOM,2891.0,HG3,PRO,169E,84.887,-7.389,-75.662,0.09,1.32,11.37
ATOM,2892.0,HD2,PRO,169E,82.642,-8.322,-74.877,0.09,1.32,4.12
ATOM,2893.0,HD3,PRO,169E,83.989,-8.887,-74.147,0.09,1.32,5.83
ATOM,2894.0,N,LEU,169F,82.005,-4.809,-73.367,-0.47,1.85,0.0
ATOM,2895.0,CA,LEU,169F,81.305,-3.524,-73.447,0.07,2.275,0.0
ATOM,2896.0,C,LEU,169F,80.27,-3.318,-72.334,0.51,2.0,0.09
ATOM,2897.0,O,LEU,169F,80.256,-2.260,-71.697,-0.51,1.7,14.23
ATOM,2898.0,CB,LEU,169F,80.668,-3.380,-74.842,-0.18,2.175,3.75
ATOM,2899.0,CG,LEU,169F,80.921,-1.887,-75.062,-0.09,2.275,7.82
ATOM,2900.0,CD1,LEU,169F,82.449,-1.822,-75.018,-0.27,2.06,27.89
ATOM,2901.0,CD2,LEU,169F,80.522,-1.613,-76.512,-0.27,2.06,39.01
ATOM,2902.0,H,LEU,169F,81.608,-5.699,-73.702,0.31,0.2245,0.0
ATOM,2903.0,HA,LEU,169F,81.993,-2.780,-73.379,0.09,1.32,0.0
ATOM,2904.0,HB2,LEU,169F,81.191,-3.853,-75.448,0.09,1.32,2.38
ATOM,2905.0,HB3,LEU,169F,79.752,-3.508,-74.756,0.09,1.32,0.56
ATOM,2906.0,HG,LEU,169F,80.554,-1.386,-74.325,0.09,1.32,3.87
ATOM,2907.0,HD11,LEU,169F,82.825,-2.397,-75.743,0.09,1.32,6.78
ATOM,2908.0,HD12,LEU,169F,82.743,-0.877,-75.153,0.09,1.32,11.08
ATOM,2909.0,HD13,LEU,169F,82.768,-2.150,-74.13,0.09,1.32,0.0
ATOM,2910.0,HD21,LEU,169F,79.558,-1.843,-76.639,0.09,1.32,10.55
ATOM,2911.0,HD22,LEU,169F,80.666,-0.646,-76.718,0.09,1.32,10.98
ATOM,2912.0,HD23,LEU,169F,81.083,-2.172,-77.121,0.09,1.32,8.63
ATOM,2913.0,N,THR,169G,79.412,-4.314,-72.101,-0.47,1.85,0.0
ATOM,2914.0,CA,THR,169G,78.411,-4.227,-71.036,0.07,2.275,1.0
ATOM,2915.0,C,THR,169G,79.034,-4.675,-69.708,0.51,2.0,0.0
ATOM,2916.0,O,THR,169G,78.496,-4.429,-68.628,-0.51,1.7,9.37
ATOM,2917.0,CB,THR,169G,77.139,-5.012,-71.406,0.14,2.275,1.62
ATOM,2918.0,OG1,THR,169G,77.21,-6.433,-71.547,-0.66,1.77,3.75
ATOM,2919.0,CG2,THR,169G,76.302,-4.443,-72.555,-0.27,2.06,34.58
ATOM,2920.0,H,THR,169G,79.515,-5.134,-72.725,0.31,0.2245,0.0
ATOM,2921.0,HA,THR,169G,78.126,-3.273,-70.942,0.09,1.32,6.82
ATOM,2922.0,HB,THR,169G,76.403,-4.809,-70.67,0.09,1.32,7.28
ATOM,2923.0,HG21,THR,169G,76.901,-3.974,-73.206,0.09,1.32,2.83
ATOM,2924.0,HG22,THR,169G,75.823,-5.188,-73.022,0.09,1.32,7.84
ATOM,2925.0,HG23,THR,169G,75.632,-3.793,-72.192,0.09,1.32,11.71
ATOM,2926.0,HG1,THR,169G,78.169,-6.732,-71.607,0.43,0.2245,0.0
ATOM,2927.0,N,LYS,169H,80.18,-5.334,-69.801,-0.47,1.85,0.0
ATOM,2928.0,CA,LYS,169H,80.901,-5.801,-68.626,0.07,2.275,0.0
ATOM,2929.0,C,LYS,169H,80.153,-6.808,-67.761,0.51,2.0,0.0
ATOM,2930.0,O,LYS,169H,80.433,-6.960,-66.573,-0.51,1.7,12.71
ATOM,2931.0,CB,LYS,169H,81.317,-4.574,-67.794,-0.18,2.175,7.85
ATOM,2932.0,CG,LYS,169H,82.408,-3.569,-68.17,-0.18,2.175,3.86
ATOM,2933.0,CD,LYS,169H,82.258,-2.288,-68.993,-0.18,2.175,10.33
ATOM,2934.0,CE,LYS,169H,83.734,-1.875,-68.98,0.21,2.175,29.59
ATOM,2935.0,NZ,LYS,169H,84.074,-2.696,-67.82,-0.3,1.85,8.11
ATOM,2936.0,H,LYS,169H,80.516,-5.487,-70.776,0.31,0.2245,0.0
ATOM,2937.0,HA,LYS,169H,81.78,-6.231,-68.933,0.09,1.32,0.01
ATOM,2938.0,HB2,LYS,169H,80.443,-4.020,-67.618,0.09,1.32,3.37
ATOM,2939.0,HB3,LYS,169H,81.549,-4.928,-66.832,0.09,1.32,6.87
ATOM,2940.0,HG2,LYS,169H,82.899,-3.289,-67.256,0.09,1.32,3.03
ATOM,2941.0,HG3,LYS,169H,83.205,-4.131,-68.621,0.09,1.32,2.33
ATOM,2942.0,HD2,LYS,169H,82.013,-2.512,-69.872,0.09,1.32,0.0
ATOM,2943.0,HD3,LYS,169H,81.763,-1.660,-68.501,0.09,1.32,8.63
ATOM,2944.0,HE2,LYS,169H,84.147,-2.207,-69.758,0.05,1.32,1.49
ATOM,2945.0,HE3,LYS,169H,83.789,-0.959,-68.769,0.05,1.32,9.03
ATOM,2946.0,HZ1,LYS,169H,84.201,-2.115,-67.011,0.33,0.2245,19.4
ATOM,2947.0,HZ2,LYS,169H,83.338,-3.353,-67.635,0.33,0.2245,0.0
ATOM,2948.0,HZ3,LYS,169H,84.924,-3.202,-67.992,0.33,0.2245,18.99
ATOM,2949.0,N,LYS,169I,79.206,-7.498,-68.385,-0.47,1.85,0.0
ATOM,2950.0,CA,LYS,169I,78.418,-8.535,-67.725,0.07,2.275,0.0
ATOM,2951.0,C,LYS,169I,78.693,-9.844,-68.457,0.51,2.0,0.0
ATOM,2952.0,O,LYS,169I,78.714,-9.875,-69.684,-0.51,1.7,0.0
ATOM,2953.0,CB,LYS,169I,76.917,-8.215,-67.788,-0.18,2.175,9.69
ATOM,2954.0,CG,LYS,169I,76.346,-7.642,-66.487,-0.18,2.175,13.67
ATOM,2955.0,CD,LYS,169I,76.783,-6.197,-66.259,-0.18,2.175,2.43
ATOM,2956.0,CE,LYS,169I,76.437,-5.691,-64.855,0.21,2.175,21.49
ATOM,2957.0,NZ,LYS,169I,77.342,-6.237,-63.8,-0.3,1.85,13.06
ATOM,2958.0,H,LYS,169I,79.072,-7.236,-69.389,0.31,0.2245,0.0
ATOM,2959.0,HA,LYS,169I,78.719,-8.624,-66.784,0.09,1.32,1.55
ATOM,2960.0,HB2,LYS,169I,76.771,-7.547,-68.512,0.09,1.32,0.06
ATOM,2961.0,HB3,LYS,169I,76.428,-9.058,-67.998,0.09,1.32,4.59
ATOM,2962.0,HG2,LYS,169I,75.347,-7.674,-66.531,0.09,1.32,11.13
ATOM,2963.0,HG3,LYS,169I,76.663,-8.201,-65.721,0.09,1.32,4.89
ATOM,2964.0,HD2,LYS,169I,77.772,-6.137,-66.379,0.09,1.32,0.0
ATOM,2965.0,HD3,LYS,169I,76.325,-5.612,-66.925,0.09,1.32,5.9
ATOM,2966.0,HE2,LYS,169I,76.496,-4.686,-64.852,0.05,1.32,11.94
ATOM,2967.0,HE3,LYS,169I,75.488,-5.954,-64.644,0.05,1.32,9.91
ATOM,2968.0,HZ1,LYS,169I,76.843,-6.906,-63.252,0.33,0.2245,18.21
ATOM,2969.0,HZ2,LYS,169I,78.127,-6.676,-64.235,0.33,0.2245,5.59
ATOM,2970.0,HZ3,LYS,169I,77.655,-5.490,-63.216,0.33,0.2245,20.24
ATOM,2971.0,N,GLY,169J,78.917,-10.918,-67.708,-0.47,1.85,0.83
ATOM,2972.0,CA,GLY,169J,79.189,-12.201,-68.332,-0.02,2.175,2.68
ATOM,2973.0,C,GLY,169J,78.001,-12.780,-69.084,0.51,2.0,0.0
ATOM,2974.0,O,GLY,169J,76.879,-12.795,-68.584,-0.51,1.7,20.01
ATOM,2975.0,H,GLY,169J,78.882,-10.764,-66.691,0.31,0.2245,12.8
ATOM,2976.0,HA2,GLY,169J,79.973,-12.102,-68.976,0.09,1.32,0.0
ATOM,2977.0,HA3,GLY,169J,79.486,-12.866,-67.618,0.09,1.32,3.62
ATOM,2978.0,N,GLU,169K,78.243,-13.270,-70.291,-0.47,1.85,0.0
ATOM,2979.0,CA,GLU,169K,77.174,-13.846,-71.084,0.07,2.275,0.08
ATOM,2980.0,C,GLU,169K,77.44,-15.335,-71.258,0.51,2.0,0.0
ATOM,2981.0,O,GLU,169K,78.592,-15.780,-71.239,-0.51,1.7,0.0
ATOM,2982.0,CB,GLU,169K,77.11,-13.149,-72.442,-0.18,2.175,2.79
ATOM,2983.0,CG,GLU,169K,77.351,-11.646,-72.342,-0.28,2.175,1.86
ATOM,2984.0,CD,GLU,169K,77.136,-10.902,-73.652,0.62,2.0,2.01
ATOM,2985.0,OE1,GLU,169K,77.687,-11.338,-74.689,-0.76,1.7,22.06
ATOM,2986.0,OE2,GLU,169K,76.423,-9.868,-73.633,-0.76,1.7,26.3
ATOM,2987.0,H,GLU,169K,79.226,-13.207,-70.604,0.31,0.2245,0.0
ATOM,2988.0,HA,GLU,169K,76.297,-13.715,-70.624,0.09,1.32,4.61
ATOM,2989.0,HB2,GLU,169K,77.815,-13.524,-73.007,0.09,1.32,0.0
ATOM,2990.0,HB3,GLU,169K,76.213,-13.281,-72.807,0.09,1.32,8.77
ATOM,2991.0,HG2,GLU,169K,76.717,-11.276,-71.684,0.09,1.32,4.65
ATOM,2992.0,HG3,GLU,169K,78.287,-11.501,-72.07,0.09,1.32,0.0
ATOM,2993.0,N,LYS,169L,76.368,-16.105,-71.412,-0.47,1.85,0.0
ATOM,2994.0,CA,LYS,169L,76.487,-17.544,-71.591,0.07,2.275,0.0
ATOM,2995.0,C,LYS,169L,76.622,-17.899,-73.065,0.51,2.0,0.0
ATOM,2996.0,O,LYS,169L,75.777,-17.532,-73.884,-0.51,1.7,14.28
ATOM,2997.0,CB,LYS,169L,75.269,-18.268,-71.009,-0.18,2.175,0.07
ATOM,2998.0,CG,LYS,169L,75.117,-18.172,-69.498,-0.18,2.175,0.92
ATOM,2999.0,CD,LYS,169L,73.846,-18.898,-69.062,-0.18,2.175,2.65
ATOM,3000.0,CE,LYS,169L,73.413,-18.570,-67.621,0.21,2.175,20.94
ATOM,3001.0,NZ,LYS,169L,74.232,-19.214,-66.545,-0.3,1.85,11.0
ATOM,3002.0,H,LYS,169L,75.462,-15.601,-71.394,0.31,0.2245,8.61
ATOM,3003.0,HA,LYS,169L,77.308,-17.868,-71.105,0.09,1.32,0.0
ATOM,3004.0,HB2,LYS,169L,74.446,-17.881,-71.432,0.09,1.32,4.65
ATOM,3005.0,HB3,LYS,169L,75.337,-19.238,-71.257,0.09,1.32,0.0
ATOM,3006.0,HG2,LYS,169L,75.897,-18.603,-69.062,0.09,1.32,0.0
ATOM,3007.0,HG3,LYS,169L,75.048,-17.219,-69.235,0.09,1.32,2.62
ATOM,3008.0,HD2,LYS,169L,73.099,-18.640,-69.676,0.09,1.32,6.12
ATOM,3009.0,HD3,LYS,169L,73.999,-19.885,-69.122,0.09,1.32,1.18
ATOM,3010.0,HE2,LYS,169L,73.446,-17.562,-67.501,0.05,1.32,9.15
ATOM,3011.0,HE3,LYS,169L,72.444,-18.851,-67.508,0.05,1.32,12.25
ATOM,3012.0,HZ1,LYS,169L,74.496,-20.130,-66.84,0.33,0.2245,11.4
ATOM,3013.0,HZ2,LYS,169L,75.048,-18.663,-66.381,0.33,0.2245,0.95
ATOM,3014.0,HZ3,LYS,169L,73.688,-19.271,-65.71,0.33,0.2245,20.58
ATOM,3015.0,N,HIS,169M,77.696,-18.608,-73.395,-0.47,1.85,0.0
ATOM,3016.0,CA,HIS,169M,77.954,-19.037,-74.762,0.07,2.275,1.22
ATOM,3017.0,C,HIS,169M,77.9,-20.551,-74.82,0.51,2.0,0.0
ATOM,3018.0,O,HIS,169M,78.769,-21.232,-74.273,-0.51,1.7,0.0
ATOM,3019.0,CB,HIS,169M,79.327,-18.550,-75.216,-0.09,2.175,2.35
ATOM,3020.0,CG,HIS,169M,79.41,-17.068,-75.384,-0.05,1.8,0.7
ATOM,3021.0,ND1,HIS,169M,78.314,-16.243,-75.265,-0.36,1.85,5.09
ATOM,3022.0,CD2,HIS,169M,80.467,-16.258,-75.634,0.22,1.8,10.26
ATOM,3023.0,CE1,HIS,169M,78.691,-14.987,-75.436,0.25,1.8,13.59
ATOM,3024.0,NE2,HIS,169M,79.992,-14.970,-75.66,-0.7,1.85,16.93
ATOM,3025.0,H,HIS,169M,78.331,-18.828,-72.597,0.31,0.2245,0.0
ATOM,3026.0,HA,HIS,169M,77.235,-18.671,-75.352,0.09,1.32,2.78
ATOM,3027.0,HB2,HIS,169M,80.016,-18.831,-74.538,0.09,1.32,0.0
ATOM,3028.0,HB3,HIS,169M,79.552,-18.981,-76.097,0.09,1.32,0.0
ATOM,3029.0,HD1,HIS,169M,77.38,-16.547,-75.079,0.32,0.2245,2.22
ATOM,3030.0,HD2,HIS,169M,81.411,-16.543,-75.774,0.1,1.468,1.47
ATOM,3031.0,HE1,HIS,169M,78.095,-14.190,-75.402,0.13,0.9,3.11
ATOM,3032.0,N,TYR,169N,76.867,-21.077,-75.466,-0.47,1.85,0.06
ATOM,3033.0,CA,TYR,169N,76.722,-22.518,-75.582,0.07,2.275,0.0
ATOM,3034.0,C,TYR,169N,77.441,-23.010,-76.828,0.51,2.0,0.0
ATOM,3035.0,O,TYR,169N,77.687,-22.235,-77.76,-0.51,1.7,0.3
ATOM,3036.0,CB,TYR,169N,75.244,-22.899,-75.646,-0.18,2.175,0.0
ATOM,3037.0,CG,TYR,169N,74.459,-22.446,-74.443,0.0,1.9924,0.0
ATOM,3038.0,CD1,TYR,169N,73.907,-21.172,-74.387,-0.115,1.9924,0.46
ATOM,3039.0,CD2,TYR,169N,74.29,-23.280,-73.348,-0.115,1.9924,0.0
ATOM,3040.0,CE1,TYR,169N,73.202,-20.742,-73.266,-0.115,1.9924,1.52
ATOM,3041.0,CE2,TYR,169N,73.591,-22.861,-72.224,-0.115,1.9924,0.0
ATOM,3042.0,CZ,TYR,169N,73.049,-21.592,-72.188,0.11,1.9924,0.0
ATOM,3043.0,OH,TYR,169N,72.352,-21.174,-71.076,-0.54,1.77,8.04
ATOM,3044.0,H,TYR,169N,76.201,-20.395,-75.863,0.31,0.2245,2.6
ATOM,3045.0,HA,TYR,169N,77.152,-22.947,-74.783,0.09,1.32,0.0
ATOM,3046.0,HB2,TYR,169N,74.848,-22.478,-76.457,0.09,1.32,0.0
ATOM,3047.0,HB3,TYR,169N,75.18,-23.891,-75.707,0.09,1.32,0.0
ATOM,3048.0,HD1,TYR,169N,74.016,-20.549,-75.163,0.115,1.3582,4.02
ATOM,3049.0,HD2,TYR,169N,74.678,-24.202,-73.367,0.115,1.3582,0.0
ATOM,3050.0,HE1,TYR,169N,72.808,-19.821,-73.246,0.115,1.3582,10.91
ATOM,3051.0,HE2,TYR,169N,73.482,-23.478,-71.443,0.115,1.3582,0.0
ATOM,3052.0,HH,TYR,169N,71.382,-21.371,-71.205,0.43,0.2245,3.67
ATOM,3053.0,N,TYR,170,77.778,-24.296,-76.855,-0.47,1.85,0.0
ATOM,3054.0,CA,TYR,170,78.472,-24.844,-78.014,0.07,2.275,0.0
ATOM,3055.0,C,TYR,170,78.425,-26.371,-78.08,0.51,2.0,0.0
ATOM,3056.0,O,TYR,170,78.131,-27.032,-77.09,-0.51,1.7,0.0
ATOM,3057.0,CB,TYR,170,79.92,-24.365,-77.989,-0.18,2.175,0.0
ATOM,3058.0,CG,TYR,170,80.695,-24.869,-76.8,0.0,1.9924,0.0
ATOM,3059.0,CD1,TYR,170,81.285,-26.131,-76.819,-0.115,1.9924,0.0
ATOM,3060.0,CD2,TYR,170,80.844,-24.091,-75.648,-0.115,1.9924,0.0
ATOM,3061.0,CE1,TYR,170,82.004,-26.607,-75.728,-0.115,1.9924,0.0
ATOM,3062.0,CE2,TYR,170,81.57,-24.564,-74.547,-0.115,1.9924,4.38
ATOM,3063.0,CZ,TYR,170,82.144,-25.823,-74.604,0.11,1.9924,0.8
ATOM,3064.0,OH,TYR,170,82.875,-26.309,-73.555,-0.54,1.77,25.46
ATOM,3065.0,H,TYR,170,77.517,-24.842,-76.025,0.31,0.2245,0.0
ATOM,3066.0,HA,TYR,170,78.025,-24.483,-78.852,0.09,1.32,0.0
ATOM,3067.0,HB2,TYR,170,80.37,-24.686,-78.817,0.09,1.32,0.0
ATOM,3068.0,HB3,TYR,170,79.92,-23.369,-77.963,0.09,1.32,0.0
ATOM,3069.0,HD1,TYR,170,81.19,-26.708,-77.632,0.115,1.3582,0.0
ATOM,3070.0,HD2,TYR,170,80.43,-23.187,-75.607,0.115,1.3582,0.0
ATOM,3071.0,HE1,TYR,170,82.419,-27.520,-75.765,0.115,1.3582,0.0
ATOM,3072.0,HE2,TYR,170,81.669,-23.997,-73.735,0.115,1.3582,0.02
ATOM,3073.0,HH,TYR,170,82.839,-27.308,-73.56,0.43,0.2245,9.88
ATOM,3074.0,N,TYR,171,78.704,-26.924,-79.256,-0.47,1.85,0.0
ATOM,3075.0,CA,TYR,171,78.734,-28.371,-79.439,0.07,2.275,0.0
ATOM,3076.0,C,TYR,171,80.189,-28.841,-79.489,0.51,2.0,0.0
ATOM,3077.0,O,TYR,171,81.081,-28.096,-79.914,-0.51,1.7,0.0
ATOM,3078.0,CB,TYR,171,78.053,-28.765,-80.744,-0.18,2.175,0.0
ATOM,3079.0,CG,TYR,171,76.548,-28.831,-80.686,0.0,1.9924,0.0
ATOM,3080.0,CD1,TYR,171,75.903,-29.808,-79.942,-0.115,1.9924,0.0
ATOM,3081.0,CD2,TYR,171,75.769,-27.944,-81.418,-0.115,1.9924,0.0
ATOM,3082.0,CE1,TYR,171,74.517,-29.906,-79.935,-0.115,1.9924,0.0
ATOM,3083.0,CE2,TYR,171,74.383,-28.031,-81.422,-0.115,1.9924,0.0
ATOM,3084.0,CZ,TYR,171,73.764,-29.016,-80.683,0.11,1.9924,0.0
ATOM,3085.0,OH,TYR,171,72.396,-29.128,-80.73,-0.54,1.77,0.0
ATOM,3086.0,H,TYR,171,78.896,-26.247,-80.021,0.31,0.2245,0.0
ATOM,3087.0,HA,TYR,171,78.297,-28.801,-78.65,0.09,1.32,0.0
ATOM,3088.0,HB2,TYR,171,78.31,-28.096,-81.446,0.09,1.32,0.0
ATOM,3089.0,HB3,TYR,171,78.394,-29.669,-81.015,0.09,1.32,0.0
ATOM,3090.0,HD1,TYR,171,76.441,-30.456,-79.4,0.115,1.3582,0.0
ATOM,3091.0,HD2,TYR,171,76.215,-27.226,-81.954,0.115,1.3582,0.0
ATOM,3092.0,HE1,TYR,171,74.066,-30.615,-79.391,0.115,1.3582,0.0
ATOM,3093.0,HE2,TYR,171,73.842,-27.384,-81.957,0.115,1.3582,0.0
ATOM,3094.0,HH,TYR,171,71.99,-28.217,-80.685,0.43,0.2245,0.0
ATOM,3095.0,N,ILE,172,80.434,-30.073,-79.051,-0.47,1.85,0.0
ATOM,3096.0,CA,ILE,172,81.778,-30.623,-79.089,0.07,2.275,0.0
ATOM,3097.0,C,ILE,172,81.86,-31.666,-80.198,0.51,2.0,0.0
ATOM,3098.0,O,ILE,172,81.135,-32.659,-80.201,-0.51,1.7,0.0
ATOM,3099.0,CB,ILE,172,82.151,-31.224,-77.744,-0.09,2.275,0.0
ATOM,3100.0,CG1,ILE,172,81.783,-30.213,-76.643,-0.18,2.175,0.0
ATOM,3101.0,CG2,ILE,172,83.657,-31.581,-77.732,-0.27,2.06,0.0
ATOM,3102.0,CD1,ILE,172,82.008,-30.681,-75.209,-0.27,2.06,3.34
ATOM,3103.0,H,ILE,172,79.61,-30.584,-78.694,0.31,0.2245,0.0
ATOM,3104.0,HA,ILE,172,82.384,-29.876,-79.357,0.09,1.32,0.0
ATOM,3105.0,HB,ILE,172,81.608,-32.035,-77.598,0.09,1.32,0.0
ATOM,3106.0,HG12,ILE,172,82.317,-29.375,-76.795,0.09,1.32,0.0
ATOM,3107.0,HG13,ILE,172,80.811,-29.977,-76.751,0.09,1.32,0.0
ATOM,3108.0,HG21,ILE,172,83.885,-31.980,-76.85,0.09,1.32,0.0
ATOM,3109.0,HG22,ILE,172,83.838,-32.234,-78.46,0.09,1.32,0.0
ATOM,3110.0,HG23,ILE,172,84.184,-30.751,-77.879,0.09,1.32,0.0
ATOM,3111.0,HD11,ILE,172,82.974,-30.895,-75.085,0.09,1.32,0.0
ATOM,3112.0,HD12,ILE,172,81.738,-29.953,-74.583,0.09,1.32,0.19
ATOM,3113.0,HD13,ILE,172,81.456,-31.494,-75.042,0.09,1.32,0.0
ATOM,3114.0,N,ILE,173,82.748,-31.410,-81.149,-0.47,1.85,0.0
ATOM,3115.0,CA,ILE,173,82.94,-32.270,-82.308,0.07,2.275,0.0
ATOM,3116.0,C,ILE,173,84.303,-32.949,-82.377,0.51,2.0,0.0
ATOM,3117.0,O,ILE,173,85.336,-32.326,-82.115,-0.51,1.7,0.0
ATOM,3118.0,CB,ILE,173,82.756,-31.457,-83.596,-0.09,2.275,0.0
ATOM,3119.0,CG1,ILE,173,81.293,-31.051,-83.721,-0.18,2.175,0.0
ATOM,3120.0,CG2,ILE,173,83.245,-32.246,-84.799,-0.27,2.06,0.01
ATOM,3121.0,CD1,ILE,173,81.004,-30.211,-84.935,-0.27,2.06,0.0
ATOM,3122.0,H,ILE,173,83.302,-30.533,-80.995,0.31,0.2245,0.0
ATOM,3123.0,HA,ILE,173,82.251,-33.015,-82.226,0.09,1.32,0.0
ATOM,3124.0,HB,ILE,173,83.3,-30.634,-83.52,0.09,1.32,0.0
ATOM,3125.0,HG12,ILE,173,80.736,-31.880,-83.756,0.09,1.32,0.0
ATOM,3126.0,HG13,ILE,173,81.041,-30.534,-82.903,0.09,1.32,0.0
ATOM,3127.0,HG21,ILE,173,83.15,-31.691,-85.624,0.09,1.32,0.0
ATOM,3128.0,HG22,ILE,173,84.206,-32.489,-84.672,0.09,1.32,0.0
ATOM,3129.0,HG23,ILE,173,82.703,-33.079,-84.896,0.09,1.32,0.0
ATOM,3130.0,HD11,ILE,173,81.243,-30.722,-85.761,0.09,1.32,0.0
ATOM,3131.0,HD12,ILE,173,80.031,-29.979,-84.959,0.09,1.32,0.0
ATOM,3132.0,HD13,ILE,173,81.544,-29.370,-84.898,0.09,1.32,0.0
ATOM,3133.0,N,LYS,174,84.287,-34.226,-82.749,-0.47,1.85,0.0
ATOM,3134.0,CA,LYS,174,85.498,-35.021,-82.889,0.07,2.275,0.0
ATOM,3135.0,C,LYS,174,85.793,-35.124,-84.374,0.51,2.0,0.0
ATOM,3136.0,O,LYS,174,84.975,-35.637,-85.143,-0.51,1.7,2.46
ATOM,3137.0,CB,LYS,174,85.289,-36.429,-82.313,-0.18,2.175,0.0
ATOM,3138.0,CG,LYS,174,86.468,-37.392,-82.522,-0.18,2.175,0.29
ATOM,3139.0,CD,LYS,174,86.101,-38.796,-82.065,-0.18,2.175,0.0
ATOM,3140.0,CE,LYS,174,87.197,-39.809,-82.335,0.21,2.175,3.22
ATOM,3141.0,NZ,LYS,174,86.697,-41.190,-82.074,-0.3,1.85,0.0
ATOM,3142.0,H,LYS,174,83.33,-34.607,-82.932,0.31,0.2245,0.0
ATOM,3143.0,HA,LYS,174,86.25,-34.552,-82.441,0.09,1.32,0.0
ATOM,3144.0,HB2,LYS,174,85.13,-36.345,-81.33,0.09,1.32,0.0
ATOM,3145.0,HB3,LYS,174,84.483,-36.829,-82.749,0.09,1.32,0.0
ATOM,3146.0,HG2,LYS,174,86.696,-37.413,-83.49,0.09,1.32,0.43
ATOM,3147.0,HG3,LYS,174,87.244,-37.068,-81.992,0.09,1.32,0.0
ATOM,3148.0,HD2,LYS,174,85.921,-38.776,-81.081,0.09,1.32,0.0
ATOM,3149.0,HD3,LYS,174,85.274,-39.085,-82.548,0.09,1.32,0.0
ATOM,3150.0,HE2,LYS,174,87.481,-39.738,-83.288,0.05,1.32,3.86
ATOM,3151.0,HE3,LYS,174,87.971,-39.623,-81.735,0.05,1.32,0.0
ATOM,3152.0,HZ1,LYS,174,86.713,-41.366,-81.091,0.33,0.2245,0.0
ATOM,3153.0,HZ2,LYS,174,85.762,-41.272,-82.415,0.33,0.2245,0.0
ATOM,3154.0,HZ3,LYS,174,87.285,-41.848,-82.543,0.33,0.2245,1.66
ATOM,3155.0,N,ASN,175,86.959,-34.639,-84.787,-0.47,1.85,0.0
ATOM,3156.0,CA,ASN,175,87.308,-34.703,-86.193,0.07,2.275,0.19
ATOM,3157.0,C,ASN,175,88.2,-35.905,-86.44,0.51,2.0,0.56
ATOM,3158.0,O,ASN,175,88.47,-36.685,-85.526,-0.51,1.7,1.33
ATOM,3159.0,CB,ASN,175,88.008,-33.423,-86.615,-0.18,2.175,0.03
ATOM,3160.0,CG,ASN,175,87.864,-33.150,-88.087,0.55,2.0,0.0
ATOM,3161.0,OD1,ASN,175,87.437,-34.021,-88.844,-0.55,1.7,0.0
ATOM,3162.0,ND2,ASN,175,88.217,-31.942,-88.509,-0.62,1.85,0.0
ATOM,3163.0,H,ASN,175,87.557,-34.236,-84.056,0.31,0.2245,0.0
ATOM,3164.0,HA,ASN,175,86.46,-34.855,-86.706,0.09,1.32,0.0
ATOM,3165.0,HB2,ASN,175,87.61,-32.662,-86.107,0.09,1.32,0.0
ATOM,3166.0,HB3,ASN,175,88.978,-33.507,-86.397,0.09,1.32,0.0
ATOM,3167.0,HD22,ASN,175,88.566,-31.269,-87.853,0.3,0.2245,0.0
ATOM,3168.0,HD21,ASN,175,88.138,-31.703,-89.475,0.32,0.2245,0.0
ATOM,3169.0,N,SER,176,88.665,-36.052,-87.673,-0.47,1.85,0.0
ATOM,3170.0,CA,SER,176,89.502,-37.180,-88.027,0.07,2.275,0.0
ATOM,3171.0,C,SER,176,90.756,-36.736,-88.745,0.51,2.0,0.0
ATOM,3172.0,O,SER,176,91.282,-37.455,-89.588,-0.51,1.7,0.0
ATOM,3173.0,CB,SER,176,88.712,-38.138,-88.907,0.05,2.175,2.52
ATOM,3174.0,OG,SER,176,87.962,-37.413,-89.87,-0.66,1.77,0.7
ATOM,3175.0,H,SER,176,88.383,-35.309,-88.339,0.31,0.2245,0.0
ATOM,3176.0,HA,SER,176,89.779,-37.646,-87.173,0.09,1.32,0.0
ATOM,3177.0,HB2,SER,176,89.343,-38.742,-89.378,0.09,1.32,0.0
ATOM,3178.0,HB3,SER,176,88.087,-38.659,-88.339,0.09,1.32,3.84
ATOM,3179.0,HG,SER,176,88.422,-37.463,-90.755,0.43,0.2245,0.0
ATOM,3180.0,N,TRP,177,91.233,-35.543,-88.398,-0.47,1.85,0.0
ATOM,3181.0,CA,TRP,177,92.442,-34.981,-88.995,0.07,2.275,0.28
ATOM,3182.0,C,TRP,177,93.636,-35.025,-88.057,0.51,2.0,0.0
ATOM,3183.0,O,TRP,177,94.535,-34.211,-88.17,-0.51,1.7,10.95
ATOM,3184.0,CB,TRP,177,92.214,-33.527,-89.412,-0.18,2.175,2.96
ATOM,3185.0,CG,TRP,177,91.148,-33.334,-90.443,-0.03,1.9924,0.66
ATOM,3186.0,CD1,TRP,177,90.564,-34.294,-91.218,0.035,1.9924,5.32
ATOM,3187.0,CD2,TRP,177,90.563,-32.088,-90.839,-0.02,1.8,1.51
ATOM,3188.0,NE1,TRP,177,89.65,-33.721,-92.075,-0.61,1.85,4.59
ATOM,3189.0,CE2,TRP,177,89.631,-32.368,-91.86,0.13,1.8,1.59
ATOM,3190.0,CE3,TRP,177,90.739,-30.758,-90.429,-0.115,1.9924,6.5
ATOM,3191.0,CZ2,TRP,177,88.878,-31.372,-92.472,-0.115,1.9924,10.47
ATOM,3192.0,CZ3,TRP,177,89.99,-29.772,-91.039,-0.115,1.9924,1.62
ATOM,3193.0,CH2,TRP,177,89.072,-30.083,-92.048,-0.115,1.9924,5.31
ATOM,3194.0,H,TRP,177,90.674,-35.049,-87.67,0.31,0.2245,0.0
ATOM,3195.0,HA,TRP,177,92.67,-35.542,-89.808,0.09,1.32,0.09
ATOM,3196.0,HB2,TRP,177,91.948,-33.000,-88.608,0.09,1.32,0.0
ATOM,3197.0,HB3,TRP,177,93.063,-33.164,-89.791,0.09,1.32,7.5
ATOM,3198.0,HD1,TRP,177,90.766,-35.270,-91.174,0.115,1.3582,0.0
ATOM,3199.0,HE1,TRP,177,89.094,-34.211,-92.742,0.38,0.2245,1.49
ATOM,3200.0,HE3,TRP,177,91.391,-30.528,-89.711,0.115,1.3582,0.0
ATOM,3201.0,HZ2,TRP,177,88.221,-31.602,-93.196,0.115,1.3582,4.62
ATOM,3202.0,HZ3,TRP,177,90.108,-28.824,-90.754,0.115,1.3582,0.0
ATOM,3203.0,HH2,TRP,177,88.547,-29.338,-92.466,0.115,1.3582,1.97
ATOM,3204.0,N,GLY,178,93.653,-35.970,-87.131,-0.47,1.85,0.0
ATOM,3205.0,CA,GLY,178,94.774,-36.049,-86.219,-0.02,2.175,2.33
ATOM,3206.0,C,GLY,178,94.599,-35.210,-84.965,0.51,2.0,0.0
ATOM,3207.0,O,GLY,178,93.617,-34.471,-84.813,-0.51,1.7,0.0
ATOM,3208.0,H,GLY,178,92.846,-36.603,-87.121,0.31,0.2245,0.0
ATOM,3209.0,HA2,GLY,178,94.923,-37.021,-85.949,0.09,1.32,2.22
ATOM,3210.0,HA3,GLY,178,95.623,-35.753,-86.7,0.09,1.32,3.79
ATOM,3211.0,N,GLN,179,95.571,-35.319,-84.066,-0.47,1.85,0.0
ATOM,3212.0,CA,GLN,179,95.551,-34.604,-82.797,0.07,2.275,0.0
ATOM,3213.0,C,GLN,179,96.2,-33.228,-82.829,0.51,2.0,0.07
ATOM,3214.0,O,GLN,179,96.054,-32.441,-81.895,-0.51,1.7,6.56
ATOM,3215.0,CB,GLN,179,96.221,-35.462,-81.739,-0.18,2.175,8.73
ATOM,3216.0,CG,GLN,179,95.716,-36.877,-81.754,-0.18,2.175,0.97
ATOM,3217.0,CD,GLN,179,95.918,-37.557,-80.428,0.55,2.0,0.77
ATOM,3218.0,H,GLN,179,96.348,-35.960,-84.347,0.31,0.2245,7.17
ATOM,3219.0,HA,GLN,179,94.573,-34.477,-82.528,0.09,1.32,0.0
ATOM,3220.0,HB2,GLN,179,97.203,-35.474,-81.909,0.09,1.32,7.74
ATOM,3221.0,HB3,GLN,179,96.036,-35.069,-80.841,0.09,1.32,0.29
ATOM,3222.0,HG2,GLN,179,94.739,-36.872,-81.965,0.09,1.32,0.0
ATOM,3223.0,HG3,GLN,179,96.208,-37.391,-82.456,0.09,1.32,4.62
ATOM,3224.0,OE1,GLN,179,95.47,-37.056,-79.388,-0.55,1.7,18.45
ATOM,3225.0,NE2,GLN,179,96.588,-38.709,-80.444,-0.62,1.85,19.76
ATOM,3226.0,HE21,GLN,179,96.775,-39.219,-79.585,0.32,0.2245,21.68
ATOM,3227.0,HE22,GLN,179,96.912,-39.074,-81.339,0.3,0.2245,15.82
ATOM,3228.0,N,GLN,180,96.922,-32.927,-83.896,-0.47,1.85,0.0
ATOM,3229.0,CA,GLN,180,97.55,-31.621,-83.99,0.07,2.275,0.0
ATOM,3230.0,C,GLN,180,96.526,-30.541,-84.335,0.51,2.0,0.34
ATOM,3231.0,O,GLN,180,96.655,-29.388,-83.914,-0.51,1.7,19.23
ATOM,3232.0,CB,GLN,180,98.672,-31.656,-85.029,-0.18,2.175,13.04
ATOM,3233.0,CG,GLN,180,99.872,-32.440,-84.556,-0.18,2.175,20.1
ATOM,3234.0,CD,GLN,180,100.437,-31.877,-83.259,0.55,2.0,2.72
ATOM,3235.0,H,GLN,180,96.994,-33.659,-84.611,0.31,0.2245,0.81
ATOM,3236.0,HA,GLN,180,97.94,-31.394,-83.089,0.09,1.32,0.42
ATOM,3237.0,HB2,GLN,180,98.324,-32.081,-85.86,0.09,1.32,7.35
ATOM,3238.0,HB3,GLN,180,98.96,-30.720,-85.219,0.09,1.32,6.45
ATOM,3239.0,HG2,GLN,180,99.603,-33.386,-84.396,0.09,1.32,5.77
ATOM,3240.0,HG3,GLN,180,100.584,-32.400,-85.252,0.09,1.32,11.57
ATOM,3241.0,OE1,GLN,180,101.216,-32.537,-82.563,-0.55,1.7,42.99
ATOM,3242.0,NE2,GLN,180,100.051,-30.645,-82.93,-0.62,1.85,20.03
ATOM,3243.0,HE21,GLN,180,100.376,-30.211,-82.073,0.32,0.2245,22.25
ATOM,3244.0,HE22,GLN,180,99.423,-30.146,-83.556,0.3,0.2245,3.24
ATOM,3245.0,N,TRP,181,95.499,-30.930,-85.083,-0.47,1.85,0.41
ATOM,3246.0,CA,TRP,181,94.451,-30.005,-85.502,0.07,2.275,2.17
ATOM,3247.0,C,TRP,181,93.487,-29.622,-84.372,0.51,2.0,0.0
ATOM,3248.0,O,TRP,181,93.143,-30.445,-83.525,-0.51,1.7,0.0
ATOM,3249.0,CB,TRP,181,93.665,-30.614,-86.67,-0.18,2.175,0.53
ATOM,3250.0,CG,TRP,181,92.624,-29.706,-87.226,-0.03,1.9924,0.0
ATOM,3251.0,CD1,TRP,181,92.812,-28.692,-88.116,0.035,1.9924,4.82
ATOM,3252.0,CD2,TRP,181,91.241,-29.674,-86.866,-0.02,1.8,0.0
ATOM,3253.0,NE1,TRP,181,91.631,-28.024,-88.329,-0.61,1.85,0.0
ATOM,3254.0,CE2,TRP,181,90.65,-28.608,-87.572,0.13,1.8,0.0
ATOM,3255.0,CE3,TRP,181,90.443,-30.440,-86.008,-0.115,1.9924,0.0
ATOM,3256.0,CZ2,TRP,181,89.292,-28.291,-87.451,-0.115,1.9924,0.0
ATOM,3257.0,CZ3,TRP,181,89.092,-30.123,-85.888,-0.115,1.9924,0.0
ATOM,3258.0,CH2,TRP,181,88.533,-29.059,-86.605,-0.115,1.9924,0.0
ATOM,3259.0,H,TRP,181,95.507,-31.939,-85.341,0.31,0.2245,0.0
ATOM,3260.0,HA,TRP,181,94.9,-29.151,-85.815,0.09,1.32,5.05
ATOM,3261.0,HB2,TRP,181,94.3,-30.828,-87.403,0.09,1.32,6.12
ATOM,3262.0,HB3,TRP,181,93.208,-31.437,-86.351,0.09,1.32,0.0
ATOM,3263.0,HD1,TRP,181,93.682,-28.464,-88.553,0.115,1.3582,12.76
ATOM,3264.0,HE1,TRP,181,91.506,-27.241,-88.936,0.38,0.2245,0.0
ATOM,3265.0,HE3,TRP,181,90.826,-31.200,-85.49,0.115,1.3582,0.0
ATOM,3266.0,HZ2,TRP,181,88.905,-27.525,-87.972,0.115,1.3582,0.0
ATOM,3267.0,HZ3,TRP,181,88.522,-30.666,-85.28,0.115,1.3582,0.0
ATOM,3268.0,HH2,TRP,181,87.559,-28.861,-86.493,0.115,1.3582,0.0
ATOM,3269.0,N,GLY,182,93.05,-28.363,-84.379,-0.47,1.85,0.95
ATOM,3270.0,CA,GLY,182,92.134,-27.871,-83.361,-0.02,2.175,0.04
ATOM,3271.0,C,GLY,182,92.613,-28.202,-81.961,0.51,2.0,0.0
ATOM,3272.0,O,GLY,182,93.814,-28.411,-81.734,-0.51,1.7,8.45
ATOM,3273.0,H,GLY,182,93.413,-27.781,-85.157,0.31,0.2245,2.33
ATOM,3274.0,HA2,GLY,182,92.037,-26.868,-83.453,0.09,1.32,0.0
ATOM,3275.0,HA3,GLY,182,91.22,-28.279,-83.507,0.09,1.32,0.0
ATOM,3276.0,N,GLU,183,91.682,-28.241,-81.012,-0.47,1.85,0.0
ATOM,3277.0,CA,GLU,183,92.034,-28.572,-79.641,0.07,2.275,1.02
ATOM,3278.0,C,GLU,183,92.239,-30.082,-79.548,0.51,2.0,0.0
ATOM,3279.0,O,GLU,183,91.301,-30.837,-79.273,-0.51,1.7,1.06
ATOM,3280.0,CB,GLU,183,90.931,-28.148,-78.677,-0.18,2.175,3.06
ATOM,3281.0,CG,GLU,183,90.556,-26.676,-78.726,-0.28,2.175,2.32
ATOM,3282.0,CD,GLU,183,89.735,-26.248,-77.504,0.62,2.0,2.53
ATOM,3283.0,OE1,GLU,183,88.906,-27.065,-77.03,-0.76,1.7,15.34
ATOM,3284.0,OE2,GLU,183,89.91,-25.099,-77.027,-0.76,1.7,20.92
ATOM,3285.0,H,GLU,183,90.723,-28.023,-81.327,0.31,0.2245,0.0
ATOM,3286.0,HA,GLU,183,92.876,-28.106,-79.381,0.09,1.32,6.51
ATOM,3287.0,HB2,GLU,183,90.119,-28.669,-78.9,0.09,1.32,0.02
ATOM,3288.0,HB3,GLU,183,91.241,-28.346,-77.758,0.09,1.32,7.86
ATOM,3289.0,HG2,GLU,183,91.377,-26.144,-78.724,0.09,1.32,1.14
ATOM,3290.0,HG3,GLU,183,90.001,-26.520,-79.517,0.09,1.32,0.0
ATOM,3291.0,N,ARG,184,93.471,-30.515,-79.8,-0.47,1.85,0.0
ATOM,3292.0,CA,ARG,184,93.819,-31.928,-79.75,0.07,2.275,0.14
ATOM,3293.0,C,ARG,184,92.899,-32.794,-80.597,0.51,2.0,0.0
ATOM,3294.0,O,ARG,184,92.513,-33.890,-80.189,-0.51,1.7,0.43
ATOM,3295.0,CB,ARG,184,93.791,-32.414,-78.307,-0.18,2.175,5.56
ATOM,3296.0,CG,ARG,184,94.681,-31.608,-77.416,-0.18,2.175,9.27
ATOM,3297.0,CD,ARG,184,95.603,-32.509,-76.638,0.2,2.175,11.45
ATOM,3298.0,NE,ARG,184,95.283,-32.476,-75.216,-0.7,1.85,7.52
ATOM,3299.0,CZ,ARG,184,95.516,-33.479,-74.377,0.64,2.0,3.61
ATOM,3300.0,NH1,ARG,184,96.079,-34.602,-74.819,-0.8,1.85,26.06
ATOM,3301.0,NH2,ARG,184,95.164,-33.369,-73.103,-0.8,1.85,29.47
ATOM,3302.0,H,ARG,184,94.155,-29.765,-80.033,0.31,0.2245,4.61
ATOM,3303.0,HA,ARG,184,94.77,-32.041,-80.089,0.09,1.32,0.0
ATOM,3304.0,HB2,ARG,184,92.858,-32.343,-77.976,0.09,1.32,3.17
ATOM,3305.0,HB3,ARG,184,94.097,-33.358,-78.293,0.09,1.32,0.91
ATOM,3306.0,HG2,ARG,184,95.238,-30.988,-77.962,0.09,1.32,6.26
ATOM,3307.0,HG3,ARG,184,94.132,-31.089,-76.766,0.09,1.32,5.86
ATOM,3308.0,HD2,ARG,184,95.497,-33.437,-76.976,0.09,1.32,0.06
ATOM,3309.0,HD3,ARG,184,96.536,-32.194,-76.771,0.09,1.32,11.5
ATOM,3310.0,HE,ARG,184,94.859,-31.641,-74.847,0.44,0.2245,11.68
ATOM,3311.0,HH11,ARG,184,96.35,-34.700,-75.771,0.46,0.2245,6.64
ATOM,3312.0,HH12,ARG,184,96.233,-35.363,-74.178,0.46,0.2245,18.29
ATOM,3313.0,HH21,ARG,184,94.741,-32.521,-72.775,0.46,0.2245,18.46
ATOM,3314.0,HH22,ARG,184,95.319,-34.126,-72.471,0.46,0.2245,18.24
ATOM,3315.0,N,GLY,185,92.538,-32.299,-81.774,-0.47,1.85,0.0
ATOM,3316.0,CA,GLY,185,91.682,-33.070,-82.653,-0.02,2.175,0.0
ATOM,3317.0,C,GLY,185,90.217,-32.700,-82.609,0.51,2.0,0.0
ATOM,3318.0,O,GLY,185,89.455,-33.089,-83.499,-0.51,1.7,0.0
ATOM,3319.0,H,GLY,185,92.905,-31.363,-81.993,0.31,0.2245,0.0
ATOM,3320.0,HA2,GLY,185,92.022,-32.976,-83.618,0.09,1.32,0.0
ATOM,3321.0,HA3,GLY,185,91.782,-34.067,-82.428,0.09,1.32,0.0
ATOM,3322.0,N,PHE,186,89.814,-31.949,-81.59,-0.47,1.85,0.0
ATOM,3323.0,CA,PHE,186,88.414,-31.551,-81.463,0.07,2.275,0.0
ATOM,3324.0,C,PHE,186,88.199,-30.091,-81.815,0.51,2.0,0.0
ATOM,3325.0,O,PHE,186,89.146,-29.355,-82.033,-0.51,1.7,0.0
ATOM,3326.0,CB,PHE,186,87.906,-31.781,-80.036,-0.18,2.175,0.26
ATOM,3327.0,CG,PHE,186,87.976,-33.212,-79.581,0.0,1.9924,0.0
ATOM,3328.0,CD1,PHE,186,89.178,-33.760,-79.141,-0.115,1.9924,0.68
ATOM,3329.0,CD2,PHE,186,86.833,-34.012,-79.575,-0.115,1.9924,0.0
ATOM,3330.0,CE1,PHE,186,89.249,-35.076,-78.697,-0.115,1.9924,5.1
ATOM,3331.0,CE2,PHE,186,86.892,-35.338,-79.13,-0.115,1.9924,0.0
ATOM,3332.0,CZ,PHE,186,88.105,-35.869,-78.689,-0.115,1.9924,1.24
ATOM,3333.0,H,PHE,186,90.551,-31.681,-80.919,0.31,0.2245,0.0
ATOM,3334.0,HA,PHE,186,87.894,-32.096,-82.137,0.09,1.32,0.0
ATOM,3335.0,HB2,PHE,186,88.464,-31.238,-79.426,0.09,1.32,0.0
ATOM,3336.0,HB3,PHE,186,86.959,-31.495,-80.003,0.09,1.32,0.0
ATOM,3337.0,HD1,PHE,186,90.005,-33.201,-79.142,0.115,1.3582,0.0
ATOM,3338.0,HD2,PHE,186,85.964,-33.638,-79.89,0.115,1.3582,0.0
ATOM,3339.0,HE1,PHE,186,90.129,-35.449,-78.385,0.115,1.3582,9.18
ATOM,3340.0,HE2,PHE,186,86.056,-35.903,-79.132,0.115,1.3582,0.0
ATOM,3341.0,HZ,PHE,186,88.154,-36.811,-78.369,0.115,1.3582,4.68
ATOM,3342.0,N,ILE,187,86.938,-29.685,-81.876,-0.47,1.85,0.0
ATOM,3343.0,CA,ILE,187,86.576,-28.306,-82.164,0.07,2.275,0.17
ATOM,3344.0,C,ILE,187,85.228,-28.013,-81.523,0.51,2.0,0.0
ATOM,3345.0,O,ILE,187,84.367,-28.894,-81.426,-0.51,1.7,0.0
ATOM,3346.0,CB,ILE,187,86.436,-28.050,-83.654,-0.09,2.275,0.0
ATOM,3347.0,CG1,ILE,187,85.979,-26.600,-83.876,-0.18,2.175,0.0
ATOM,3348.0,CG2,ILE,187,85.439,-29.041,-84.245,-0.27,2.06,0.0
ATOM,3349.0,CD1,ILE,187,85.877,-26.182,-85.322,-0.27,2.06,0.0
ATOM,3350.0,H,ILE,187,86.233,-30.436,-81.701,0.31,0.2245,0.0
ATOM,3351.0,HA,ILE,187,87.245,-27.734,-81.696,0.09,1.32,0.0
ATOM,3352.0,HB,ILE,187,87.325,-28.153,-84.079,0.09,1.32,0.0
ATOM,3353.0,HG12,ILE,187,85.085,-26.485,-83.437,0.09,1.32,0.0
ATOM,3354.0,HG13,ILE,187,86.632,-25.997,-83.409,0.09,1.32,0.0
ATOM,3355.0,HG21,ILE,187,85.354,-28.881,-85.227,0.09,1.32,0.0
ATOM,3356.0,HG22,ILE,187,85.762,-29.972,-84.086,0.09,1.32,0.0
ATOM,3357.0,HG23,ILE,187,84.55,-28.917,-83.809,0.09,1.32,0.0
ATOM,3358.0,HD11,ILE,187,85.217,-26.767,-85.792,0.09,1.32,0.0
ATOM,3359.0,HD12,ILE,187,85.575,-25.230,-85.374,0.09,1.32,0.0
ATOM,3360.0,HD13,ILE,187,86.772,-26.272,-85.759,0.09,1.32,0.0
ATOM,3361.0,N,ASN,188,85.049,-26.767,-81.094,-0.47,1.85,0.0
ATOM,3362.0,CA,ASN,188,83.809,-26.334,-80.456,0.07,2.275,0.0
ATOM,3363.0,C,ASN,188,83.034,-25.464,-81.429,0.51,2.0,0.0
ATOM,3364.0,O,ASN,188,83.623,-24.635,-82.116,-0.51,1.7,0.0
ATOM,3365.0,CB,ASN,188,84.148,-25.558,-79.197,-0.18,2.175,0.18
ATOM,3366.0,CG,ASN,188,84.992,-26.368,-78.247,0.55,2.0,0.0
ATOM,3367.0,H,ASN,188,85.861,-26.134,-81.251,0.31,0.2245,0.0
ATOM,3368.0,HA,ASN,188,83.261,-27.153,-80.289,0.09,1.32,0.0
ATOM,3369.0,HB2,ASN,188,84.653,-24.740,-79.454,0.09,1.32,0.0
ATOM,3370.0,HB3,ASN,188,83.3,-25.310,-78.739,0.09,1.32,0.0
ATOM,3371.0,OD1,ASN,188,85.98,-25.889,-77.716,-0.55,1.7,9.74
ATOM,3372.0,ND2,ASN,188,84.602,-27.612,-78.031,-0.62,1.85,0.49
ATOM,3373.0,HD22,ASN,188,83.789,-27.975,-78.491,0.3,0.2245,0.0
ATOM,3374.0,HD21,ASN,188,85.118,-28.201,-77.405,0.32,0.2245,1.54
ATOM,3375.0,N,ILE,189,81.724,-25.667,-81.506,-0.47,1.85,0.0
ATOM,3376.0,CA,ILE,189,80.894,-24.897,-82.418,0.07,2.275,0.0
ATOM,3377.0,C,ILE,189,79.789,-24.175,-81.667,0.51,2.0,0.0
ATOM,3378.0,O,ILE,189,79.11,-24.756,-80.828,-0.51,1.7,0.0
ATOM,3379.0,CB,ILE,189,80.228,-25.794,-83.484,-0.09,2.275,0.0
ATOM,3380.0,CG1,ILE,189,81.273,-26.631,-84.203,-0.18,2.175,0.0
ATOM,3381.0,CG2,ILE,189,79.482,-24.931,-84.494,-0.27,2.06,0.22
ATOM,3382.0,CD1,ILE,189,82.264,-25.811,-84.944,-0.27,2.06,0.79
ATOM,3383.0,H,ILE,189,81.357,-26.403,-80.875,0.31,0.2245,0.0
ATOM,3384.0,HA,ILE,189,81.488,-24.187,-82.81,0.09,1.32,0.0
ATOM,3385.0,HB,ILE,189,79.602,-26.409,-83.014,0.09,1.32,0.0
ATOM,3386.0,HG12,ILE,189,81.744,-27.195,-83.525,0.09,1.32,0.0
ATOM,3387.0,HG13,ILE,189,80.798,-27.236,-84.843,0.09,1.32,0.0
ATOM,3388.0,HG21,ILE,189,79.033,-25.518,-85.165,0.09,1.32,0.0
ATOM,3389.0,HG22,ILE,189,78.796,-24.382,-84.02,0.09,1.32,0.0
ATOM,3390.0,HG23,ILE,189,80.128,-24.328,-84.958,0.09,1.32,0.0
ATOM,3391.0,HD11,ILE,189,82.752,-25.203,-84.311,0.09,1.32,0.0
ATOM,3392.0,HD12,ILE,189,82.932,-26.405,-85.401,0.09,1.32,0.0
ATOM,3393.0,HD13,ILE,189,81.801,-25.252,-85.637,0.09,1.32,0.0
ATOM,3394.0,N,GLU,190,79.605,-22.905,-81.992,-0.47,1.85,0.0
ATOM,3395.0,CA,GLU,190,78.586,-22.071,-81.366,0.07,2.275,0.0
ATOM,3396.0,C,GLU,190,77.149,-22.595,-81.531,0.51,2.0,0.0
ATOM,3397.0,O,GLU,190,76.765,-23.061,-82.609,-0.51,1.7,0.0
ATOM,3398.0,CB,GLU,190,78.709,-20.666,-81.956,-0.18,2.175,0.0
ATOM,3399.0,CG,GLU,190,77.535,-19.731,-81.748,-0.28,2.175,3.82
ATOM,3400.0,CD,GLU,190,77.692,-18.468,-82.578,0.62,2.0,0.05
ATOM,3401.0,OE1,GLU,190,77.758,-18.582,-83.821,-0.76,1.7,7.81
ATOM,3402.0,OE2,GLU,190,77.76,-17.364,-81.99,-0.76,1.7,40.44
ATOM,3403.0,H,GLU,190,80.251,-22.550,-82.735,0.31,0.2245,0.0
ATOM,3404.0,HA,GLU,190,78.788,-21.976,-80.37,0.09,1.32,0.0
ATOM,3405.0,HB2,GLU,190,79.51,-20.239,-81.544,0.09,1.32,0.36
ATOM,3406.0,HB3,GLU,190,78.843,-20.765,-82.938,0.09,1.32,0.0
ATOM,3407.0,HG2,GLU,190,76.723,-20.181,-82.047,0.09,1.32,0.0
ATOM,3408.0,HG3,GLU,190,77.51,-19.465,-80.809,0.09,1.32,5.54
ATOM,3409.0,N,THR,191,76.361,-22.513,-80.46,-0.47,1.85,0.0
ATOM,3410.0,CA,THR,191,74.962,-22.953,-80.499,0.07,2.275,0.0
ATOM,3411.0,C,THR,191,74.18,-22.358,-79.331,0.51,2.0,0.17
ATOM,3412.0,O,THR,191,74.761,-21.749,-78.431,-0.51,1.7,5.06
ATOM,3413.0,CB,THR,191,74.841,-24.495,-80.429,0.14,2.275,0.0
ATOM,3414.0,OG1,THR,191,73.505,-24.887,-80.769,-0.66,1.77,0.0
ATOM,3415.0,CG2,THR,191,75.16,-24.996,-79.025,-0.27,2.06,0.0
ATOM,3416.0,H,THR,191,76.811,-22.120,-79.614,0.31,0.2245,0.0
ATOM,3417.0,HA,THR,191,74.551,-22.626,-81.355,0.09,1.32,0.0
ATOM,3418.0,HB,THR,191,75.478,-24.902,-81.112,0.09,1.32,0.0
ATOM,3419.0,HG21,THR,191,75.038,-25.990,-78.984,0.09,1.32,0.0
ATOM,3420.0,HG22,THR,191,76.108,-24.771,-78.792,0.09,1.32,0.0
ATOM,3421.0,HG23,THR,191,74.546,-24.561,-78.363,0.09,1.32,0.0
ATOM,3422.0,HG1,THR,191,73.373,-24.850,-81.765,0.43,0.2245,0.0
ATOM,3423.0,N,ASP,192,72.864,-22.529,-79.334,-0.47,1.85,0.0
ATOM,3424.0,CA,ASP,192,72.063,-21.997,-78.24,0.07,2.275,1.41
ATOM,3425.0,C,ASP,192,71.786,-23.049,-77.168,0.51,2.0,0.0
ATOM,3426.0,O,ASP,192,72.145,-24.215,-77.315,-0.51,1.7,0.0
ATOM,3427.0,CB,ASP,192,70.75,-21.408,-78.772,-0.28,2.175,18.83
ATOM,3428.0,CG,ASP,192,69.905,-22.422,-79.518,0.62,2.0,2.94
ATOM,3429.0,OD1,ASP,192,69.378,-23.360,-78.878,-0.76,1.7,0.6
ATOM,3430.0,OD2,ASP,192,69.766,-22.276,-80.751,-0.76,1.7,11.34
ATOM,3431.0,H,ASP,192,72.482,-23.043,-80.135,0.31,0.2245,0.0
ATOM,3432.0,HA,ASP,192,72.604,-21.265,-77.8,0.09,1.32,2.68
ATOM,3433.0,HB2,ASP,192,70.231,-21.068,-77.995,0.09,1.32,5.48
ATOM,3434.0,HB3,ASP,192,70.977,-20.663,-79.389,0.09,1.32,6.81
ATOM,3435.0,N,GLU,193,71.148,-22.630,-76.085,-0.47,1.85,0.0
ATOM,3436.0,CA,GLU,193,70.843,-23.525,-74.984,0.07,2.275,0.0
ATOM,3437.0,C,GLU,193,70.038,-24.752,-75.398,0.51,2.0,0.0
ATOM,3438.0,O,GLU,193,70.203,-25.824,-74.821,-0.51,1.7,0.0
ATOM,3439.0,CB,GLU,193,70.077,-22.771,-73.904,-0.18,2.175,5.79
ATOM,3440.0,CG,GLU,193,69.918,-23.546,-72.622,-0.28,2.175,2.58
ATOM,3441.0,CD,GLU,193,68.752,-23.055,-71.774,0.62,2.0,4.39
ATOM,3442.0,OE1,GLU,193,68.647,-21.828,-71.535,-0.76,1.7,33.1
ATOM,3443.0,OE2,GLU,193,67.942,-23.910,-71.34,-0.76,1.7,39.11
ATOM,3444.0,H,GLU,193,70.89,-21.622,-76.094,0.31,0.2245,4.13
ATOM,3445.0,HA,GLU,193,71.71,-23.830,-74.542,0.09,1.32,0.0
ATOM,3446.0,HB2,GLU,193,70.579,-21.949,-73.701,0.09,1.32,0.41
ATOM,3447.0,HB3,GLU,193,69.178,-22.577,-74.255,0.09,1.32,6.38
ATOM,3448.0,HG2,GLU,193,69.741,-24.489,-72.842,0.09,1.32,0.0
ATOM,3449.0,HG3,GLU,193,70.734,-23.439,-72.083,0.09,1.32,0.28
ATOM,3450.0,N,SER,194,69.159,-24.604,-76.384,-0.47,1.85,0.08
ATOM,3451.0,CA,SER,194,68.338,-25.728,-76.83,0.07,2.275,1.44
ATOM,3452.0,C,SER,194,69.081,-26.555,-77.87,0.51,2.0,0.0
ATOM,3453.0,O,SER,194,68.673,-27.670,-78.207,-0.51,1.7,6.15
ATOM,3454.0,CB,SER,194,67.044,-25.218,-77.448,0.05,2.175,21.66
ATOM,3455.0,OG,SER,194,67.305,-24.642,-78.717,-0.66,1.77,5.02
ATOM,3456.0,H,SER,194,69.109,-23.658,-76.793,0.31,0.2245,1.43
ATOM,3457.0,HA,SER,194,68.159,-26.317,-76.035,0.09,1.32,0.0
ATOM,3458.0,HB2,SER,194,66.417,-25.978,-77.561,0.09,1.32,5.04
ATOM,3459.0,HB3,SER,194,66.653,-24.526,-76.854,0.09,1.32,10.3
ATOM,3460.0,HG,SER,194,68.151,-24.113,-78.675,0.43,0.2245,0.0
ATOM,3461.0,N,GLY,195,70.167,-25.983,-78.385,-0.47,1.85,0.0
ATOM,3462.0,CA,GLY,195,70.965,-26.650,-79.394,-0.02,2.175,0.0
ATOM,3463.0,C,GLY,195,70.284,-26.720,-80.748,0.51,2.0,0.0
ATOM,3464.0,O,GLY,195,70.656,-27.547,-81.585,-0.51,1.7,2.47
ATOM,3465.0,H,GLY,195,70.382,-25.041,-78.006,0.31,0.2245,0.0
ATOM,3466.0,HA2,GLY,195,71.856,-26.166,-79.494,0.09,1.32,0.0
ATOM,3467.0,HA3,GLY,195,71.183,-27.595,-79.082,0.09,1.32,0.0
ATOM,3468.0,N,LEU,196,69.285,-25.870,-80.978,-0.47,1.85,0.0
ATOM,3469.0,CA,LEU,196,68.589,-25.881,-82.262,0.07,2.275,0.0
ATOM,3470.0,C,LEU,196,69.384,-25.138,-83.325,0.51,2.0,0.29
ATOM,3471.0,O,LEU,196,69.16,-25.321,-84.525,-0.51,1.7,12.88
ATOM,3472.0,CB,LEU,196,67.193,-25.273,-82.128,-0.18,2.175,6.28
ATOM,3473.0,CG,LEU,196,66.061,-26.243,-81.774,-0.09,2.275,0.84
ATOM,3474.0,CD1,LEU,196,66.297,-26.862,-80.405,-0.27,2.06,5.7
ATOM,3475.0,CD2,LEU,196,64.743,-25.497,-81.803,-0.27,2.06,34.71
ATOM,3476.0,H,LEU,196,69.058,-25.233,-80.204,0.31,0.2245,0.0
ATOM,3477.0,HA,LEU,196,68.478,-26.838,-82.557,0.09,1.32,0.0
ATOM,3478.0,HB2,LEU,196,67.227,-24.583,-81.409,0.09,1.32,0.84
ATOM,3479.0,HB3,LEU,196,66.958,-24.849,-82.998,0.09,1.32,6.26
ATOM,3480.0,HG,LEU,196,66.026,-26.965,-82.464,0.09,1.32,0.01
ATOM,3481.0,HD11,LEU,196,66.333,-26.140,-79.713,0.09,1.32,0.0
ATOM,3482.0,HD12,LEU,196,65.55,-27.492,-80.189,0.09,1.32,4.99
ATOM,3483.0,HD13,LEU,196,67.163,-27.363,-80.409,0.09,1.32,0.8
ATOM,3484.0,HD21,LEU,196,64.588,-25.120,-82.718,0.09,1.32,10.64
ATOM,3485.0,HD22,LEU,196,63.995,-26.123,-81.573,0.09,1.32,6.36
ATOM,3486.0,HD23,LEU,196,64.763,-24.748,-81.137,0.09,1.32,7.31
ATOM,3487.0,N,MET,197,70.312,-24.300,-82.87,-0.47,1.85,0.15
ATOM,3488.0,CA,MET,197,71.173,-23.528,-83.757,0.07,2.275,3.23
ATOM,3489.0,C,MET,197,72.302,-24.429,-84.21,0.51,2.0,0.0
ATOM,3490.0,O,MET,197,73.251,-24.691,-83.458,-0.51,1.7,0.0
ATOM,3491.0,CB,MET,197,71.769,-22.340,-83.028,-0.18,2.175,1.78
ATOM,3492.0,CG,MET,197,72.777,-21.586,-83.853,-0.14,2.175,4.82
ATOM,3493.0,SD,MET,197,73.731,-20.482,-82.813,-0.09,2.0,15.7
ATOM,3494.0,CE,MET,197,75.05,-20.025,-83.972,-0.22,2.06,9.71
ATOM,3495.0,H,MET,197,70.369,-24.244,-81.829,0.31,0.2245,0.0
ATOM,3496.0,HA,MET,197,70.641,-23.265,-84.557,0.09,1.32,5.73
ATOM,3497.0,HB2,MET,197,71.028,-21.708,-82.767,0.09,1.32,5.09
ATOM,3498.0,HB3,MET,197,72.219,-22.663,-82.186,0.09,1.32,0.0
ATOM,3499.0,HG2,MET,197,73.384,-22.252,-84.326,0.09,1.32,0.0
ATOM,3500.0,HG3,MET,197,72.29,-21.067,-84.58,0.09,1.32,11.67
ATOM,3501.0,HE1,MET,197,75.252,-20.806,-84.558,0.09,1.32,0.0
ATOM,3502.0,HE2,MET,197,74.743,-19.255,-84.526,0.09,1.32,11.84
ATOM,3503.0,HE3,MET,197,75.863,-19.769,-83.454,0.09,1.32,0.0
ATOM,3504.0,N,ARG,198,72.209,-24.885,-85.449,-0.47,1.85,0.62
ATOM,3505.0,CA,ARG,198,73.203,-25.785,-85.98,0.07,2.275,0.0
ATOM,3506.0,C,ARG,198,74.086,-25.106,-87.006,0.51,2.0,0.72
ATOM,3507.0,O,ARG,198,73.833,-25.197,-88.2,-0.51,1.7,7.94
ATOM,3508.0,CB,ARG,198,72.488,-26.991,-86.588,-0.18,2.175,0.15
ATOM,3509.0,CG,ARG,198,71.345,-27.464,-85.71,-0.18,2.175,0.13
ATOM,3510.0,CD,ARG,198,70.659,-28.713,-86.215,0.2,2.175,0.0
ATOM,3511.0,NE,ARG,198,69.85,-28.515,-87.414,-0.7,1.85,1.52
ATOM,3512.0,CZ,ARG,198,70.304,-28.650,-88.656,0.64,2.0,0.16
ATOM,3513.0,NH1,ARG,198,71.57,-28.978,-88.874,-0.8,1.85,0.0
ATOM,3514.0,NH2,ARG,198,69.483,-28.491,-89.682,-0.8,1.85,17.05
ATOM,3515.0,H,ARG,198,71.387,-24.547,-85.981,0.31,0.2245,8.68
ATOM,3516.0,HA,ARG,198,73.787,-26.116,-85.221,0.09,1.32,0.0
ATOM,3517.0,HB2,ARG,198,72.118,-26.725,-87.463,0.09,1.32,1.47
ATOM,3518.0,HB3,ARG,198,73.138,-27.727,-86.674,0.09,1.32,0.0
ATOM,3519.0,HG2,ARG,198,71.694,-27.651,-84.783,0.09,1.32,0.0
ATOM,3520.0,HG3,ARG,198,70.654,-26.733,-85.643,0.09,1.32,0.0
ATOM,3521.0,HD2,ARG,198,71.368,-29.402,-86.409,0.09,1.32,0.0
ATOM,3522.0,HD3,ARG,198,70.069,-29.065,-85.477,0.09,1.32,0.14
ATOM,3523.0,HE,ARG,198,68.883,-28.259,-87.292,0.44,0.2245,2.27
ATOM,3524.0,HH11,ARG,198,72.196,-29.148,-88.117,0.46,0.2245,0.0
ATOM,3525.0,HH12,ARG,198,71.907,-29.058,-89.82,0.46,0.2245,0.0
ATOM,3526.0,HH21,ARG,198,68.514,-28.288,-89.517,0.46,0.2245,6.56
ATOM,3527.0,HH22,ARG,198,69.822,-28.573,-90.618,0.46,0.2245,5.82
ATOM,3528.0,N,LYS,199,75.128,-24.429,-86.536,-0.47,1.85,0.0
ATOM,3529.0,CA,LYS,199,76.057,-23.746,-87.429,0.07,2.275,0.4
ATOM,3530.0,C,LYS,199,76.615,-24.653,-88.514,0.51,2.0,0.0
ATOM,3531.0,O,LYS,199,76.995,-25.782,-88.242,-0.51,1.7,0.07
ATOM,3532.0,CB,LYS,199,77.219,-23.171,-86.633,-0.18,2.175,0.0
ATOM,3533.0,CG,LYS,199,76.9,-21.865,-85.952,-0.18,2.175,0.0
ATOM,3534.0,CD,LYS,199,78.026,-20.878,-86.175,-0.18,2.175,0.79
ATOM,3535.0,CE,LYS,199,78.363,-20.745,-87.662,0.21,2.175,2.89
ATOM,3536.0,NZ,LYS,199,79.556,-19.882,-87.896,-0.3,1.85,0.51
ATOM,3537.0,H,LYS,199,75.221,-24.429,-85.503,0.31,0.2245,0.0
ATOM,3538.0,HA,LYS,199,75.571,-22.971,-87.872,0.09,1.32,5.44
ATOM,3539.0,HB2,LYS,199,77.48,-23.837,-85.936,0.09,1.32,0.0
ATOM,3540.0,HB3,LYS,199,77.984,-23.025,-87.26,0.09,1.32,0.0
ATOM,3541.0,HG2,LYS,199,76.06,-21.489,-86.334,0.09,1.32,2.91
ATOM,3542.0,HG3,LYS,199,76.793,-22.018,-84.974,0.09,1.32,0.0
ATOM,3543.0,HD2,LYS,199,77.75,-19.985,-85.837,0.09,1.32,1.04
ATOM,3544.0,HD3,LYS,199,78.839,-21.194,-85.699,0.09,1.32,0.0
ATOM,3545.0,HE2,LYS,199,78.539,-21.661,-88.034,0.05,1.32,0.0
ATOM,3546.0,HE3,LYS,199,77.571,-20.350,-88.137,0.05,1.32,9.71
ATOM,3547.0,HZ1,LYS,199,80.222,-20.381,-88.449,0.33,0.2245,0.0
ATOM,3548.0,HZ2,LYS,199,79.274,-19.053,-88.377,0.33,0.2245,12.46
ATOM,3549.0,HZ3,LYS,199,79.965,-19.638,-87.017,0.33,0.2245,0.0
ATOM,3550.0,N,CYS,200,76.662,-24.153,-89.744,-0.47,1.85,0.0
ATOM,3551.0,CA,CYS,200,77.182,-24.914,-90.877,0.07,2.275,3.07
ATOM,3552.0,C,CYS,200,76.293,-26.097,-91.199,0.51,2.0,1.63
ATOM,3553.0,O,CYS,200,76.742,-27.088,-91.784,-0.51,1.7,0.37
ATOM,3554.0,CB,CYS,200,78.595,-25.398,-90.573,-0.1,2.175,0.13
ATOM,3555.0,SG,CYS,200,79.751,-24.051,-90.163,-0.08,1.975,0.48
ATOM,3556.0,H,CYS,200,76.299,-23.179,-89.831,0.31,0.2245,7.72
ATOM,3557.0,HA,CYS,200,77.202,-24.305,-91.68,0.09,1.32,2.75
ATOM,3558.0,HB2,CYS,200,78.558,-26.016,-89.796,0.09,1.32,0.01
ATOM,3559.0,HB3,CYS,200,78.947,-25.869,-91.375,0.09,1.32,0.0
ATOM,3560.0,N,GLY,201,75.027,-25.976,-90.806,-0.47,1.85,4.17
ATOM,3561.0,CA,GLY,201,74.056,-27.032,-91.028,-0.02,2.175,11.47
ATOM,3562.0,C,GLY,201,74.44,-28.323,-90.327,0.51,2.0,0.0
ATOM,3563.0,O,GLY,201,73.836,-29.374,-90.556,-0.51,1.7,0.0
ATOM,3564.0,H,GLY,201,74.803,-25.076,-90.336,0.31,0.2245,3.82
ATOM,3565.0,HA2,GLY,201,73.147,-26.730,-90.695,0.09,1.32,3.7
ATOM,3566.0,HA3,GLY,201,73.969,-27.206,-92.023,0.09,1.32,5.04
ATOM,3567.0,N,LEU,202,75.444,-28.245,-89.463,-0.47,1.85,0.0
ATOM,3568.0,CA,LEU,202,75.912,-29.419,-88.758,0.07,2.275,0.0
ATOM,3569.0,C,LEU,202,74.722,-30.219,-88.261,0.51,2.0,0.0
ATOM,3570.0,O,LEU,202,73.864,-29.692,-87.559,-0.51,1.7,0.0
ATOM,3571.0,CB,LEU,202,76.893,-29.032,-87.635,-0.18,2.175,0.0
ATOM,3572.0,CG,LEU,202,76.538,-29.005,-86.147,-0.09,2.275,0.0
ATOM,3573.0,CD1,LEU,202,75.772,-30.325,-86.044,-0.27,2.06,0.0
ATOM,3574.0,CD2,LEU,202,77.554,-29.010,-85.006,-0.27,2.06,0.0
ATOM,3575.0,H,LEU,202,75.847,-27.298,-89.344,0.31,0.2245,0.0
ATOM,3576.0,HA,LEU,202,76.437,-29.992,-89.392,0.09,1.32,0.0
ATOM,3577.0,HB2,LEU,202,77.712,-29.655,-87.73,0.09,1.32,0.0
ATOM,3578.0,HB3,LEU,202,77.254,-28.094,-87.868,0.09,1.32,0.0
ATOM,3579.0,HG,LEU,202,75.946,-28.275,-85.972,0.09,1.32,0.0
ATOM,3580.0,HD11,LEU,202,76.374,-31.078,-86.309,0.09,1.32,0.0
ATOM,3581.0,HD12,LEU,202,75.464,-30.457,-85.103,0.09,1.32,0.0
ATOM,3582.0,HD13,LEU,202,74.982,-30.297,-86.655,0.09,1.32,0.0
ATOM,3583.0,HD21,LEU,202,78.143,-28.206,-85.083,0.09,1.32,0.0
ATOM,3584.0,HD22,LEU,202,77.071,-28.988,-84.131,0.09,1.32,0.0
ATOM,3585.0,HD23,LEU,202,78.111,-29.839,-85.061,0.09,1.32,0.0
ATOM,3586.0,N,GLY,203,74.655,-31.484,-88.663,-0.47,1.85,0.0
ATOM,3587.0,CA,GLY,203,73.564,-32.322,-88.217,-0.02,2.175,0.0
ATOM,3588.0,C,GLY,203,72.406,-32.495,-89.175,0.51,2.0,0.0
ATOM,3589.0,O,GLY,203,71.447,-33.208,-88.849,-0.51,1.7,0.99
ATOM,3590.0,H,GLY,203,75.411,-31.791,-89.287,0.31,0.2245,0.0
ATOM,3591.0,HA2,GLY,203,73.937,-33.255,-87.974,0.09,1.32,0.0
ATOM,3592.0,HA3,GLY,203,73.202,-31.952,-87.322,0.09,1.32,0.0
ATOM,3593.0,N,THR,204,72.456,-31.855,-90.345,-0.47,1.85,0.0
ATOM,3594.0,CA,THR,204,71.352,-32.019,-91.29,0.07,2.275,0.94
ATOM,3595.0,C,THR,204,71.358,-33.494,-91.633,0.51,2.0,0.0
ATOM,3596.0,O,THR,204,70.376,-34.048,-92.108,-0.51,1.7,25.9
ATOM,3597.0,CB,THR,204,71.431,-31.068,-92.499,0.14,2.275,5.95
ATOM,3598.0,OG1,THR,204,72.229,-31.319,-93.657,-0.66,1.77,5.93
ATOM,3599.0,CG2,THR,204,72.032,-29.887,-91.731,-0.27,2.06,6.33
ATOM,3600.0,H,THR,204,73.28,-31.280,-90.508,0.31,0.2245,0.0
ATOM,3601.0,HA,THR,204,70.509,-31.802,-90.831,0.09,1.32,0.7
ATOM,3602.0,HB,THR,204,70.421,-30.911,-92.853,0.09,1.32,12.95
ATOM,3603.0,HG21,THR,204,71.304,-29.252,-91.47,0.09,1.32,0.0
ATOM,3604.0,HG22,THR,204,72.491,-30.222,-90.907,0.09,1.32,0.0
ATOM,3605.0,HG23,THR,204,72.695,-29.412,-92.311,0.09,1.32,0.4
ATOM,3606.0,HG1,THR,204,72.526,-32.280,-93.678,0.43,0.2245,0.0
ATOM,3607.0,N,ASP,205,72.497,-34.121,-91.378,-0.47,1.85,0.0
ATOM,3608.0,CA,ASP,205,72.659,-35.552,-91.571,0.07,2.275,0.0
ATOM,3609.0,C,ASP,205,73.2,-36.024,-90.233,0.51,2.0,0.0
ATOM,3610.0,O,ASP,205,74.329,-35.710,-89.857,-0.51,1.7,0.0
ATOM,3611.0,CB,ASP,205,73.643,-35.846,-92.688,-0.28,2.175,2.73
ATOM,3612.0,CG,ASP,205,73.175,-35.308,-94.023,0.62,2.0,3.07
ATOM,3613.0,OD1,ASP,205,71.979,-35.493,-94.346,-0.76,1.7,27.82
ATOM,3614.0,OD2,ASP,205,73.997,-34.711,-94.751,-0.76,1.7,15.2
ATOM,3615.0,H,ASP,205,73.263,-33.501,-91.029,0.31,0.2245,0.0
ATOM,3616.0,HA,ASP,205,71.764,-35.940,-91.675,0.09,1.32,1.93
ATOM,3617.0,HB2,ASP,205,74.511,-35.419,-92.46,0.09,1.32,0.0
ATOM,3618.0,HB3,ASP,205,73.748,-36.831,-92.761,0.09,1.32,0.05
ATOM,3619.0,N,ALA,206,72.366,-36.746,-89.496,-0.47,1.85,0.0
ATOM,3620.0,CA,ALA,206,72.742,-37.226,-88.179,0.07,2.275,0.0
ATOM,3621.0,C,ALA,206,72.293,-38.656,-87.99,0.51,2.0,0.0
ATOM,3622.0,O,ALA,206,71.104,-38.942,-88.014,-0.51,1.7,0.0
ATOM,3623.0,CB,ALA,206,72.116,-36.338,-87.111,-0.27,2.06,0.0
ATOM,3624.0,H,ALA,206,71.444,-36.932,-89.935,0.31,0.2245,2.46
ATOM,3625.0,HA,ALA,206,73.745,-37.186,-88.093,0.09,1.32,0.0
ATOM,3626.0,HB1,ALA,206,71.337,-35.847,-87.5,0.09,1.32,0.0
ATOM,3627.0,HB2,ALA,206,71.805,-36.903,-86.348,0.09,1.32,0.0
ATOM,3628.0,HB3,ALA,206,72.794,-35.681,-86.784,0.09,1.32,0.0
ATOM,3629.0,N,PHE,207,73.257,-39.551,-87.809,-0.47,1.85,0.0
ATOM,3630.0,CA,PHE,207,72.963,-40.962,-87.6,0.07,2.275,0.0
ATOM,3631.0,C,PHE,207,73.705,-41.490,-86.371,0.51,2.0,0.0
ATOM,3632.0,O,PHE,207,74.729,-40.943,-85.953,-0.51,1.7,0.0
ATOM,3633.0,CB,PHE,207,73.359,-41.787,-88.83,-0.18,2.175,0.0
ATOM,3634.0,CG,PHE,207,72.687,-41.349,-90.102,0.0,1.9924,0.0
ATOM,3635.0,CD1,PHE,207,73.338,-40.486,-90.992,-0.115,1.9924,0.0
ATOM,3636.0,CD2,PHE,207,71.411,-41.803,-90.421,-0.115,1.9924,0.0
ATOM,3637.0,CE1,PHE,207,72.72,-40.086,-92.186,-0.115,1.9924,0.0
ATOM,3638.0,CE2,PHE,207,70.792,-41.409,-91.605,-0.115,1.9924,1.33
ATOM,3639.0,CZ,PHE,207,71.447,-40.550,-92.492,-0.115,1.9924,5.09
ATOM,3640.0,H,PHE,207,74.221,-39.163,-87.829,0.31,0.2245,0.0
ATOM,3641.0,HA,PHE,207,71.982,-41.033,-87.396,0.09,1.32,0.0
ATOM,3642.0,HB2,PHE,207,74.336,-41.696,-88.952,0.09,1.32,0.0
ATOM,3643.0,HB3,PHE,207,73.105,-42.727,-88.657,0.09,1.32,0.0
ATOM,3644.0,HD1,PHE,207,74.248,-40.151,-90.781,0.115,1.3582,0.0
ATOM,3645.0,HD2,PHE,207,70.934,-42.418,-89.796,0.115,1.3582,0.0
ATOM,3646.0,HE1,PHE,207,73.205,-39.466,-92.807,0.115,1.3582,1.3
ATOM,3647.0,HE2,PHE,207,69.862,-41.747,-91.82,0.115,1.3582,8.77
ATOM,3648.0,HZ,PHE,207,71.003,-40.273,-93.339,0.115,1.3582,11.65
ATOM,3649.0,N,ILE,208,73.172,-42.556,-85.791,-0.47,1.85,0.0
ATOM,3650.0,CA,ILE,208,73.776,-43.164,-84.62,0.07,2.275,0.0
ATOM,3651.0,C,ILE,208,73.474,-44.656,-84.614,0.51,2.0,0.0
ATOM,3652.0,O,ILE,208,72.316,-45.069,-84.65,-0.51,1.7,0.0
ATOM,3653.0,CB,ILE,208,73.249,-42.500,-83.345,-0.09,2.275,0.0
ATOM,3654.0,CG1,ILE,208,73.792,-43.205,-82.114,-0.18,2.175,0.0
ATOM,3655.0,CG2,ILE,208,71.758,-42.530,-83.332,-0.27,2.06,0.0
ATOM,3656.0,CD1,ILE,208,72.921,-42.446,-81.111,-0.27,2.06,0.09
ATOM,3657.0,H,ILE,208,72.303,-42.909,-86.239,0.31,0.2245,0.0
ATOM,3658.0,HA,ILE,208,74.766,-43.074,-84.731,0.09,1.32,0.0
ATOM,3659.0,HB,ILE,208,73.573,-41.558,-83.332,0.09,1.32,0.0
ATOM,3660.0,HG12,ILE,208,73.533,-44.097,-82.125,0.09,1.32,0.0
ATOM,3661.0,HG13,ILE,208,74.68,-42.957,-81.984,0.09,1.32,0.0
ATOM,3662.0,HG21,ILE,208,71.407,-42.068,-82.513,0.09,1.32,0.01
ATOM,3663.0,HG22,ILE,208,71.393,-42.065,-84.143,0.09,1.32,0.0
ATOM,3664.0,HG23,ILE,208,71.428,-43.478,-83.33,0.09,1.32,0.0
ATOM,3665.0,HD11,ILE,208,71.962,-42.614,-81.324,0.09,1.32,0.0
ATOM,3666.0,HD12,ILE,208,73.128,-42.771,-80.192,0.09,1.32,0.0
ATOM,3667.0,HD13,ILE,208,73.121,-41.473,-81.182,0.09,1.32,0.0
ATOM,3668.0,N,PRO,209,74.524,-45.488,-84.571,-0.29,1.85,0.0
ATOM,3669.0,CA,PRO,209,74.381,-46.944,-84.57,0.02,2.275,0.0
ATOM,3670.0,C,PRO,209,73.884,-47.540,-83.254,0.51,2.0,0.0
ATOM,3671.0,O,PRO,209,74.143,-47.002,-82.18,-0.51,1.7,0.0
ATOM,3672.0,CB,PRO,209,75.793,-47.406,-84.896,-0.18,2.175,0.0
ATOM,3673.0,CG,PRO,209,76.622,-46.414,-84.107,-0.18,2.175,0.0
ATOM,3674.0,CD,PRO,209,75.947,-45.103,-84.45,0.0,2.175,0.0
ATOM,3675.0,HA,PRO,209,73.778,-47.242,-85.343,0.09,1.32,0.0
ATOM,3676.0,HB2,PRO,209,75.955,-48.327,-84.573,0.09,1.32,0.0
ATOM,3677.0,HB3,PRO,209,75.985,-47.327,-85.863,0.09,1.32,0.0
ATOM,3678.0,HG2,PRO,209,76.559,-46.605,-83.14,0.09,1.32,0.0
ATOM,3679.0,HG3,PRO,209,77.559,-46.425,-84.419,0.09,1.32,0.0
ATOM,3680.0,HD2,PRO,209,76.067,-44.432,-83.724,0.09,1.32,0.0
ATOM,3681.0,HD3,PRO,209,76.285,-44.735,-85.313,0.09,1.32,0.0
ATOM,3682.0,N,LEU,210,73.164,-48.651,-83.351,-0.47,1.85,0.0
ATOM,3683.0,CA,LEU,210,72.676,-49.361,-82.178,0.07,2.275,0.0
ATOM,3684.0,C,LEU,210,73.315,-50.742,-82.228,0.51,2.0,0.0
ATOM,3685.0,O,LEU,210,73.308,-51.389,-83.271,-0.51,1.7,0.0
ATOM,3686.0,CB,LEU,210,71.139,-49.367,-82.084,-0.18,2.175,2.63
ATOM,3687.0,CG,LEU,210,70.443,-48.015,-81.905,-0.09,2.275,0.15
ATOM,3688.0,CD1,LEU,210,70.257,-47.301,-80.565,-0.27,2.06,3.84
ATOM,3689.0,CD2,LEU,210,71.503,-47.222,-82.67,-0.27,2.06,0.0
ATOM,3690.0,H,LEU,210,72.981,-48.966,-84.328,0.31,0.2245,0.0
ATOM,3691.0,HA,LEU,210,72.992,-48.896,-81.366,0.09,1.32,0.0
ATOM,3692.0,HB2,LEU,210,70.787,-49.774,-82.927,0.09,1.32,0.03
ATOM,3693.0,HB3,LEU,210,70.887,-49.939,-81.305,0.09,1.32,1.12
ATOM,3694.0,HG,LEU,210,69.484,-48.091,-82.361,0.09,1.32,0.0
ATOM,3695.0,HD11,LEU,210,71.152,-47.119,-80.16,0.09,1.32,2.7
ATOM,3696.0,HD12,LEU,210,69.775,-46.439,-80.714,0.09,1.32,0.0
ATOM,3697.0,HD13,LEU,210,69.724,-47.882,-79.952,0.09,1.32,0.94
ATOM,3698.0,HD21,LEU,210,71.563,-47.567,-83.606,0.09,1.32,0.0
ATOM,3699.0,HD22,LEU,210,71.247,-46.256,-82.685,0.09,1.32,0.0
ATOM,3700.0,HD23,LEU,210,72.387,-47.327,-82.216,0.09,1.32,0.0
ATOM,3701.0,N,ILE,211,73.876,-51.191,-81.112,-0.47,1.85,0.0
ATOM,3702.0,CA,ILE,211,74.508,-52.495,-81.083,0.07,2.275,0.1
ATOM,3703.0,C,ILE,211,73.783,-53.500,-80.181,0.51,2.0,0.0
ATOM,3704.0,O,ILE,211,73.936,-54.710,-80.338,-0.51,1.7,4.33
ATOM,3705.0,CB,ILE,211,75.983,-52.365,-80.668,-0.09,2.275,0.08
ATOM,3706.0,CG1,ILE,211,76.477,-51.584,-79.448,-0.18,2.175,0.0
ATOM,3707.0,CG2,ILE,211,76.554,-51.684,-81.925,-0.27,2.06,0.0
ATOM,3708.0,CD1,ILE,211,77.346,-52.461,-78.545,-0.27,2.06,0.0
ATOM,3709.0,H,ILE,211,73.822,-50.553,-80.303,0.31,0.2245,1.23
ATOM,3710.0,HA,ILE,211,74.448,-52.866,-82.024,0.09,1.32,0.0
ATOM,3711.0,HB,ILE,211,76.355,-53.349,-80.566,0.09,1.32,1.43
ATOM,3712.0,HG12,ILE,211,77.012,-50.816,-79.755,0.09,1.32,0.0
ATOM,3713.0,HG13,ILE,211,75.694,-51.279,-78.93,0.09,1.32,0.0
ATOM,3714.0,HG21,ILE,211,77.549,-51.700,-81.88,0.09,1.32,0.0
ATOM,3715.0,HG22,ILE,211,76.243,-52.178,-82.732,0.09,1.32,0.0
ATOM,3716.0,HG23,ILE,211,76.231,-50.743,-81.959,0.09,1.32,0.0
ATOM,3717.0,HD11,ILE,211,78.134,-52.779,-79.065,0.09,1.32,0.0
ATOM,3718.0,HD12,ILE,211,77.648,-51.921,-77.764,0.09,1.32,0.0
ATOM,3719.0,HD13,ILE,211,76.806,-53.238,-78.234,0.09,1.32,0.0
ATOM,3720.0,N,GLU,212,73.001,-52.996,-79.233,-0.47,1.85,0.0
ATOM,3721.0,CA,GLU,212,72.221,-53.858,-78.345,0.07,2.275,2.71
ATOM,3722.0,C,GLU,212,70.749,-53.658,-78.714,0.34,2.0,3.03
ATOM,3723.0,O,GLU,212,69.943,-53.219,-77.862,-0.67,1.7,26.02
ATOM,3724.0,CB,GLU,212,72.44,-53.493,-76.867,-0.18,2.175,5.74
ATOM,3725.0,CG,GLU,212,73.867,-53.723,-76.36,-0.28,2.175,1.3
ATOM,3726.0,CD,GLU,212,74.017,-53.546,-74.85,0.62,2.0,1.64
ATOM,3727.0,OE1,GLU,212,73.715,-52.444,-74.324,-0.76,1.7,17.2
ATOM,3728.0,OE2,GLU,212,74.447,-54.522,-74.191,-0.76,1.7,25.52
ATOM,3729.0,OXT,GLU,212,70.412,-53.949,-79.881,-0.67,1.7,15.96
ATOM,3730.0,H,GLU,212,72.991,-51.960,-79.177,0.31,0.2245,1.21
ATOM,3731.0,HA,GLU,212,72.473,-54.804,-78.484,0.09,1.32,1.08
ATOM,3732.0,HB2,GLU,212,72.241,-52.535,-76.764,0.09,1.32,0.25
ATOM,3733.0,HB3,GLU,212,71.84,-54.056,-76.328,0.09,1.32,9.1
ATOM,3734.0,HG2,GLU,212,74.123,-54.648,-76.576,0.09,1.32,0.17
ATOM,3735.0,HG3,GLU,212,74.457,-53.066,-76.794,0.09,1.32,0.0
