atom,serial,name,resname,resid,x,y,z,charges,radius,sasa
ATOM,1.0,N,MET,5.0,116.054,20.464,21.748,-0.3,1.85,12.73
ATOM,2.0,CA,MET,5.0,114.596,20.298,21.983,0.21,2.275,2.63
ATOM,3.0,C,MET,5.0,113.887,19.653,20.795,0.51,2.0,0.0
ATOM,4.0,O,MET,5.0,113.219,18.634,20.957,-0.51,1.7,0.12
ATOM,5.0,CB,MET,5.0,113.945,21.645,22.318,-0.18,2.175,7.79
ATOM,6.0,CG,MET,5.0,112.487,21.531,22.765,-0.14,2.175,7.93
ATOM,7.0,SD,MET,5.0,111.732,23.106,23.191,-0.09,2.0,39.34
ATOM,8.0,CE,MET,5.0,111.066,23.593,21.606,-0.22,2.06,35.06
ATOM,9.0,H,MET,5.0,116.559,19.975,22.456,0.33,0.2245,20.19
ATOM,10.0,HA,MET,5.0,114.486,19.694,22.784,0.1,1.32,2.18
ATOM,11.0,HB2,MET,5.0,114.468,22.087,23.056,0.09,1.32,10.26
ATOM,12.0,HB3,MET,5.0,113.98,22.237,21.504,0.09,1.32,2.86
ATOM,13.0,HG2,MET,5.0,111.96,21.061,22.014,0.09,1.32,2.35
ATOM,14.0,HG3,MET,5.0,112.448,20.877,23.561,0.09,1.32,5.18
ATOM,15.0,HE1,MET,5.0,111.599,23.17,20.871,0.09,1.32,0.0
ATOM,16.0,HE2,MET,5.0,110.112,23.296,21.535,0.09,1.32,11.86
ATOM,17.0,HE3,MET,5.0,111.109,24.59,21.513,0.09,1.32,11.77
ATOM,18.0,H2,MET,5.0,116.287,20.093,20.852,0.33,0.2245,9.67
ATOM,19.0,H3,MET,5.0,116.284,21.434,21.78,0.33,0.2245,14.18
ATOM,20.0,N,LEU,6.0,114.083,20.202,19.597,-0.47,1.85,0.0
ATOM,21.0,CA,LEU,6.0,113.437,19.676,18.387,0.07,2.275,0.0
ATOM,22.0,C,LEU,6.0,113.677,18.193,18.086,0.51,2.0,0.43
ATOM,23.0,O,LEU,6.0,113.138,17.654,17.131,-0.51,1.7,7.3
ATOM,24.0,CB,LEU,6.0,113.818,20.515,17.16,-0.18,2.175,5.65
ATOM,25.0,CG,LEU,6.0,113.615,22.03,17.214,-0.09,2.275,3.25
ATOM,26.0,CD1,LEU,6.0,113.961,22.619,15.866,-0.27,2.06,38.09
ATOM,27.0,CD2,LEU,6.0,112.194,22.378,17.592,-0.27,2.06,16.41
ATOM,28.0,H,LEU,6.0,114.721,21.02,19.59,0.31,0.2245,2.19
ATOM,29.0,HA,LEU,6.0,112.426,19.82,18.48,0.09,1.32,0.0
ATOM,30.0,HB2,LEU,6.0,114.795,20.353,16.974,0.09,1.32,9.58
ATOM,31.0,HB3,LEU,6.0,113.284,20.171,16.38,0.09,1.32,0.84
ATOM,32.0,HG,LEU,6.0,114.213,22.411,17.911,0.09,1.32,5.81
ATOM,33.0,HD11,LEU,6.0,113.367,22.226,15.161,0.09,1.32,7.86
ATOM,34.0,HD12,LEU,6.0,113.833,23.613,15.886,0.09,1.32,10.51
ATOM,35.0,HD13,LEU,6.0,114.916,22.416,15.642,0.09,1.32,10.36
ATOM,36.0,HD21,LEU,6.0,111.979,21.997,18.494,0.09,1.32,0.02
ATOM,37.0,HD22,LEU,6.0,112.084,23.374,17.621,0.09,1.32,9.48
ATOM,38.0,HD23,LEU,6.0,111.559,21.997,16.916,0.09,1.32,2.74
ATOM,39.0,N,GLY,7.0,114.489,17.534,18.897,-0.47,1.85,3.3
ATOM,40.0,CA,GLY,7.0,114.751,16.124,18.672,-0.02,2.175,20.93
ATOM,41.0,C,GLY,7.0,113.641,15.252,19.22,0.51,2.0,0.7
ATOM,42.0,O,GLY,7.0,113.537,14.085,18.857,-0.51,1.7,26.49
ATOM,43.0,H,GLY,7.0,114.898,18.084,19.664,0.31,0.2245,1.31
ATOM,44.0,HA2,GLY,7.0,114.851,15.955,17.679,0.09,1.32,9.24
ATOM,45.0,HA3,GLY,7.0,115.626,15.87,19.113,0.09,1.32,12.15
ATOM,46.0,N,ASN,8.0,112.805,15.828,20.081,-0.47,1.85,0.0
ATOM,47.0,CA,ASN,8.0,111.685,15.113,20.698,0.07,2.275,0.43
ATOM,48.0,C,ASN,8.0,110.466,15.078,19.779,0.51,2.0,0.0
ATOM,49.0,O,ASN,8.0,109.361,14.758,20.22,-0.51,1.7,10.13
ATOM,50.0,CB,ASN,8.0,111.266,15.784,22.014,-0.18,2.175,11.87
ATOM,51.0,CG,ASN,8.0,112.443,16.234,22.855,0.55,2.0,1.78
ATOM,52.0,H,ASN,8.0,113.015,16.832,20.28,0.31,0.2245,0.0
ATOM,53.0,HA,ASN,8.0,111.981,14.159,20.832,0.09,1.32,5.33
ATOM,54.0,HB2,ASN,8.0,110.707,16.581,21.793,0.09,1.32,4.28
ATOM,55.0,HB3,ASN,8.0,110.728,15.128,22.54,0.09,1.32,9.69
ATOM,56.0,OD1,ASN,8.0,113.487,15.575,22.904,-0.55,1.7,30.64
ATOM,57.0,ND2,ASN,8.0,112.285,17.38,23.517,-0.62,1.85,13.55
ATOM,58.0,HD22,ASN,8.0,111.426,17.885,23.446,0.3,0.2245,10.48
ATOM,59.0,HD21,ASN,8.0,113.027,17.734,24.086,0.32,0.2245,12.6
ATOM,60.0,N,LEU,9.0,110.656,15.463,18.522,-0.47,1.85,0.0
ATOM,61.0,CA,LEU,9.0,109.57,15.486,17.55,0.07,2.275,0.28
ATOM,62.0,C,LEU,9.0,109.264,14.098,17.021,0.51,2.0,0.0
ATOM,63.0,O,LEU,9.0,110.136,13.438,16.452,-0.51,1.7,12.26
ATOM,64.0,CB,LEU,9.0,109.921,16.404,16.372,-0.18,2.175,5.42
ATOM,65.0,CG,LEU,9.0,109.635,17.901,16.494,-0.09,2.275,3.65
ATOM,66.0,CD1,LEU,9.0,110.215,18.423,17.776,-0.27,2.06,13.72
ATOM,67.0,CD2,LEU,9.0,110.207,18.649,15.301,-0.27,2.06,30.7
ATOM,68.0,H,LEU,9.0,111.632,15.742,18.295,0.31,0.2245,0.0
ATOM,69.0,HA,LEU,9.0,108.742,15.846,18.004,0.09,1.32,3.79
ATOM,70.0,HB2,LEU,9.0,110.908,16.304,16.194,0.09,1.32,2.81
ATOM,71.0,HB3,LEU,9.0,109.418,16.069,15.567,0.09,1.32,3.63
ATOM,72.0,HG,LEU,9.0,108.647,18.04,16.485,0.09,1.32,11.34
ATOM,73.0,HD11,LEU,9.0,111.208,18.277,17.79,0.09,1.32,0.0
ATOM,74.0,HD12,LEU,9.0,110.031,19.406,17.863,0.09,1.32,4.14
ATOM,75.0,HD13,LEU,9.0,109.806,17.946,18.559,0.09,1.32,2.44
ATOM,76.0,HD21,LEU,9.0,109.789,18.306,14.458,0.09,1.32,10.41
ATOM,77.0,HD22,LEU,9.0,110.013,19.627,15.393,0.09,1.32,6.12
ATOM,78.0,HD23,LEU,9.0,111.198,18.51,15.261,0.09,1.32,2.32
ATOM,79.0,N,LYS,10.0,108.035,13.639,17.233,-0.47,1.85,0.05
ATOM,80.0,CA,LYS,10.0,107.641,12.329,16.723,0.07,2.275,0.0
ATOM,81.0,C,LYS,10.0,107.593,12.493,15.202,0.51,2.0,0.0
ATOM,82.0,O,LYS,10.0,106.983,13.442,14.693,-0.51,1.7,0.51
ATOM,83.0,CB,LYS,10.0,106.266,11.911,17.265,-0.18,2.175,8.9
ATOM,84.0,CG,LYS,10.0,106.133,11.879,18.8,-0.18,2.175,18.4
ATOM,85.0,CD,LYS,10.0,107.081,10.875,19.475,-0.18,2.175,13.09
ATOM,86.0,CE,LYS,10.0,108.401,11.514,19.91,0.21,2.175,2.73
ATOM,87.0,NZ,LYS,10.0,109.325,10.541,20.555,-0.3,1.85,13.02
ATOM,88.0,H,LYS,10.0,107.413,14.262,17.765,0.31,0.2245,6.12
ATOM,89.0,HA,LYS,10.0,108.334,11.668,16.949,0.09,1.32,0.0
ATOM,90.0,HB2,LYS,10.0,105.581,12.553,16.912,0.09,1.32,1.44
ATOM,91.0,HB3,LYS,10.0,106.059,10.992,16.92,0.09,1.32,7.05
ATOM,92.0,HG2,LYS,10.0,106.33,12.797,19.159,0.09,1.32,3.75
ATOM,93.0,HG3,LYS,10.0,105.187,11.636,19.036,0.09,1.32,11.89
ATOM,94.0,HD2,LYS,10.0,106.627,10.504,20.281,0.09,1.32,10.78
ATOM,95.0,HD3,LYS,10.0,107.281,10.143,18.829,0.09,1.32,5.47
ATOM,96.0,HE2,LYS,10.0,108.849,11.909,19.1,0.05,1.32,0.0
ATOM,97.0,HE3,LYS,10.0,108.2,12.258,20.557,0.05,1.32,5.24
ATOM,98.0,HZ1,LYS,10.0,110.156,10.459,20.006,0.33,0.2245,17.24
ATOM,99.0,HZ2,LYS,10.0,109.56,10.864,21.471,0.33,0.2245,17.82
ATOM,100.0,HZ3,LYS,10.0,108.876,9.65,20.619,0.33,0.2245,14.92
ATOM,101.0,N,PRO,11.0,108.279,11.609,14.46,-0.29,1.85,0.0
ATOM,102.0,CA,PRO,11.0,108.284,11.701,12.999,0.02,2.275,1.32
ATOM,103.0,C,PRO,11.0,106.883,11.689,12.393,0.51,2.0,0.0
ATOM,104.0,O,PRO,11.0,106.06,10.83,12.716,-0.51,1.7,18.77
ATOM,105.0,CB,PRO,11.0,109.115,10.484,12.583,-0.18,2.175,19.35
ATOM,106.0,CG,PRO,11.0,108.916,9.522,13.713,-0.18,2.175,22.99
ATOM,107.0,CD,PRO,11.0,109.009,10.413,14.914,0.0,2.175,11.25
ATOM,108.0,HA,PRO,11.0,108.795,12.525,12.696,0.09,1.32,8.1
ATOM,109.0,HB2,PRO,11.0,108.777,10.102,11.725,0.09,1.32,7.89
ATOM,110.0,HB3,PRO,11.0,110.078,10.728,12.487,0.09,1.32,11.62
ATOM,111.0,HG2,PRO,11.0,108.023,9.091,13.652,0.09,1.32,6.66
ATOM,112.0,HG3,PRO,11.0,109.634,8.835,13.717,0.09,1.32,11.49
ATOM,113.0,HD2,PRO,11.0,108.562,10.011,15.707,0.09,1.32,3.03
ATOM,114.0,HD3,PRO,11.0,109.954,10.641,15.132,0.09,1.32,7.65
ATOM,115.0,N,GLN,12.0,106.61,12.686,11.556,-0.47,1.85,0.03
ATOM,116.0,CA,GLN,12.0,105.318,12.819,10.891,0.07,2.275,0.0
ATOM,117.0,C,GLN,12.0,105.354,12.114,9.545,0.51,2.0,0.64
ATOM,118.0,O,GLN,12.0,106.386,12.096,8.873,-0.51,1.7,18.33
ATOM,119.0,CB,GLN,12.0,104.952,14.295,10.702,-0.18,2.175,10.62
ATOM,120.0,CG,GLN,12.0,104.803,15.078,12.001,-0.18,2.175,18.79
ATOM,121.0,CD,GLN,12.0,103.816,14.44,12.963,0.55,2.0,2.25
ATOM,122.0,H,GLN,12.0,107.395,13.36,11.417,0.31,0.2245,9.14
ATOM,123.0,HA,GLN,12.0,104.629,12.364,11.46,0.09,1.32,0.84
ATOM,124.0,HB2,GLN,12.0,105.667,14.735,10.154,0.09,1.32,9.68
ATOM,125.0,HB3,GLN,12.0,104.081,14.349,10.206,0.09,1.32,5.37
ATOM,126.0,HG2,GLN,12.0,105.696,15.128,12.448,0.09,1.32,3.32
ATOM,127.0,HG3,GLN,12.0,104.486,16.001,11.783,0.09,1.32,11.46
ATOM,128.0,OE1,GLN,12.0,102.792,13.892,12.551,-0.55,1.7,31.41
ATOM,129.0,NE2,GLN,12.0,104.128,14.493,14.251,-0.62,1.85,15.04
ATOM,130.0,HE21,GLN,12.0,103.509,14.099,14.955,0.32,0.2245,17.2
ATOM,131.0,HE22,GLN,12.0,105.003,14.936,14.528,0.3,0.2245,7.13
ATOM,132.0,N,ALA,13.0,104.22,11.545,9.152,-0.47,1.85,1.1
ATOM,133.0,CA,ALA,13.0,104.12,10.823,7.892,0.07,2.275,1.9
ATOM,134.0,C,ALA,13.0,103.929,11.738,6.692,0.51,2.0,0.1
ATOM,135.0,O,ALA,13.0,103.235,12.758,6.778,-0.51,1.7,20.56
ATOM,136.0,CB,ALA,13.0,102.987,9.809,7.96,-0.27,2.06,36.49
ATOM,137.0,H,ALA,13.0,103.424,11.659,9.812,0.31,0.2245,7.12
ATOM,138.0,HA,ALA,13.0,104.974,10.288,7.756,0.09,1.32,2.48
ATOM,139.0,HB1,ALA,13.0,102.181,10.235,8.37,0.09,1.32,9.42
ATOM,140.0,HB2,ALA,13.0,102.764,9.495,7.038,0.09,1.32,4.63
ATOM,141.0,HB3,ALA,13.0,103.27,9.029,8.518,0.09,1.32,11.96
ATOM,142.0,N,PRO,14.0,104.592,11.412,5.571,-0.29,1.85,0.0
ATOM,143.0,CA,PRO,14.0,104.516,12.176,4.324,0.02,2.275,1.58
ATOM,144.0,C,PRO,14.0,103.104,12.089,3.739,0.51,2.0,0.0
ATOM,145.0,O,PRO,14.0,102.357,11.162,4.045,-0.51,1.7,8.46
ATOM,146.0,CB,PRO,14.0,105.532,11.464,3.437,-0.18,2.175,2.33
ATOM,147.0,CG,PRO,14.0,106.552,10.986,4.42,-0.18,2.175,22.96
ATOM,148.0,CD,PRO,14.0,105.668,10.41,5.492,0.0,2.175,11.98
ATOM,149.0,HA,PRO,14.0,104.78,13.131,4.471,0.09,1.32,9.11
ATOM,150.0,HB2,PRO,14.0,105.111,10.698,2.958,0.09,1.32,1.64
ATOM,151.0,HB3,PRO,14.0,105.936,12.095,2.781,0.09,1.32,3.11
ATOM,152.0,HG2,PRO,14.0,107.126,10.29,4.019,0.09,1.32,10.71
ATOM,153.0,HG3,PRO,14.0,107.086,11.741,4.766,0.09,1.32,9.88
ATOM,154.0,HD2,PRO,14.0,105.303,9.523,5.227,0.09,1.32,9.52
ATOM,155.0,HD3,PRO,14.0,106.147,10.339,6.362,0.09,1.32,2.95
ATOM,156.0,N,ASP,15.0,102.765,13.023,2.856,-0.47,1.85,0.0
ATOM,157.0,CA,ASP,15.0,101.438,13.076,2.235,0.07,2.275,1.47
ATOM,158.0,C,ASP,15.0,101.014,11.893,1.361,0.51,2.0,0.49
ATOM,159.0,O,ASP,15.0,99.951,11.947,0.745,-0.51,1.7,11.06
ATOM,160.0,CB,ASP,15.0,101.292,14.363,1.413,-0.28,2.175,5.02
ATOM,161.0,CG,ASP,15.0,101.044,15.592,2.275,0.62,2.0,4.89
ATOM,162.0,OD1,ASP,15.0,101.746,15.766,3.297,-0.76,1.7,31.92
ATOM,163.0,OD2,ASP,15.0,100.146,16.39,1.916,-0.76,1.7,42.51
ATOM,164.0,H,ASP,15.0,103.518,13.712,2.642,0.31,0.2245,3.06
ATOM,165.0,HA,ASP,15.0,100.754,13.134,3.005,0.09,1.32,9.86
ATOM,166.0,HB2,ASP,15.0,102.133,14.497,0.902,0.09,1.32,1.44
ATOM,167.0,HB3,ASP,15.0,100.524,14.247,0.795,0.09,1.32,0.31
ATOM,168.0,N,LYS,16.0,101.836,10.848,1.283,-0.47,1.85,0.0
ATOM,169.0,CA,LYS,16.0,101.544,9.666,0.46,0.07,2.275,0.24
ATOM,170.0,C,LYS,16.0,101.624,9.915,-1.043,0.51,2.0,0.0
ATOM,171.0,O,LYS,16.0,102.135,9.073,-1.786,-0.51,1.7,0.0
ATOM,172.0,CB,LYS,16.0,100.187,9.049,0.808,-0.18,2.175,9.94
ATOM,173.0,CG,LYS,16.0,100.287,7.804,1.674,-0.18,2.175,17.55
ATOM,174.0,CD,LYS,16.0,101.133,6.716,1.015,-0.18,2.175,11.7
ATOM,175.0,CE,LYS,16.0,100.464,6.152,-0.228,0.21,2.175,6.03
ATOM,176.0,NZ,LYS,16.0,101.322,5.132,-0.88,-0.3,1.85,7.95
ATOM,177.0,H,LYS,16.0,102.705,10.937,1.855,0.31,0.2245,0.0
ATOM,178.0,HA,LYS,16.0,102.21,8.934,0.704,0.09,1.32,0.48
ATOM,179.0,HB2,LYS,16.0,99.652,9.731,1.299,0.09,1.32,4.4
ATOM,180.0,HB3,LYS,16.0,99.729,8.805,-0.043,0.09,1.32,0.44
ATOM,181.0,HG2,LYS,16.0,100.705,8.047,2.551,0.09,1.32,6.47
ATOM,182.0,HG3,LYS,16.0,99.368,7.441,1.836,0.09,1.32,10.19
ATOM,183.0,HD2,LYS,16.0,102.011,7.109,0.755,0.09,1.32,0.13
ATOM,184.0,HD3,LYS,16.0,101.268,5.976,1.668,0.09,1.32,11.12
ATOM,185.0,HE2,LYS,16.0,99.593,5.734,0.034,0.05,1.32,10.7
ATOM,186.0,HE3,LYS,16.0,100.291,6.9,-0.871,0.05,1.32,0.0
ATOM,187.0,HZ1,LYS,16.0,100.778,4.317,-1.082,0.33,0.2245,17.06
ATOM,188.0,HZ2,LYS,16.0,101.694,5.503,-1.731,0.33,0.2245,0.36
ATOM,189.0,HZ3,LYS,16.0,102.074,4.887,-0.267,0.33,0.2245,9.56
ATOM,190.0,N,ILE,17.0,101.121,11.066,-1.483,-0.47,1.85,0.08
ATOM,191.0,CA,ILE,17.0,101.146,11.456,-2.889,0.07,2.275,0.0
ATOM,192.0,C,ILE,17.0,102.537,11.161,-3.442,0.51,2.0,0.0
ATOM,193.0,O,ILE,17.0,102.684,10.575,-4.512,-0.51,1.7,0.0
ATOM,194.0,CB,ILE,17.0,100.88,12.969,-3.049,-0.09,2.275,0.2
ATOM,195.0,CG1,ILE,17.0,99.566,13.355,-2.369,-0.18,2.175,8.0
ATOM,196.0,CG2,ILE,17.0,100.86,13.35,-4.527,-0.27,2.06,28.28
ATOM,197.0,CD1,ILE,17.0,99.306,14.848,-2.348,-0.27,2.06,32.52
ATOM,198.0,H,ILE,17.0,100.706,11.667,-0.733,0.31,0.2245,0.0
ATOM,199.0,HA,ILE,17.0,100.517,10.847,-3.361,0.09,1.32,0.0
ATOM,200.0,HB,ILE,17.0,101.618,13.457,-2.597,0.09,1.32,2.29
ATOM,201.0,HG12,ILE,17.0,98.816,12.903,-2.848,0.09,1.32,7.73
ATOM,202.0,HG13,ILE,17.0,99.591,13.022,-1.427,0.09,1.32,0.0
ATOM,203.0,HG21,ILE,17.0,100.731,14.336,-4.613,0.09,1.32,5.95
ATOM,204.0,HG22,ILE,17.0,101.726,13.089,-4.948,0.09,1.32,0.97
ATOM,205.0,HG23,ILE,17.0,100.11,12.874,-4.982,0.09,1.32,7.74
ATOM,206.0,HD11,ILE,17.0,99.269,15.19,-3.286,0.09,1.32,6.24
ATOM,207.0,HD12,ILE,17.0,98.436,15.025,-1.891,0.09,1.32,11.64
ATOM,208.0,HD13,ILE,17.0,100.044,15.304,-1.853,0.09,1.32,4.46
ATOM,209.0,N,LEU,18.0,103.55,11.535,-2.667,-0.47,1.85,0.19
ATOM,210.0,CA,LEU,18.0,104.939,11.321,-3.041,0.07,2.275,1.69
ATOM,211.0,C,LEU,18.0,105.248,9.858,-3.357,0.51,2.0,0.18
ATOM,212.0,O,LEU,18.0,105.822,9.557,-4.399,-0.51,1.7,2.56
ATOM,213.0,CB,LEU,18.0,105.893,11.87,-1.962,-0.18,2.175,12.02
ATOM,214.0,CG,LEU,18.0,105.615,11.85,-0.446,-0.09,2.275,3.18
ATOM,215.0,CD1,LEU,18.0,104.541,12.87,-0.074,-0.27,2.06,8.38
ATOM,216.0,CD2,LEU,18.0,105.249,10.455,0.053,-0.27,2.06,6.71
ATOM,217.0,H,LEU,18.0,103.262,11.992,-1.773,0.31,0.2245,0.0
ATOM,218.0,HA,LEU,18.0,105.14,11.871,-3.869,0.09,1.32,4.63
ATOM,219.0,HB2,LEU,18.0,106.8,11.391,-2.095,0.09,1.32,9.8
ATOM,220.0,HB3,LEU,18.0,106.085,12.855,-2.208,0.09,1.32,10.57
ATOM,221.0,HG,LEU,18.0,106.462,12.067,0.038,0.09,1.32,8.44
ATOM,222.0,HD11,LEU,18.0,103.695,12.652,-0.559,0.09,1.32,0.0
ATOM,223.0,HD12,LEU,18.0,104.38,12.837,0.912,0.09,1.32,0.0
ATOM,224.0,HD13,LEU,18.0,104.849,13.785,-0.332,0.09,1.32,10.34
ATOM,225.0,HD21,LEU,18.0,106.004,9.826,-0.134,0.09,1.32,6.16
ATOM,226.0,HD22,LEU,18.0,105.078,10.488,1.038,0.09,1.32,0.0
ATOM,227.0,HD23,LEU,18.0,104.426,10.138,-0.419,0.09,1.32,0.0
ATOM,228.0,N,ALA,19.0,104.813,8.95,-2.491,-0.47,1.85,0.0
ATOM,229.0,CA,ALA,19.0,105.054,7.526,-2.695,0.07,2.275,2.74
ATOM,230.0,C,ALA,19.0,104.261,7.04,-3.902,0.51,2.0,0.0
ATOM,231.0,O,ALA,19.0,104.656,6.079,-4.572,-0.51,1.7,6.99
ATOM,232.0,CB,ALA,19.0,104.664,6.742,-1.459,-0.27,2.06,18.84
ATOM,233.0,H,ALA,19.0,104.299,9.333,-1.676,0.31,0.2245,0.0
ATOM,234.0,HA,ALA,19.0,106.03,7.384,-2.874,0.09,1.32,7.95
ATOM,235.0,HB1,ALA,19.0,105.486,6.387,-1.011,0.09,1.32,11.63
ATOM,236.0,HB2,ALA,19.0,104.173,7.338,-0.822,0.09,1.32,0.0
ATOM,237.0,HB3,ALA,19.0,104.072,5.977,-1.717,0.09,1.32,1.53
ATOM,238.0,N,LEU,20.0,103.145,7.712,-4.176,-0.47,1.85,0.0
ATOM,239.0,CA,LEU,20.0,102.301,7.364,-5.312,0.07,2.275,0.93
ATOM,240.0,C,LEU,20.0,102.998,7.784,-6.604,0.51,2.0,0.72
ATOM,241.0,O,LEU,20.0,103.272,6.947,-7.47,-0.51,1.7,1.16
ATOM,242.0,CB,LEU,20.0,100.926,8.038,-5.201,-0.18,2.175,5.64
ATOM,243.0,CG,LEU,20.0,100.068,7.742,-3.961,-0.09,2.275,0.0
ATOM,244.0,CD1,LEU,20.0,98.667,8.317,-4.143,-0.27,2.06,11.67
ATOM,245.0,CD2,LEU,20.0,99.987,6.245,-3.724,-0.27,2.06,13.35
ATOM,246.0,H,LEU,20.0,102.934,8.49,-3.521,0.31,0.2245,0.0
ATOM,247.0,HA,LEU,20.0,102.176,6.372,-5.329,0.09,1.32,0.94
ATOM,248.0,HB2,LEU,20.0,101.071,9.032,-5.228,0.09,1.32,0.14
ATOM,249.0,HB3,LEU,20.0,100.388,7.767,-6.004,0.09,1.32,8.31
ATOM,250.0,HG,LEU,20.0,100.497,8.16,-3.165,0.09,1.32,0.0
ATOM,251.0,HD11,LEU,20.0,98.239,7.902,-4.945,0.09,1.32,1.69
ATOM,252.0,HD12,LEU,20.0,98.118,8.119,-3.331,0.09,1.32,4.51
ATOM,253.0,HD13,LEU,20.0,98.728,9.307,-4.272,0.09,1.32,2.06
ATOM,254.0,HD21,LEU,20.0,100.907,5.877,-3.579,0.09,1.32,0.84
ATOM,255.0,HD22,LEU,20.0,99.426,6.062,-2.915,0.09,1.32,2.29
ATOM,256.0,HD23,LEU,20.0,99.574,5.8,-4.52,0.09,1.32,6.24
ATOM,257.0,N,MET,21.0,103.325,9.069,-6.711,-0.47,1.85,0.46
ATOM,258.0,CA,MET,21.0,103.999,9.585,-7.895,0.07,2.275,2.3
ATOM,259.0,C,MET,21.0,105.402,9.005,-8.025,0.51,2.0,0.0
ATOM,260.0,O,MET,21.0,105.926,8.867,-9.131,-0.51,1.7,0.0
ATOM,261.0,CB,MET,21.0,104.063,11.113,-7.865,-0.18,2.175,4.65
ATOM,262.0,CG,MET,21.0,104.649,11.718,-9.135,-0.14,2.175,4.34
ATOM,263.0,SD,MET,21.0,103.877,11.048,-10.639,-0.09,2.0,1.05
ATOM,264.0,CE,MET,21.0,102.871,12.453,-11.17,-0.22,2.06,31.35
ATOM,265.0,H,MET,21.0,103.064,9.655,-5.897,0.31,0.2245,0.0
ATOM,266.0,HA,MET,21.0,103.471,9.305,-8.706,0.09,1.32,0.79
ATOM,267.0,HB2,MET,21.0,103.134,11.478,-7.739,0.09,1.32,3.9
ATOM,268.0,HB3,MET,21.0,104.629,11.402,-7.086,0.09,1.32,0.57
ATOM,269.0,HG2,MET,21.0,104.535,12.733,-9.097,0.09,1.32,8.38
ATOM,270.0,HG3,MET,21.0,105.657,11.548,-9.145,0.09,1.32,0.0
ATOM,271.0,HE1,MET,21.0,103.276,12.855,-11.989,0.09,1.32,11.33
ATOM,272.0,HE2,MET,21.0,101.946,12.136,-11.372,0.09,1.32,0.0
ATOM,273.0,HE3,MET,21.0,102.844,13.132,-10.438,0.09,1.32,7.04
ATOM,274.0,N,GLY,22.0,105.997,8.652,-6.892,-0.47,1.85,0.0
ATOM,275.0,CA,GLY,22.0,107.331,8.078,-6.893,-0.02,2.175,4.98
ATOM,276.0,C,GLY,22.0,107.355,6.749,-7.62,0.51,2.0,2.07
ATOM,277.0,O,GLY,22.0,108.232,6.505,-8.453,-0.51,1.7,5.74
ATOM,278.0,H,GLY,22.0,105.441,8.818,-6.034,0.31,0.2245,0.0
ATOM,279.0,HA2,GLY,22.0,107.972,8.716,-7.341,0.09,1.32,0.0
ATOM,280.0,HA3,GLY,22.0,107.641,7.945,-5.942,0.09,1.32,6.44
ATOM,281.0,N,GLU,23.0,106.374,5.898,-7.318,-0.47,1.85,1.78
ATOM,282.0,CA,GLU,23.0,106.267,4.586,-7.945,0.07,2.275,2.53
ATOM,283.0,C,GLU,23.0,105.883,4.726,-9.407,0.51,2.0,0.0
ATOM,284.0,O,GLU,23.0,106.395,3.997,-10.257,-0.51,1.7,0.37
ATOM,285.0,CB,GLU,23.0,105.232,3.717,-7.227,-0.18,2.175,2.2
ATOM,286.0,CG,GLU,23.0,105.092,2.312,-7.816,-0.28,2.175,7.39
ATOM,287.0,CD,GLU,23.0,104.013,1.483,-7.138,0.62,2.0,2.0
ATOM,288.0,OE1,GLU,23.0,102.921,2.031,-6.875,-0.76,1.7,13.48
ATOM,289.0,OE2,GLU,23.0,104.254,0.281,-6.875,-0.76,1.7,29.78
ATOM,290.0,H,GLU,23.0,105.702,6.249,-6.605,0.31,0.2245,0.0
ATOM,291.0,HA,GLU,23.0,107.147,4.104,-7.872,0.09,1.32,2.88
ATOM,292.0,HB2,GLU,23.0,105.518,3.617,-6.293,0.09,1.32,7.26
ATOM,293.0,HB3,GLU,23.0,104.359,4.158,-7.307,0.09,1.32,0.0
ATOM,294.0,HG2,GLU,23.0,104.847,2.402,-8.764,0.09,1.32,0.0
ATOM,295.0,HG3,GLU,23.0,105.948,1.843,-7.696,0.09,1.32,8.58
ATOM,296.0,N,PHE,24.0,104.985,5.662,-9.699,-0.47,1.85,0.0
ATOM,297.0,CA,PHE,24.0,104.551,5.884,-11.072,0.07,2.275,0.0
ATOM,298.0,C,PHE,24.0,105.724,6.229,-11.985,0.51,2.0,0.0
ATOM,299.0,O,PHE,24.0,105.786,5.753,-13.116,-0.51,1.7,0.0
ATOM,300.0,CB,PHE,24.0,103.499,6.988,-11.144,-0.18,2.175,0.99
ATOM,301.0,CG,PHE,24.0,103.004,7.256,-12.539,0.0,1.9924,0.0
ATOM,302.0,CD1,PHE,24.0,102.188,6.338,-13.188,-0.115,1.9924,0.0
ATOM,303.0,CD2,PHE,24.0,103.366,8.419,-13.21,-0.115,1.9924,0.39
ATOM,304.0,CE1,PHE,24.0,101.737,6.571,-14.484,-0.115,1.9924,0.0
ATOM,305.0,CE2,PHE,24.0,102.92,8.658,-14.507,-0.115,1.9924,4.2
ATOM,306.0,CZ,PHE,24.0,102.105,7.733,-15.144,-0.115,1.9924,1.26
ATOM,307.0,H,PHE,24.0,104.633,6.201,-8.89,0.31,0.2245,0.0
ATOM,308.0,HA,PHE,24.0,104.171,5.011,-11.406,0.09,1.32,0.0
ATOM,309.0,HB2,PHE,24.0,102.727,6.709,-10.595,0.09,1.32,1.27
ATOM,310.0,HB3,PHE,24.0,103.907,7.819,-10.8,0.09,1.32,0.0
ATOM,311.0,HD1,PHE,24.0,101.917,5.499,-12.723,0.115,1.3582,0.0
ATOM,312.0,HD2,PHE,24.0,103.951,9.09,-12.758,0.115,1.3582,0.36
ATOM,313.0,HE1,PHE,24.0,101.147,5.891,-14.933,0.115,1.3582,0.0
ATOM,314.0,HE2,PHE,24.0,103.196,9.51,-14.981,0.115,1.3582,17.22
ATOM,315.0,HZ,PHE,24.0,101.783,7.901,-16.074,0.115,1.3582,7.88
ATOM,316.0,N,ARG,25.0,106.646,7.056,-11.494,-0.47,1.85,0.0
ATOM,317.0,CA,ARG,25.0,107.822,7.46,-12.27,0.07,2.275,0.55
ATOM,318.0,C,ARG,25.0,108.839,6.329,-12.383,0.51,2.0,0.07
ATOM,319.0,O,ARG,25.0,109.615,6.273,-13.332,-0.51,1.7,20.48
ATOM,320.0,CB,ARG,25.0,108.507,8.663,-11.628,-0.18,2.175,5.46
ATOM,321.0,CG,ARG,25.0,107.634,9.887,-11.441,-0.18,2.175,2.29
ATOM,322.0,CD,ARG,25.0,108.435,10.99,-10.763,0.2,2.175,18.36
ATOM,323.0,NE,ARG,25.0,109.194,10.482,-9.62,-0.7,1.85,4.69
ATOM,324.0,CZ,ARG,25.0,109.039,10.903,-8.369,0.64,2.0,1.88
ATOM,325.0,NH1,ARG,25.0,108.149,11.848,-8.085,-0.8,1.85,13.61
ATOM,326.0,NH2,ARG,25.0,109.774,10.377,-7.398,-0.8,1.85,17.09
ATOM,327.0,H,ARG,25.0,106.462,7.386,-10.525,0.31,0.2245,0.0
ATOM,328.0,HA,ARG,25.0,107.522,7.718,-13.198,0.09,1.32,0.21
ATOM,329.0,HB2,ARG,25.0,108.847,8.384,-10.727,0.09,1.32,0.21
ATOM,330.0,HB3,ARG,25.0,109.285,8.923,-12.204,0.09,1.32,8.71
ATOM,331.0,HG2,ARG,25.0,107.332,10.221,-12.322,0.09,1.32,8.46
ATOM,332.0,HG3,ARG,25.0,106.865,9.664,-10.86,0.09,1.32,0.0
ATOM,333.0,HD2,ARG,25.0,109.064,11.371,-11.432,0.09,1.32,10.98
ATOM,334.0,HD3,ARG,25.0,107.797,11.687,-10.451,0.09,1.32,1.03
ATOM,335.0,HE,ARG,25.0,109.88,9.765,-9.794,0.44,0.2245,7.03
ATOM,336.0,HH11,ARG,25.0,107.572,12.24,-8.796,0.46,0.2245,3.23
ATOM,337.0,HH12,ARG,25.0,108.055,12.172,-7.137,0.46,0.2245,11.49
ATOM,338.0,HH21,ARG,25.0,110.43,9.649,-7.611,0.46,0.2245,14.92
ATOM,339.0,HH22,ARG,25.0,109.675,10.702,-6.46,0.46,0.2245,15.05
ATOM,340.0,N,ALA,26.0,108.878,5.472,-11.373,-0.47,1.85,0.25
ATOM,341.0,CA,ALA,26.0,109.796,4.344,-11.367,0.07,2.275,3.53
ATOM,342.0,C,ALA,26.0,109.432,3.349,-12.463,0.51,2.0,0.1
ATOM,343.0,O,ALA,26.0,110.294,2.632,-12.976,-0.51,1.7,18.09
ATOM,344.0,CB,ALA,26.0,109.77,3.656,-10.01,-0.27,2.06,27.55
ATOM,345.0,H,ALA,26.0,108.21,5.672,-10.603,0.31,0.2245,0.0
ATOM,346.0,HA,ALA,26.0,110.729,4.681,-11.538,0.09,1.32,10.18
ATOM,347.0,HB1,ALA,26.0,109.296,2.779,-10.089,0.09,1.32,6.67
ATOM,348.0,HB2,ALA,26.0,110.706,3.501,-9.696,0.09,1.32,11.75
ATOM,349.0,HB3,ALA,26.0,109.29,4.235,-9.351,0.09,1.32,0.0
ATOM,350.0,N,ASP,27.0,108.154,3.306,-12.822,-0.47,1.85,0.01
ATOM,351.0,CA,ASP,27.0,107.687,2.386,-13.843,0.07,2.275,2.19
ATOM,352.0,C,ASP,27.0,108.348,2.654,-15.195,0.51,2.0,0.0
ATOM,353.0,O,ASP,27.0,108.236,3.74,-15.752,-0.51,1.7,5.39
ATOM,354.0,CB,ASP,27.0,106.165,2.465,-13.967,-0.28,2.175,0.19
ATOM,355.0,CG,ASP,27.0,105.541,1.137,-14.358,0.62,2.0,1.14
ATOM,356.0,OD1,ASP,27.0,105.984,0.524,-15.349,-0.76,1.7,1.19
ATOM,357.0,OD2,ASP,27.0,104.605,0.696,-13.664,-0.76,1.7,6.21
ATOM,358.0,H,ASP,27.0,107.537,3.972,-12.32,0.31,0.2245,0.0
ATOM,359.0,HA,ASP,27.0,107.964,1.456,-13.562,0.09,1.32,2.51
ATOM,360.0,HB2,ASP,27.0,105.798,2.742,-13.087,0.09,1.32,0.0
ATOM,361.0,HB3,ASP,27.0,105.947,3.137,-14.664,0.09,1.32,0.0
ATOM,362.0,N,PRO,28.0,109.057,1.65,-15.732,-0.29,1.85,0.0
ATOM,363.0,CA,PRO,28.0,109.751,1.737,-17.019,0.02,2.275,3.16
ATOM,364.0,C,PRO,28.0,108.816,1.553,-18.209,0.51,2.0,0.39
ATOM,365.0,O,PRO,28.0,109.197,1.795,-19.356,-0.51,1.7,22.17
ATOM,366.0,CB,PRO,28.0,110.736,0.577,-16.93,-0.18,2.175,20.8
ATOM,367.0,CG,PRO,28.0,109.953,-0.45,-16.195,-0.18,2.175,21.12
ATOM,368.0,CD,PRO,28.0,109.34,0.358,-15.078,0.0,2.175,11.08
ATOM,369.0,HA,PRO,28.0,110.254,2.616,-17.093,0.09,1.32,10.66
ATOM,370.0,HB2,PRO,28.0,110.988,0.256,-17.839,0.09,1.32,8.8
ATOM,371.0,HB3,PRO,28.0,111.551,0.842,-16.423,0.09,1.32,10.15
ATOM,372.0,HG2,PRO,28.0,109.249,-0.844,-16.774,0.09,1.32,1.45
ATOM,373.0,HG3,PRO,28.0,110.546,-1.159,-15.834,0.09,1.32,11.41
ATOM,374.0,HD2,PRO,28.0,108.498,-0.059,-14.746,0.09,1.32,3.0
ATOM,375.0,HD3,PRO,28.0,109.98,0.48,-14.322,0.09,1.32,4.23
ATOM,376.0,N,ARG,29.0,107.601,1.09,-17.928,-0.47,1.85,0.0
ATOM,377.0,CA,ARG,29.0,106.605,0.844,-18.962,0.07,2.275,0.2
ATOM,378.0,C,ARG,29.0,106.194,2.067,-19.763,0.51,2.0,0.0
ATOM,379.0,O,ARG,29.0,105.817,3.103,-19.216,-0.51,1.7,2.76
ATOM,380.0,CB,ARG,29.0,105.371,0.167,-18.372,-0.18,2.175,0.74
ATOM,381.0,CG,ARG,29.0,105.612,-1.266,-17.947,-0.18,2.175,10.74
ATOM,382.0,CD,ARG,29.0,104.333,-1.913,-17.489,0.2,2.175,13.09
ATOM,383.0,NE,ARG,29.0,103.801,-1.263,-16.295,-0.7,1.85,0.25
ATOM,384.0,CZ,ARG,29.0,103.099,-1.891,-15.361,0.64,2.0,1.65
ATOM,385.0,NH1,ARG,29.0,102.83,-3.181,-15.489,-0.8,1.85,8.59
ATOM,386.0,NH2,ARG,29.0,102.657,-1.224,-14.307,-0.8,1.85,3.71
ATOM,387.0,H,ARG,29.0,107.427,0.921,-16.914,0.31,0.2245,0.0
ATOM,388.0,HA,ARG,29.0,106.979,0.144,-19.61,0.09,1.32,4.99
ATOM,389.0,HB2,ARG,29.0,105.084,0.685,-17.573,0.09,1.32,0.0
ATOM,390.0,HB3,ARG,29.0,104.654,0.17,-19.061,0.09,1.32,2.93
ATOM,391.0,HG2,ARG,29.0,105.971,-1.785,-18.718,0.09,1.32,9.82
ATOM,392.0,HG3,ARG,29.0,106.262,-1.283,-17.192,0.09,1.32,1.17
ATOM,393.0,HD2,ARG,29.0,103.663,-1.845,-18.223,0.09,1.32,8.86
ATOM,394.0,HD3,ARG,29.0,104.52,-2.87,-17.284,0.09,1.32,5.69
ATOM,395.0,HE,ARG,29.0,103.978,-0.281,-16.175,0.44,0.2245,0.0
ATOM,396.0,HH11,ARG,29.0,103.161,-3.706,-16.268,0.46,0.2245,8.37
ATOM,397.0,HH12,ARG,29.0,102.278,-3.646,-14.783,0.46,0.2245,0.0
ATOM,398.0,HH21,ARG,29.0,102.871,-0.249,-14.208,0.46,0.2245,0.0
ATOM,399.0,HH22,ARG,29.0,102.112,-1.686,-13.609,0.46,0.2245,0.25
ATOM,400.0,N,GLN,30.0,106.231,1.893,-21.075,-0.47,1.85,0.03
ATOM,401.0,CA,GLN,30.0,105.89,2.926,-22.032,0.07,2.275,1.84
ATOM,402.0,C,GLN,30.0,104.477,3.48,-21.831,0.51,2.0,0.71
ATOM,403.0,O,GLN,30.0,104.305,4.628,-21.421,-0.51,1.7,21.02
ATOM,404.0,CB,GLN,30.0,106.041,2.367,-23.454,-0.18,2.175,6.32
ATOM,405.0,CG,GLN,30.0,107.451,1.854,-23.772,-0.18,2.175,12.57
ATOM,406.0,CD,GLN,30.0,107.475,0.828,-24.903,0.55,2.0,3.28
ATOM,407.0,H,GLN,30.0,106.534,0.925,-21.367,0.31,0.2245,4.1
ATOM,408.0,HA,GLN,30.0,106.537,3.697,-21.91,0.09,1.32,9.87
ATOM,409.0,HB2,GLN,30.0,105.404,1.606,-23.57,0.09,1.32,4.34
ATOM,410.0,HB3,GLN,30.0,105.822,3.09,-24.109,0.09,1.32,11.23
ATOM,411.0,HG2,GLN,30.0,108.019,2.632,-24.038,0.09,1.32,11.79
ATOM,412.0,HG3,GLN,30.0,107.827,1.429,-22.949,0.09,1.32,0.06
ATOM,413.0,OE1,GLN,30.0,106.775,0.975,-25.911,-0.55,1.7,38.31
ATOM,414.0,NE2,GLN,30.0,108.284,-0.216,-24.738,-0.62,1.85,28.17
ATOM,415.0,HE21,GLN,30.0,108.341,-0.943,-25.441,0.32,0.2245,21.79
ATOM,416.0,HE22,GLN,30.0,108.846,-0.27,-23.891,0.3,0.2245,16.67
ATOM,417.0,N,GLY,31.0,103.473,2.644,-22.079,-0.47,1.85,0.95
ATOM,418.0,CA,GLY,31.0,102.096,3.086,-21.96,-0.02,2.175,19.79
ATOM,419.0,C,GLY,31.0,101.436,3.023,-20.598,0.51,2.0,1.3
ATOM,420.0,O,GLY,31.0,100.288,2.585,-20.503,-0.51,1.7,11.04
ATOM,421.0,H,GLY,31.0,103.754,1.689,-22.353,0.31,0.2245,8.76
ATOM,422.0,HA2,GLY,31.0,102.03,4.062,-22.316,0.09,1.32,9.78
ATOM,423.0,HA3,GLY,31.0,101.516,2.546,-22.635,0.09,1.32,12.6
ATOM,424.0,N,LYS,32.0,102.139,3.438,-19.548,-0.47,1.85,0.0
ATOM,425.0,CA,LYS,32.0,101.561,3.435,-18.203,0.07,2.275,0.19
ATOM,426.0,C,LYS,32.0,100.581,4.615,-18.109,0.51,2.0,0.0
ATOM,427.0,O,LYS,32.0,100.773,5.643,-18.766,-0.51,1.7,15.34
ATOM,428.0,CB,LYS,32.0,102.658,3.578,-17.142,-0.18,2.175,0.0
ATOM,429.0,CG,LYS,32.0,103.4,4.881,-17.25,-0.18,2.175,1.72
ATOM,430.0,CD,LYS,32.0,104.495,5.05,-16.223,-0.18,2.175,0.0
ATOM,431.0,CE,LYS,32.0,105.254,6.34,-16.531,0.21,2.175,12.78
ATOM,432.0,NZ,LYS,32.0,106.276,6.687,-15.518,-0.3,1.85,2.57
ATOM,433.0,H,LYS,32.0,103.1,3.753,-19.757,0.31,0.2245,0.0
ATOM,434.0,HA,LYS,32.0,101.055,2.591,-18.066,0.09,1.32,0.0
ATOM,435.0,HB2,LYS,32.0,102.228,3.525,-16.248,0.09,1.32,0.0
ATOM,436.0,HB3,LYS,32.0,103.3,2.829,-17.264,0.09,1.32,0.0
ATOM,437.0,HG2,LYS,32.0,103.81,4.953,-18.174,0.09,1.32,0.0
ATOM,438.0,HG3,LYS,32.0,102.743,5.646,-17.151,0.09,1.32,0.0
ATOM,439.0,HD2,LYS,32.0,104.096,5.13,-15.328,0.09,1.32,0.0
ATOM,440.0,HD3,LYS,32.0,105.124,4.297,-16.286,0.09,1.32,0.0
ATOM,441.0,HE2,LYS,32.0,105.699,6.241,-17.434,0.05,1.32,7.11
ATOM,442.0,HE3,LYS,32.0,104.584,7.096,-16.602,0.05,1.32,2.02
ATOM,443.0,HZ1,LYS,32.0,106.405,7.679,-15.498,0.33,0.2245,10.48
ATOM,444.0,HZ2,LYS,32.0,105.975,6.373,-14.616,0.33,0.2245,0.0
ATOM,445.0,HZ3,LYS,32.0,107.143,6.245,-15.751,0.33,0.2245,4.5
ATOM,446.0,N,ILE,33.0,99.546,4.478,-17.285,-0.47,1.85,0.0
ATOM,447.0,CA,ILE,33.0,98.548,5.535,-17.134,0.07,2.275,0.0
ATOM,448.0,C,ILE,33.0,98.407,5.96,-15.672,0.51,2.0,0.0
ATOM,449.0,O,ILE,33.0,98.631,5.155,-14.762,-0.51,1.7,0.0
ATOM,450.0,CB,ILE,33.0,97.167,5.063,-17.679,-0.09,2.275,0.0
ATOM,451.0,CG1,ILE,33.0,97.312,4.592,-19.125,-0.18,2.175,2.87
ATOM,452.0,CG2,ILE,33.0,96.144,6.187,-17.613,-0.27,2.06,0.46
ATOM,453.0,CD1,ILE,33.0,96.06,3.974,-19.696,-0.27,2.06,0.45
ATOM,454.0,H,ILE,33.0,99.51,3.579,-16.772,0.31,0.2245,0.0
ATOM,455.0,HA,ILE,33.0,98.904,6.333,-17.63,0.09,1.32,2.75
ATOM,456.0,HB,ILE,33.0,96.876,4.294,-17.127,0.09,1.32,0.0
ATOM,457.0,HG12,ILE,33.0,97.575,5.376,-19.687,0.09,1.32,4.39
ATOM,458.0,HG13,ILE,33.0,98.05,3.916,-19.161,0.09,1.32,0.0
ATOM,459.0,HG21,ILE,33.0,95.262,5.856,-17.945,0.09,1.32,0.0
ATOM,460.0,HG22,ILE,33.0,96.048,6.496,-16.668,0.09,1.32,0.0
ATOM,461.0,HG23,ILE,33.0,96.448,6.949,-18.182,0.09,1.32,4.72
ATOM,462.0,HD11,ILE,33.0,95.318,4.644,-19.677,0.09,1.32,0.0
ATOM,463.0,HD12,ILE,33.0,96.228,3.691,-20.64,0.09,1.32,0.11
ATOM,464.0,HD13,ILE,33.0,95.803,3.177,-19.15,0.09,1.32,0.0
ATOM,465.0,N,ASP,34.0,98.066,7.229,-15.45,-0.47,1.85,0.0
ATOM,466.0,CA,ASP,34.0,97.882,7.75,-14.098,0.07,2.275,0.0
ATOM,467.0,C,ASP,34.0,96.494,8.364,-13.928,0.51,2.0,0.0
ATOM,468.0,O,ASP,34.0,96.176,9.38,-14.552,-0.51,1.7,5.89
ATOM,469.0,CB,ASP,34.0,98.938,8.806,-13.767,-0.28,2.175,3.41
ATOM,470.0,CG,ASP,34.0,98.927,9.209,-12.295,0.62,2.0,0.03
ATOM,471.0,OD1,ASP,34.0,98.382,8.459,-11.456,-0.76,1.7,6.53
ATOM,472.0,OD2,ASP,34.0,99.491,10.268,-11.963,-0.76,1.7,4.76
ATOM,473.0,H,ASP,34.0,97.945,7.803,-16.306,0.31,0.2245,6.5
ATOM,474.0,HA,ASP,34.0,97.937,6.967,-13.467,0.09,1.32,0.0
ATOM,475.0,HB2,ASP,34.0,99.83,8.43,-13.984,0.09,1.32,0.0
ATOM,476.0,HB3,ASP,34.0,98.754,9.611,-14.316,0.09,1.32,6.12
ATOM,477.0,N,LEU,35.0,95.669,7.741,-13.091,-0.47,1.85,0.0
ATOM,478.0,CA,LEU,35.0,94.32,8.239,-12.819,0.07,2.275,0.0
ATOM,479.0,C,LEU,35.0,94.211,8.692,-11.372,0.51,2.0,0.0
ATOM,480.0,O,LEU,35.0,93.131,9.027,-10.902,-0.51,1.7,0.0
ATOM,481.0,CB,LEU,35.0,93.262,7.162,-13.089,-0.18,2.175,0.0
ATOM,482.0,CG,LEU,35.0,92.714,6.921,-14.499,-0.09,2.275,0.0
ATOM,483.0,CD1,LEU,35.0,93.271,7.911,-15.508,-0.27,2.06,0.0
ATOM,484.0,CD2,LEU,35.0,93.011,5.501,-14.912,-0.27,2.06,0.0
ATOM,485.0,H,LEU,35.0,96.059,6.883,-12.653,0.31,0.2245,0.0
ATOM,486.0,HA,LEU,35.0,94.145,9.027,-13.415,0.09,1.32,0.0
ATOM,487.0,HB2,LEU,35.0,93.645,6.275,-12.767,0.09,1.32,0.0
ATOM,488.0,HB3,LEU,35.0,92.463,7.367,-12.493,0.09,1.32,0.0
ATOM,489.0,HG,LEU,35.0,91.711,6.999,-14.474,0.09,1.32,0.0
ATOM,490.0,HD11,LEU,35.0,94.268,7.828,-15.545,0.09,1.32,0.0
ATOM,491.0,HD12,LEU,35.0,92.889,7.719,-16.413,0.09,1.32,0.0
ATOM,492.0,HD13,LEU,35.0,93.026,8.842,-15.235,0.09,1.32,0.0
ATOM,493.0,HD21,LEU,35.0,92.577,4.862,-14.273,0.09,1.32,0.0
ATOM,494.0,HD22,LEU,35.0,92.656,5.333,-15.835,0.09,1.32,0.01
ATOM,495.0,HD23,LEU,35.0,94.002,5.345,-14.909,0.09,1.32,0.0
ATOM,496.0,N,GLY,36.0,95.341,8.698,-10.673,-0.47,1.85,0.0
ATOM,497.0,CA,GLY,36.0,95.359,9.099,-9.278,-0.02,2.175,1.38
ATOM,498.0,C,GLY,36.0,95.51,10.589,-9.052,0.51,2.0,1.8
ATOM,499.0,O,GLY,36.0,95.296,11.068,-7.942,-0.51,1.7,8.35
ATOM,500.0,H,GLY,36.0,96.182,8.399,-11.199,0.31,0.2245,0.0
ATOM,501.0,HA2,GLY,36.0,94.498,8.778,-8.826,0.09,1.32,0.0
ATOM,502.0,HA3,GLY,36.0,96.121,8.61,-8.799,0.09,1.32,4.63
ATOM,503.0,N,VAL,37.0,95.906,11.318,-10.089,-0.47,1.85,0.57
ATOM,504.0,CA,VAL,37.0,96.086,12.765,-9.988,0.07,2.275,0.62
ATOM,505.0,C,VAL,37.0,94.839,13.44,-9.411,0.51,2.0,0.0
ATOM,506.0,O,VAL,37.0,93.721,13.121,-9.798,-0.51,1.7,0.0
ATOM,507.0,CB,VAL,37.0,96.426,13.38,-11.358,-0.09,2.275,0.39
ATOM,508.0,CG1,VAL,37.0,97.841,13.036,-11.729,-0.27,2.06,7.52
ATOM,509.0,CG2,VAL,37.0,95.478,12.872,-12.421,-0.27,2.06,1.52
ATOM,510.0,H,VAL,37.0,96.074,10.782,-10.962,0.31,0.2245,0.0
ATOM,511.0,HA,VAL,37.0,96.852,12.943,-9.359,0.09,1.32,6.57
ATOM,512.0,HB,VAL,37.0,96.373,14.368,-11.263,0.09,1.32,0.0
ATOM,513.0,HG11,VAL,37.0,98.428,13.844,-11.631,0.09,1.32,6.07
ATOM,514.0,HG12,VAL,37.0,98.186,12.309,-11.131,0.09,1.32,1.27
ATOM,515.0,HG13,VAL,37.0,97.88,12.72,-12.68,0.09,1.32,2.77
ATOM,516.0,HG21,VAL,37.0,95.358,13.573,-13.126,0.09,1.32,0.22
ATOM,517.0,HG22,VAL,37.0,95.855,12.043,-12.838,0.09,1.32,0.0
ATOM,518.0,HG23,VAL,37.0,94.591,12.662,-12.006,0.09,1.32,0.0
ATOM,519.0,N,GLY,38.0,95.039,14.368,-8.482,-0.47,1.85,0.96
ATOM,520.0,CA,GLY,38.0,93.921,15.046,-7.853,-0.02,2.175,4.25
ATOM,521.0,C,GLY,38.0,93.445,16.332,-8.498,0.51,2.0,0.04
ATOM,522.0,O,GLY,38.0,92.483,16.935,-8.025,-0.51,1.7,5.69
ATOM,523.0,H,GLY,38.0,96.031,14.556,-8.256,0.31,0.2245,13.73
ATOM,524.0,HA2,GLY,38.0,93.124,14.389,-7.794,0.09,1.32,0.0
ATOM,525.0,HA3,GLY,38.0,94.162,15.239,-6.865,0.09,1.32,11.58
ATOM,526.0,N,VAL,39.0,94.092,16.757,-9.575,-0.47,1.85,0.0
ATOM,527.0,CA,VAL,39.0,93.698,17.991,-10.246,0.07,2.275,0.0
ATOM,528.0,C,VAL,39.0,93.187,17.74,-11.644,0.51,2.0,0.0
ATOM,529.0,O,VAL,39.0,93.372,16.653,-12.2,-0.51,1.7,0.16
ATOM,530.0,CB,VAL,39.0,94.86,18.984,-10.338,-0.09,2.275,0.0
ATOM,531.0,CG1,VAL,39.0,95.311,19.387,-8.931,-0.27,2.06,22.11
ATOM,532.0,CG2,VAL,39.0,96.004,18.379,-11.142,-0.27,2.06,8.35
ATOM,533.0,H,VAL,39.0,94.873,16.158,-9.887,0.31,0.2245,0.0
ATOM,534.0,HA,VAL,39.0,92.951,18.413,-9.707,0.09,1.32,0.0
ATOM,535.0,HB,VAL,39.0,94.527,19.809,-10.777,0.09,1.32,0.0
ATOM,536.0,HG11,VAL,39.0,94.656,20.037,-8.549,0.09,1.32,0.04
ATOM,537.0,HG12,VAL,39.0,95.354,18.574,-8.353,0.09,1.32,3.1
ATOM,538.0,HG13,VAL,39.0,96.214,19.811,-8.983,0.09,1.32,9.14
ATOM,539.0,HG21,VAL,39.0,95.96,18.716,-12.082,0.09,1.32,0.0
ATOM,540.0,HG22,VAL,39.0,96.874,18.646,-10.729,0.09,1.32,8.29
ATOM,541.0,HG23,VAL,39.0,95.919,17.383,-11.137,0.09,1.32,0.0
ATOM,542.0,N,TYR,40.0,92.542,18.753,-12.212,-0.47,1.85,0.0
ATOM,543.0,CA,TYR,40.0,92.012,18.645,-13.559,0.07,2.275,0.0
ATOM,544.0,C,TYR,40.0,93.139,18.732,-14.582,0.51,2.0,0.0
ATOM,545.0,O,TYR,40.0,94.077,19.518,-14.425,-0.51,1.7,0.0
ATOM,546.0,CB,TYR,40.0,90.997,19.756,-13.846,-0.18,2.175,1.34
ATOM,547.0,CG,TYR,40.0,90.557,19.77,-15.292,0.0,1.9924,0.01
ATOM,548.0,CD1,TYR,40.0,89.605,18.868,-15.757,-0.115,1.9924,0.0
ATOM,549.0,CD2,TYR,40.0,91.149,20.635,-16.211,-0.115,1.9924,5.94
ATOM,550.0,CE1,TYR,40.0,89.257,18.826,-17.095,-0.115,1.9924,0.28
ATOM,551.0,CE2,TYR,40.0,90.81,20.597,-17.551,-0.115,1.9924,1.44
ATOM,552.0,CZ,TYR,40.0,89.864,19.688,-17.988,0.11,1.9924,0.0
ATOM,553.0,OH,TYR,40.0,89.521,19.65,-19.324,-0.54,1.77,9.17
ATOM,554.0,H,TYR,40.0,92.455,19.601,-11.623,0.31,0.2245,0.0
ATOM,555.0,HA,TYR,40.0,91.571,17.747,-13.658,0.09,1.32,0.0
ATOM,556.0,HB2,TYR,40.0,90.201,19.605,-13.278,0.09,1.32,0.0
ATOM,557.0,HB3,TYR,40.0,91.422,20.626,-13.641,0.09,1.32,0.75
ATOM,558.0,HD1,TYR,40.0,89.165,18.239,-15.113,0.115,1.3582,0.0
ATOM,559.0,HD2,TYR,40.0,91.83,21.294,-15.892,0.115,1.3582,3.37
ATOM,560.0,HE1,TYR,40.0,88.566,18.173,-17.416,0.115,1.3582,0.42
ATOM,561.0,HE2,TYR,40.0,91.245,21.221,-18.2,0.115,1.3582,2.15
ATOM,562.0,HH,TYR,40.0,88.842,18.933,-19.466,0.43,0.2245,12.35
ATOM,563.0,N,LYS,41.0,93.024,17.942,-15.64,-0.47,1.85,0.0
ATOM,564.0,CA,LYS,41.0,94.001,17.938,-16.716,0.07,2.275,0.0
ATOM,565.0,C,LYS,41.0,93.224,17.82,-18.015,0.51,2.0,0.0
ATOM,566.0,O,LYS,41.0,92.26,17.054,-18.102,-0.51,1.7,1.68
ATOM,567.0,CB,LYS,41.0,94.972,16.772,-16.563,-0.18,2.175,1.34
ATOM,568.0,CG,LYS,41.0,95.906,16.928,-15.387,-0.18,2.175,0.0
ATOM,569.0,CD,LYS,41.0,96.991,15.873,-15.393,-0.18,2.175,10.55
ATOM,570.0,CE,LYS,41.0,98.109,16.248,-14.423,0.21,2.175,7.22
ATOM,571.0,NZ,LYS,41.0,98.693,17.588,-14.743,-0.3,1.85,7.08
ATOM,572.0,H,LYS,41.0,92.179,17.329,-15.633,0.31,0.2245,0.0
ATOM,573.0,HA,LYS,41.0,94.496,18.798,-16.713,0.09,1.32,0.0
ATOM,574.0,HB2,LYS,41.0,94.441,15.939,-16.438,0.09,1.32,0.37
ATOM,575.0,HB3,LYS,41.0,95.516,16.709,-17.396,0.09,1.32,0.0
ATOM,576.0,HG2,LYS,41.0,96.335,17.834,-15.425,0.09,1.32,0.0
ATOM,577.0,HG3,LYS,41.0,95.382,16.849,-14.536,0.09,1.32,0.0
ATOM,578.0,HD2,LYS,41.0,96.605,15.006,-15.106,0.09,1.32,1.03
ATOM,579.0,HD3,LYS,41.0,97.377,15.805,-16.303,0.09,1.32,0.08
ATOM,580.0,HE2,LYS,41.0,97.738,16.266,-13.493,0.05,1.32,0.0
ATOM,581.0,HE3,LYS,41.0,98.831,15.555,-14.476,0.05,1.32,9.13
ATOM,582.0,HZ1,LYS,41.0,98.755,17.69,-15.734,0.33,0.2245,0.12
ATOM,583.0,HZ2,LYS,41.0,98.104,18.3,-14.366,0.33,0.2245,0.16
ATOM,584.0,HZ3,LYS,41.0,99.604,17.653,-14.339,0.33,0.2245,20.52
ATOM,585.0,N,ASP,42.0,93.578,18.649,-18.99,-0.47,1.85,0.0
ATOM,586.0,CA,ASP,42.0,92.908,18.632,-20.282,0.07,2.275,0.78
ATOM,587.0,C,ASP,42.0,93.474,17.539,-21.192,0.51,2.0,1.43
ATOM,588.0,O,ASP,42.0,94.285,16.728,-20.763,-0.51,1.7,4.09
ATOM,589.0,CB,ASP,42.0,92.988,20.017,-20.947,-0.28,2.175,6.83
ATOM,590.0,CG,ASP,42.0,94.392,20.382,-21.422,0.62,2.0,0.0
ATOM,591.0,OD1,ASP,42.0,95.375,19.679,-21.101,-0.76,1.7,0.0
ATOM,592.0,OD2,ASP,42.0,94.508,21.397,-22.132,-0.76,1.7,23.16
ATOM,593.0,H,ASP,42.0,94.356,19.294,-18.755,0.31,0.2245,0.0
ATOM,594.0,HA,ASP,42.0,91.94,18.401,-20.117,0.09,1.32,1.32
ATOM,595.0,HB2,ASP,42.0,92.378,20.014,-21.733,0.09,1.32,6.14
ATOM,596.0,HB3,ASP,42.0,92.692,20.693,-20.282,0.09,1.32,0.0
ATOM,597.0,N,ALA,43.0,93.097,17.579,-22.465,-0.47,1.85,3.61
ATOM,598.0,CA,ALA,43.0,93.537,16.592,-23.448,0.07,2.275,2.95
ATOM,599.0,C,ALA,43.0,95.045,16.388,-23.529,0.51,2.0,0.3
ATOM,600.0,O,ALA,43.0,95.515,15.257,-23.655,-0.51,1.7,24.1
ATOM,601.0,CB,ALA,43.0,92.995,16.956,-24.823,-0.27,2.06,37.49
ATOM,602.0,H,ALA,43.0,92.461,18.373,-22.703,0.31,0.2245,4.24
ATOM,603.0,HA,ALA,43.0,93.103,15.693,-23.218,0.09,1.32,6.69
ATOM,604.0,HB1,ALA,43.0,93.719,16.857,-25.505,0.09,1.32,6.92
ATOM,605.0,HB2,ALA,43.0,92.235,16.349,-25.054,0.09,1.32,11.6
ATOM,606.0,HB3,ALA,43.0,92.673,17.902,-24.816,0.09,1.32,7.68
ATOM,607.0,N,THR,44.0,95.792,17.485,-23.462,-0.47,1.85,0.0
ATOM,608.0,CA,THR,44.0,97.253,17.451,-23.552,0.07,2.275,1.54
ATOM,609.0,C,THR,44.0,97.958,16.934,-22.298,0.51,2.0,1.19
ATOM,610.0,O,THR,44.0,99.183,16.785,-22.291,-0.51,1.7,19.97
ATOM,611.0,CB,THR,44.0,97.815,18.858,-23.894,0.14,2.275,1.79
ATOM,612.0,OG1,THR,44.0,97.449,19.8,-22.872,-0.66,1.77,0.44
ATOM,613.0,CG2,THR,44.0,97.253,19.347,-25.23,-0.27,2.06,34.31
ATOM,614.0,H,THR,44.0,95.252,18.37,-23.34,0.31,0.2245,0.0
ATOM,615.0,HA,THR,44.0,97.509,16.843,-24.332,0.09,1.32,8.98
ATOM,616.0,HB,THR,44.0,98.834,18.801,-23.926,0.09,1.32,2.25
ATOM,617.0,HG21,THR,44.0,96.262,19.206,-25.249,0.09,1.32,1.8
ATOM,618.0,HG22,THR,44.0,97.451,20.322,-25.341,0.09,1.32,10.5
ATOM,619.0,HG23,THR,44.0,97.675,18.835,-25.98,0.09,1.32,11.13
ATOM,620.0,HG1,THR,44.0,96.655,19.463,-22.357,0.43,0.2245,0.0
ATOM,621.0,N,GLY,45.0,97.185,16.668,-21.247,-0.47,1.85,0.05
ATOM,622.0,CA,GLY,45.0,97.754,16.194,-20.0,-0.02,2.175,15.37
ATOM,623.0,C,GLY,45.0,98.245,17.359,-19.161,0.51,2.0,0.0
ATOM,624.0,O,GLY,45.0,99.1,17.193,-18.296,-0.51,1.7,13.44
ATOM,625.0,H,GLY,45.0,96.173,16.826,-21.399,0.31,0.2245,0.0
ATOM,626.0,HA2,GLY,45.0,97.058,15.681,-19.484,0.09,1.32,3.72
ATOM,627.0,HA3,GLY,45.0,98.524,15.575,-20.193,0.09,1.32,9.0
ATOM,628.0,N,HIS,46.0,97.686,18.54,-19.402,-0.47,1.85,0.0
ATOM,629.0,CA,HIS,46.0,98.07,19.743,-18.674,0.07,2.275,0.0
ATOM,630.0,C,HIS,46.0,96.949,20.303,-17.795,0.51,2.0,0.0
ATOM,631.0,O,HIS,46.0,95.773,19.981,-17.982,-0.51,1.7,0.0
ATOM,632.0,CB,HIS,46.0,98.486,20.838,-19.655,-0.09,2.175,6.27
ATOM,633.0,CG,HIS,46.0,99.635,20.466,-20.537,-0.05,1.8,0.61
ATOM,634.0,H,HIS,46.0,96.958,18.531,-20.148,0.31,0.2245,0.0
ATOM,635.0,HA,HIS,46.0,98.855,19.516,-18.071,0.09,1.32,1.35
ATOM,636.0,HB2,HIS,46.0,97.699,21.069,-20.242,0.09,1.32,0.21
ATOM,637.0,HB3,HIS,46.0,98.742,21.663,-19.135,0.09,1.32,5.47
ATOM,638.0,ND1,HIS,46.0,99.659,20.761,-21.883,-0.36,1.85,5.58
ATOM,639.0,CD2,HIS,46.0,100.81,19.849,-20.266,0.22,1.8,15.71
ATOM,640.0,CE1,HIS,46.0,100.798,20.346,-22.404,0.25,1.8,18.06
ATOM,641.0,NE2,HIS,46.0,101.515,19.789,-21.445,-0.7,1.85,27.28
ATOM,642.0,HD1,HIS,46.0,98.924,21.22,-22.385,0.32,0.2245,8.03
ATOM,643.0,HD2,HIS,46.0,101.108,19.503,-19.382,0.1,1.468,10.69
ATOM,644.0,HE1,HIS,46.0,101.071,20.435,-23.358,0.13,0.9,15.19
ATOM,645.0,N,THR,47.0,97.33,21.157,-16.851,-0.47,1.85,0.0
ATOM,646.0,CA,THR,47.0,96.402,21.836,-15.951,0.07,2.275,0.0
ATOM,647.0,C,THR,47.0,96.571,23.313,-16.324,0.51,2.0,0.0
ATOM,648.0,O,THR,47.0,97.402,24.025,-15.76,-0.51,1.7,19.22
ATOM,649.0,CB,THR,47.0,96.794,21.609,-14.484,0.14,2.275,4.19
ATOM,650.0,OG1,THR,47.0,96.705,20.21,-14.187,-0.66,1.77,0.52
ATOM,651.0,CG2,THR,47.0,95.886,22.399,-13.545,-0.27,2.06,5.93
ATOM,652.0,H,THR,47.0,98.371,21.305,-16.806,0.31,0.2245,7.76
ATOM,653.0,HA,THR,47.0,95.489,21.565,-16.17,0.09,1.32,0.0
ATOM,654.0,HB,THR,47.0,97.761,21.901,-14.351,0.09,1.32,8.7
ATOM,655.0,HG21,THR,47.0,96.437,22.835,-12.831,0.09,1.32,7.79
ATOM,656.0,HG22,THR,47.0,95.397,23.104,-14.062,0.09,1.32,0.6
ATOM,657.0,HG23,THR,47.0,95.222,21.782,-13.119,0.09,1.32,0.0
ATOM,658.0,HG1,THR,47.0,95.758,19.889,-14.295,0.43,0.2245,0.0
ATOM,659.0,N,PRO,48.0,95.804,23.776,-17.316,-0.29,1.85,0.0
ATOM,660.0,CA,PRO,48.0,95.85,25.155,-17.81,0.02,2.275,0.2
ATOM,661.0,C,PRO,48.0,95.314,26.247,-16.901,0.51,2.0,0.0
ATOM,662.0,O,PRO,48.0,94.62,25.99,-15.927,-0.51,1.7,5.31
ATOM,663.0,CB,PRO,48.0,95.041,25.069,-19.101,-0.18,2.175,15.86
ATOM,664.0,CG,PRO,48.0,93.998,24.046,-18.756,-0.18,2.175,6.91
ATOM,665.0,CD,PRO,48.0,94.791,22.986,-18.042,0.0,2.175,0.33
ATOM,666.0,HA,PRO,48.0,96.817,25.385,-18.111,0.09,1.32,9.12
ATOM,667.0,HB2,PRO,48.0,94.621,25.943,-19.317,0.09,1.32,1.3
ATOM,668.0,HB3,PRO,48.0,95.606,24.758,-19.856,0.09,1.32,6.96
ATOM,669.0,HG2,PRO,48.0,93.307,24.44,-18.16,0.09,1.32,4.51
ATOM,670.0,HG3,PRO,48.0,93.578,23.685,-19.582,0.09,1.32,3.62
ATOM,671.0,HD2,PRO,48.0,94.224,22.472,-17.403,0.09,1.32,0.0
ATOM,672.0,HD3,PRO,48.0,95.229,22.36,-18.684,0.09,1.32,0.0
ATOM,673.0,N,ILE,49.0,95.704,27.476,-17.201,-0.47,1.85,0.0
ATOM,674.0,CA,ILE,49.0,95.229,28.631,-16.463,0.07,2.275,0.11
ATOM,675.0,C,ILE,49.0,94.018,29.021,-17.311,0.51,2.0,0.0
ATOM,676.0,O,ILE,49.0,94.089,28.961,-18.538,-0.51,1.7,12.63
ATOM,677.0,CB,ILE,49.0,96.286,29.791,-16.462,-0.09,2.275,0.22
ATOM,678.0,CG1,ILE,49.0,97.556,29.355,-15.715,-0.18,2.175,10.74
ATOM,679.0,CG2,ILE,49.0,95.706,31.049,-15.84,-0.27,2.06,1.77
ATOM,680.0,CD1,ILE,49.0,98.721,30.339,-15.812,-0.27,2.06,37.21
ATOM,681.0,H,ILE,49.0,96.37,27.539,-17.999,0.31,0.2245,7.36
ATOM,682.0,HA,ILE,49.0,94.876,28.299,-15.622,0.09,1.32,0.0
ATOM,683.0,HB,ILE,49.0,96.525,29.973,-17.405,0.09,1.32,5.79
ATOM,684.0,HG12,ILE,49.0,97.327,29.225,-14.75,0.09,1.32,6.85
ATOM,685.0,HG13,ILE,49.0,97.853,28.476,-16.09,0.09,1.32,4.25
ATOM,686.0,HG21,ILE,49.0,96.378,31.787,-15.888,0.09,1.32,0.0
ATOM,687.0,HG22,ILE,49.0,94.882,31.319,-16.336,0.09,1.32,0.0
ATOM,688.0,HG23,ILE,49.0,95.474,30.874,-14.884,0.09,1.32,1.33
ATOM,689.0,HD11,ILE,49.0,98.439,31.214,-15.426,0.09,1.32,0.99
ATOM,690.0,HD12,ILE,49.0,99.495,29.975,-15.301,0.09,1.32,11.65
ATOM,691.0,HD13,ILE,49.0,98.969,30.454,-16.77,0.09,1.32,9.12
ATOM,692.0,N,MET,50.0,92.895,29.333,-16.674,-0.47,1.85,0.0
ATOM,693.0,CA,MET,50.0,91.694,29.722,-17.407,0.07,2.275,0.0
ATOM,694.0,C,MET,50.0,91.894,31.106,-18.027,0.51,2.0,0.0
ATOM,695.0,O,MET,50.0,92.541,31.974,-17.428,-0.51,1.7,0.0
ATOM,696.0,CB,MET,50.0,90.471,29.703,-16.49,-0.18,2.175,0.0
ATOM,697.0,CG,MET,50.0,90.262,28.355,-15.814,-0.14,2.175,2.53
ATOM,698.0,SD,MET,50.0,88.671,28.154,-14.969,-0.09,2.0,0.0
ATOM,699.0,CE,MET,50.0,87.924,26.86,-15.975,-0.22,2.06,4.9
ATOM,700.0,H,MET,50.0,92.944,29.278,-15.642,0.31,0.2245,0.0
ATOM,701.0,HA,MET,50.0,91.554,29.068,-18.152,0.09,1.32,0.0
ATOM,702.0,HB2,MET,50.0,90.584,30.401,-15.778,0.09,1.32,0.0
ATOM,703.0,HB3,MET,50.0,89.653,29.918,-17.03,0.09,1.32,0.0
ATOM,704.0,HG2,MET,50.0,90.389,27.613,-16.527,0.09,1.32,1.14
ATOM,705.0,HG3,MET,50.0,91.045,28.2,-15.152,0.09,1.32,0.0
ATOM,706.0,HE1,MET,50.0,87.518,27.269,-16.792,0.09,1.32,0.0
ATOM,707.0,HE2,MET,50.0,88.627,26.202,-16.243,0.09,1.32,5.07
ATOM,708.0,HE3,MET,50.0,87.216,26.396,-15.444,0.09,1.32,0.0
ATOM,709.0,N,ARG,51.0,91.347,31.296,-19.227,-0.47,1.85,0.0
ATOM,710.0,CA,ARG,51.0,91.461,32.552,-19.971,0.07,2.275,1.1
ATOM,711.0,C,ARG,51.0,91.027,33.768,-19.163,0.51,2.0,0.25
ATOM,712.0,O,ARG,51.0,91.721,34.788,-19.141,-0.51,1.7,3.97
ATOM,713.0,CB,ARG,51.0,90.631,32.492,-21.257,-0.18,2.175,1.74
ATOM,714.0,CG,ARG,51.0,91.019,31.401,-22.236,-0.18,2.175,13.32
ATOM,715.0,CD,ARG,51.0,90.044,31.369,-23.41,0.2,2.175,18.95
ATOM,716.0,NE,ARG,51.0,88.655,31.236,-22.966,-0.7,1.85,1.39
ATOM,717.0,CZ,ARG,51.0,87.865,30.206,-23.257,0.64,2.0,1.56
ATOM,718.0,NH1,ARG,51.0,88.312,29.213,-24.013,-0.8,1.85,19.41
ATOM,719.0,NH2,ARG,51.0,86.618,30.176,-22.8,-0.8,1.85,5.82
ATOM,720.0,H,ARG,51.0,90.825,30.465,-19.596,0.31,0.2245,0.0
ATOM,721.0,HA,ARG,51.0,92.431,32.676,-20.246,0.09,1.32,4.69
ATOM,722.0,HB2,ARG,51.0,89.672,32.353,-21.0,0.09,1.32,0.0
ATOM,723.0,HB3,ARG,51.0,90.72,33.374,-21.724,0.09,1.32,8.77
ATOM,724.0,HG2,ARG,51.0,91.926,31.579,-22.595,0.09,1.32,10.84
ATOM,725.0,HG3,ARG,51.0,90.985,30.518,-21.785,0.09,1.32,0.46
ATOM,726.0,HD2,ARG,51.0,90.147,32.218,-23.919,0.09,1.32,10.74
ATOM,727.0,HD3,ARG,51.0,90.282,30.592,-23.985,0.09,1.32,3.76
ATOM,728.0,HE,ARG,51.0,88.271,31.977,-22.4,0.44,0.2245,0.0
ATOM,729.0,HH11,ARG,51.0,89.247,29.209,-24.358,0.46,0.2245,11.14
ATOM,730.0,HH12,ARG,51.0,87.698,28.447,-24.243,0.46,0.2245,17.37
ATOM,731.0,HH21,ARG,51.0,86.286,30.924,-22.22,0.46,0.2245,0.0
ATOM,732.0,HH22,ARG,51.0,86.016,29.416,-23.03,0.46,0.2245,6.08
ATOM,733.0,N,ALA,52.0,89.874,33.659,-18.511,-0.47,1.85,0.0
ATOM,734.0,CA,ALA,52.0,89.344,34.752,-17.702,0.07,2.275,0.04
ATOM,735.0,C,ALA,52.0,90.295,35.083,-16.56,0.51,2.0,0.0
ATOM,736.0,O,ALA,52.0,90.456,36.249,-16.197,-0.51,1.7,0.0
ATOM,737.0,CB,ALA,52.0,87.959,34.4,-17.167,-0.27,2.06,0.0
ATOM,738.0,H,ALA,52.0,89.392,32.746,-18.625,0.31,0.2245,0.0
ATOM,739.0,HA,ALA,52.0,89.244,35.567,-18.284,0.09,1.32,0.87
ATOM,740.0,HB1,ALA,52.0,88.05,33.758,-16.407,0.09,1.32,0.0
ATOM,741.0,HB2,ALA,52.0,87.504,35.231,-16.849,0.09,1.32,0.0
ATOM,742.0,HB3,ALA,52.0,87.418,33.981,-17.895,0.09,1.32,0.0
ATOM,743.0,N,VAL,53.0,90.949,34.057,-16.022,-0.47,1.85,0.0
ATOM,744.0,CA,VAL,53.0,91.903,34.227,-14.929,0.07,2.275,0.0
ATOM,745.0,C,VAL,53.0,93.143,34.987,-15.405,0.51,2.0,0.0
ATOM,746.0,O,VAL,53.0,93.563,35.952,-14.775,-0.51,1.7,0.0
ATOM,747.0,CB,VAL,53.0,92.334,32.862,-14.336,-0.09,2.275,0.0
ATOM,748.0,CG1,VAL,53.0,93.332,33.057,-13.211,-0.27,2.06,0.96
ATOM,749.0,CG2,VAL,53.0,91.123,32.115,-13.822,-0.27,2.06,0.0
ATOM,750.0,H,VAL,53.0,90.724,33.131,-16.443,0.31,0.2245,0.0
ATOM,751.0,HA,VAL,53.0,91.463,34.775,-14.21,0.09,1.32,0.0
ATOM,752.0,HB,VAL,53.0,92.797,32.357,-15.058,0.09,1.32,0.0
ATOM,753.0,HG11,VAL,53.0,92.894,32.857,-12.334,0.09,1.32,0.0
ATOM,754.0,HG12,VAL,53.0,94.11,32.44,-13.34,0.09,1.32,0.85
ATOM,755.0,HG13,VAL,53.0,93.657,34.003,-13.21,0.09,1.32,0.0
ATOM,756.0,HG21,VAL,53.0,91.419,31.285,-13.346,0.09,1.32,0.0
ATOM,757.0,HG22,VAL,53.0,90.614,32.699,-13.187,0.09,1.32,0.0
ATOM,758.0,HG23,VAL,53.0,90.532,31.865,-14.591,0.09,1.32,0.0
ATOM,759.0,N,HIS,54.0,93.71,34.567,-16.532,-0.47,1.85,0.0
ATOM,760.0,CA,HIS,54.0,94.893,35.223,-17.084,0.07,2.275,0.0
ATOM,761.0,C,HIS,54.0,94.627,36.668,-17.453,0.51,2.0,0.0
ATOM,762.0,O,HIS,54.0,95.55,37.477,-17.493,-0.51,1.7,0.22
ATOM,763.0,CB,HIS,54.0,95.402,34.495,-18.329,-0.09,2.175,6.83
ATOM,764.0,CG,HIS,54.0,96.664,35.077,-18.89,-0.05,1.8,0.79
ATOM,765.0,H,HIS,54.0,93.249,33.751,-16.976,0.31,0.2245,0.0
ATOM,766.0,HA,HIS,54.0,95.622,35.201,-16.382,0.09,1.32,0.0
ATOM,767.0,HB2,HIS,54.0,95.574,33.532,-18.098,0.09,1.32,0.0
ATOM,768.0,HB3,HIS,54.0,94.694,34.532,-19.042,0.09,1.32,1.33
ATOM,769.0,ND1,HIS,54.0,96.675,36.172,-19.73,-0.36,1.85,6.3
ATOM,770.0,CD2,HIS,54.0,97.961,34.729,-18.711,0.22,1.8,18.7
ATOM,771.0,CE1,HIS,54.0,97.923,36.473,-20.043,0.25,1.8,16.09
ATOM,772.0,NE2,HIS,54.0,98.722,35.614,-19.437,-0.7,1.85,30.61
ATOM,773.0,HD1,HIS,54.0,95.863,36.66,-20.049,0.32,0.2245,5.29
ATOM,774.0,HD2,HIS,54.0,98.301,33.974,-18.158,0.1,1.468,4.48
ATOM,775.0,HE1,HIS,54.0,98.212,37.219,-20.636,0.13,0.9,4.92
ATOM,776.0,N,ALA,55.0,93.382,36.968,-17.799,-0.47,1.85,0.0
ATOM,777.0,CA,ALA,55.0,92.997,38.319,-18.176,0.07,2.275,0.0
ATOM,778.0,C,ALA,55.0,92.874,39.193,-16.928,0.51,2.0,0.0
ATOM,779.0,O,ALA,55.0,93.228,40.375,-16.938,-0.51,1.7,0.0
ATOM,780.0,CB,ALA,55.0,91.682,38.284,-18.944,-0.27,2.06,12.47
ATOM,781.0,H,ALA,55.0,92.718,36.167,-17.777,0.31,0.2245,0.0
ATOM,782.0,HA,ALA,55.0,93.707,38.709,-18.768,0.09,1.32,0.0
ATOM,783.0,HB1,ALA,55.0,90.931,38.528,-18.331,0.09,1.32,0.0
ATOM,784.0,HB2,ALA,55.0,91.72,38.937,-19.7,0.09,1.32,0.13
ATOM,785.0,HB3,ALA,55.0,91.531,37.365,-19.306,0.09,1.32,0.41
ATOM,786.0,N,ALA,56.0,92.394,38.592,-15.847,-0.47,1.85,0.0
ATOM,787.0,CA,ALA,56.0,92.23,39.303,-14.593,0.07,2.275,0.0
ATOM,788.0,C,ALA,56.0,93.594,39.754,-14.076,0.51,2.0,0.0
ATOM,789.0,O,ALA,56.0,93.752,40.883,-13.615,-0.51,1.7,0.0
ATOM,790.0,CB,ALA,56.0,91.532,38.412,-13.573,-0.27,2.06,0.0
ATOM,791.0,H,ALA,56.0,92.152,37.59,-15.977,0.31,0.2245,0.0
ATOM,792.0,HA,ALA,56.0,91.664,40.116,-14.747,0.09,1.32,0.0
ATOM,793.0,HB1,ALA,56.0,92.1,37.611,-13.387,0.09,1.32,0.0
ATOM,794.0,HB2,ALA,56.0,91.389,38.923,-12.726,0.09,1.32,0.0
ATOM,795.0,HB3,ALA,56.0,90.649,38.117,-13.937,0.09,1.32,0.0
ATOM,796.0,N,GLU,57.0,94.585,38.874,-14.165,-0.47,1.85,0.0
ATOM,797.0,CA,GLU,57.0,95.933,39.211,-13.708,0.07,2.275,0.0
ATOM,798.0,C,GLU,57.0,96.557,40.333,-14.524,0.51,2.0,0.27
ATOM,799.0,O,GLU,57.0,97.37,41.1,-14.002,-0.51,1.7,3.78
ATOM,800.0,CB,GLU,57.0,96.837,37.981,-13.708,-0.18,2.175,7.23
ATOM,801.0,CG,GLU,57.0,96.478,37.002,-12.623,-0.28,2.175,0.02
ATOM,802.0,CD,GLU,57.0,97.389,35.808,-12.602,0.62,2.0,1.86
ATOM,803.0,OE1,GLU,57.0,97.529,35.151,-13.655,-0.76,1.7,14.32
ATOM,804.0,OE2,GLU,57.0,97.964,35.522,-11.529,-0.76,1.7,15.6
ATOM,805.0,H,GLU,57.0,94.33,37.96,-14.572,0.31,0.2245,0.0
ATOM,806.0,HA,GLU,57.0,95.899,39.482,-12.733,0.09,1.32,0.0
ATOM,807.0,HB2,GLU,57.0,96.727,37.532,-14.572,0.09,1.32,0.0
ATOM,808.0,HB3,GLU,57.0,97.754,38.286,-13.552,0.09,1.32,7.85
ATOM,809.0,HG2,GLU,57.0,96.559,37.457,-11.754,0.09,1.32,0.0
ATOM,810.0,HG3,GLU,57.0,95.562,36.677,-12.785,0.09,1.32,0.0
ATOM,811.0,N,GLN,58.0,96.193,40.414,-15.803,-0.47,1.85,0.08
ATOM,812.0,CA,GLN,58.0,96.699,41.474,-16.655,0.07,2.275,1.37
ATOM,813.0,C,GLN,58.0,96.095,42.789,-16.171,0.51,2.0,0.0
ATOM,814.0,O,GLN,58.0,96.817,43.756,-15.922,-0.51,1.7,0.2
ATOM,815.0,CB,GLN,58.0,96.33,41.232,-18.118,-0.18,2.175,1.44
ATOM,816.0,CG,GLN,58.0,97.147,40.153,-18.81,-0.18,2.175,5.92
ATOM,817.0,CD,GLN,58.0,96.792,40.014,-20.284,0.55,2.0,0.0
ATOM,818.0,H,GLN,58.0,95.54,39.678,-16.119,0.31,0.2245,0.0
ATOM,819.0,HA,GLN,58.0,97.685,41.531,-16.534,0.09,1.32,0.7
ATOM,820.0,HB2,GLN,58.0,95.362,40.968,-18.166,0.09,1.32,0.0
ATOM,821.0,HB3,GLN,58.0,96.454,42.091,-18.627,0.09,1.32,1.37
ATOM,822.0,HG2,GLN,58.0,98.115,40.386,-18.739,0.09,1.32,6.04
ATOM,823.0,HG3,GLN,58.0,96.975,39.279,-18.359,0.09,1.32,0.01
ATOM,824.0,OE1,GLN,58.0,95.67,39.645,-20.636,-0.55,1.7,8.86
ATOM,825.0,NE2,GLN,58.0,97.755,40.293,-21.151,-0.62,1.85,17.77
ATOM,826.0,HE21,GLN,58.0,97.596,40.209,-22.152,0.32,0.2245,22.23
ATOM,827.0,HE22,GLN,58.0,98.663,40.595,-20.799,0.3,0.2245,17.21
ATOM,828.0,N,ARG,59.0,94.775,42.804,-15.984,-0.47,1.85,0.0
ATOM,829.0,CA,ARG,59.0,94.076,43.999,-15.512,0.07,2.275,0.07
ATOM,830.0,C,ARG,59.0,94.637,44.477,-14.178,0.51,2.0,0.0
ATOM,831.0,O,ARG,59.0,94.837,45.672,-13.965,-0.51,1.7,0.0
ATOM,832.0,CB,ARG,59.0,92.584,43.722,-15.343,-0.18,2.175,0.64
ATOM,833.0,CG,ARG,59.0,91.719,44.138,-16.509,-0.18,2.175,15.22
ATOM,834.0,CD,ARG,59.0,91.503,43.007,-17.502,0.2,2.175,3.79
ATOM,835.0,NE,ARG,59.0,92.623,42.833,-18.425,-0.7,1.85,4.13
ATOM,836.0,CZ,ARG,59.0,92.592,42.022,-19.479,0.64,2.0,2.0
ATOM,837.0,NH1,ARG,59.0,91.5,41.304,-19.733,-0.8,1.85,11.75
ATOM,838.0,NH2,ARG,59.0,93.651,41.919,-20.274,-0.8,1.85,14.25
ATOM,839.0,H,ARG,59.0,94.295,41.909,-16.199,0.31,0.2245,0.0
ATOM,840.0,HA,ARG,59.0,94.194,44.733,-16.193,0.09,1.32,0.75
ATOM,841.0,HB2,ARG,59.0,92.466,42.738,-15.201,0.09,1.32,0.0
ATOM,842.0,HB3,ARG,59.0,92.268,44.212,-14.529,0.09,1.32,5.6
ATOM,843.0,HG2,ARG,59.0,90.822,44.431,-16.176,0.09,1.32,10.88
ATOM,844.0,HG3,ARG,59.0,92.154,44.897,-16.997,0.09,1.32,7.2
ATOM,845.0,HD2,ARG,59.0,91.37,42.161,-16.984,0.09,1.32,0.0
ATOM,846.0,HD3,ARG,59.0,90.674,43.21,-18.025,0.09,1.32,8.16
ATOM,847.0,HE,ARG,59.0,93.462,43.355,-18.253,0.44,0.2245,0.24
ATOM,848.0,HH11,ARG,59.0,90.691,41.375,-19.159,0.46,0.2245,1.12
ATOM,849.0,HH12,ARG,59.0,91.493,40.678,-20.523,0.46,0.2245,9.72
ATOM,850.0,HH21,ARG,59.0,94.466,42.473,-20.083,0.46,0.2245,3.69
ATOM,851.0,HH22,ARG,59.0,93.638,41.299,-21.053,0.46,0.2245,9.63
ATOM,852.0,N,MET,60.0,94.856,43.53,-13.274,-0.47,1.85,0.0
ATOM,853.0,CA,MET,60.0,95.395,43.816,-11.952,0.07,2.275,0.16
ATOM,854.0,C,MET,60.0,96.804,44.393,-12.043,0.51,2.0,0.3
ATOM,855.0,O,MET,60.0,97.173,45.272,-11.264,-0.51,1.7,0.39
ATOM,856.0,CB,MET,60.0,95.413,42.54,-11.111,-0.18,2.175,2.44
ATOM,857.0,CG,MET,60.0,94.037,41.956,-10.818,-0.14,2.175,2.08
ATOM,858.0,SD,MET,60.0,94.12,40.238,-10.239,-0.09,2.0,0.0
ATOM,859.0,CE,MET,60.0,94.942,40.457,-8.68,-0.22,2.06,0.47
ATOM,860.0,H,MET,60.0,94.609,42.565,-13.592,0.31,0.2245,0.0
ATOM,861.0,HA,MET,60.0,94.806,44.506,-11.513,0.09,1.32,0.02
ATOM,862.0,HB2,MET,60.0,95.959,41.838,-11.591,0.09,1.32,0.0
ATOM,863.0,HB3,MET,60.0,95.869,42.735,-10.23,0.09,1.32,0.36
ATOM,864.0,HG2,MET,60.0,93.573,42.547,-10.123,0.09,1.32,0.0
ATOM,865.0,HG3,MET,60.0,93.466,42.021,-11.665,0.09,1.32,0.0
ATOM,866.0,HE1,MET,60.0,95.93,40.557,-8.824,0.09,1.32,1.13
ATOM,867.0,HE2,MET,60.0,94.595,41.279,-8.221,0.09,1.32,0.0
ATOM,868.0,HE3,MET,60.0,94.778,39.662,-8.09,0.09,1.32,0.0
ATOM,869.0,N,LEU,61.0,97.573,43.918,-13.019,-0.47,1.85,0.18
ATOM,870.0,CA,LEU,61.0,98.942,44.372,-13.226,0.07,2.275,1.8
ATOM,871.0,C,LEU,61.0,98.986,45.837,-13.655,0.51,2.0,0.0
ATOM,872.0,O,LEU,61.0,99.976,46.531,-13.411,-0.51,1.7,18.55
ATOM,873.0,CB,LEU,61.0,99.64,43.503,-14.282,-0.18,2.175,0.27
ATOM,874.0,CG,LEU,61.0,101.15,43.737,-14.441,-0.09,2.275,1.66
ATOM,875.0,CD1,LEU,61.0,101.875,43.362,-13.158,-0.27,2.06,34.95
ATOM,876.0,CD2,LEU,61.0,101.703,42.941,-15.605,-0.27,2.06,34.64
ATOM,877.0,H,LEU,61.0,97.113,43.198,-13.618,0.31,0.2245,0.0
ATOM,878.0,HA,LEU,61.0,99.447,44.282,-12.358,0.09,1.32,3.57
ATOM,879.0,HB2,LEU,61.0,99.514,42.552,-14.026,0.09,1.32,1.3
ATOM,880.0,HB3,LEU,61.0,99.217,43.69,-15.159,0.09,1.32,0.0
ATOM,881.0,HG,LEU,61.0,101.306,44.701,-14.644,0.09,1.32,4.46
ATOM,882.0,HD11,LEU,61.0,101.713,42.396,-12.952,0.09,1.32,9.54
ATOM,883.0,HD12,LEU,61.0,102.857,43.517,-13.27,0.09,1.32,10.29
ATOM,884.0,HD13,LEU,61.0,101.534,43.924,-12.404,0.09,1.32,4.9
ATOM,885.0,HD21,LEU,61.0,101.246,43.219,-16.452,0.09,1.32,8.34
ATOM,886.0,HD22,LEU,61.0,102.687,43.107,-15.691,0.09,1.32,10.52
ATOM,887.0,HD23,LEU,61.0,101.546,41.963,-15.451,0.09,1.32,9.77
ATOM,888.0,N,GLU,62.0,97.899,46.313,-14.258,-0.47,1.85,0.0
ATOM,889.0,CA,GLU,62.0,97.818,47.691,-14.728,0.07,2.275,0.77
ATOM,890.0,C,GLU,62.0,97.077,48.64,-13.806,0.51,2.0,0.34
ATOM,891.0,O,GLU,62.0,97.239,49.853,-13.927,-0.51,1.7,29.81
ATOM,892.0,CB,GLU,62.0,97.149,47.742,-16.099,-0.18,2.175,6.98
ATOM,893.0,CG,GLU,62.0,97.844,46.927,-17.16,-0.28,2.175,9.96
ATOM,894.0,CD,GLU,62.0,97.101,46.963,-18.477,0.62,2.0,4.53
ATOM,895.0,OE1,GLU,62.0,97.13,48.029,-19.141,-0.76,1.7,41.81
ATOM,896.0,OE2,GLU,62.0,96.488,45.926,-18.843,-0.76,1.7,22.17
ATOM,897.0,H,GLU,62.0,97.125,45.626,-14.363,0.31,0.2245,0.0
ATOM,898.0,HA,GLU,62.0,98.767,48.047,-14.886,0.09,1.32,6.83
ATOM,899.0,HB2,GLU,62.0,96.233,47.388,-15.997,0.09,1.32,0.87
ATOM,900.0,HB3,GLU,62.0,97.145,48.683,-16.394,0.09,1.32,6.2
ATOM,901.0,HG2,GLU,62.0,98.735,47.307,-17.313,0.09,1.32,10.11
ATOM,902.0,HG3,GLU,62.0,97.878,45.992,-16.866,0.09,1.32,0.0
ATOM,903.0,N,THR,63.0,96.241,48.11,-12.919,-0.47,1.85,0.0
ATOM,904.0,CA,THR,63.0,95.466,48.958,-12.019,0.07,2.275,0.39
ATOM,905.0,C,THR,63.0,95.933,48.986,-10.573,0.51,2.0,0.08
ATOM,906.0,O,THR,63.0,95.68,49.955,-9.854,-0.51,1.7,11.54
ATOM,907.0,CB,THR,63.0,93.984,48.58,-12.038,0.14,2.275,6.57
ATOM,908.0,OG1,THR,63.0,93.848,47.173,-11.805,-0.66,1.77,8.28
ATOM,909.0,CG2,THR,63.0,93.371,48.924,-13.379,-0.27,2.06,31.08
ATOM,910.0,H,THR,63.0,96.19,47.078,-12.923,0.31,0.2245,0.0
ATOM,911.0,HA,THR,63.0,95.498,49.918,-12.382,0.09,1.32,4.86
ATOM,912.0,HB,THR,63.0,93.505,49.073,-11.284,0.09,1.32,9.31
ATOM,913.0,HG21,THR,63.0,92.378,48.777,-13.351,0.09,1.32,11.86
ATOM,914.0,HG22,THR,63.0,93.551,49.886,-13.603,0.09,1.32,9.47
ATOM,915.0,HG23,THR,63.0,93.766,48.344,-14.097,0.09,1.32,0.81
ATOM,916.0,HG1,THR,63.0,94.192,46.653,-12.594,0.43,0.2245,0.0
ATOM,917.0,N,GLU,64.0,96.571,47.909,-10.132,-0.47,1.85,0.0
ATOM,918.0,CA,GLU,64.0,97.061,47.827,-8.76,0.07,2.275,0.11
ATOM,919.0,C,GLU,64.0,98.166,48.86,-8.565,0.51,2.0,0.03
ATOM,920.0,O,GLU,64.0,99.2,48.801,-9.231,-0.51,1.7,21.89
ATOM,921.0,CB,GLU,64.0,97.575,46.412,-8.481,-0.18,2.175,6.03
ATOM,922.0,CG,GLU,64.0,96.539,45.412,-7.917,-0.28,2.175,1.14
ATOM,923.0,CD,GLU,64.0,95.087,45.663,-8.341,0.62,2.0,0.0
ATOM,924.0,OE1,GLU,64.0,94.757,45.486,-9.538,-0.76,1.7,0.75
ATOM,925.0,OE2,GLU,64.0,94.267,46.009,-7.454,-0.76,1.7,18.28
ATOM,926.0,H,GLU,64.0,96.688,47.151,-10.829,0.31,0.2245,0.0
ATOM,927.0,HA,GLU,64.0,96.315,48.01,-8.122,0.09,1.32,1.36
ATOM,928.0,HB2,GLU,64.0,97.904,46.033,-9.334,0.09,1.32,0.02
ATOM,929.0,HB3,GLU,64.0,98.304,46.477,-7.815,0.09,1.32,1.74
ATOM,930.0,HG2,GLU,64.0,96.789,44.509,-8.234,0.09,1.32,2.99
ATOM,931.0,HG3,GLU,64.0,96.573,45.466,-6.93,0.09,1.32,1.72
ATOM,932.0,N,THR,66.0,97.912,49.831,-7.695,-0.47,1.85,0.0
ATOM,933.0,CA,THR,66.0,98.864,50.907,-7.409,0.07,2.275,0.89
ATOM,934.0,C,THR,66.0,99.685,50.688,-6.135,0.51,2.0,1.37
ATOM,935.0,O,THR,66.0,100.784,51.235,-5.986,-0.51,1.7,30.96
ATOM,936.0,CB,THR,66.0,98.133,52.256,-7.261,0.14,2.275,6.14
ATOM,937.0,OG1,THR,66.0,97.012,52.096,-6.381,-0.66,1.77,16.73
ATOM,938.0,CG2,THR,66.0,97.654,52.762,-8.609,-0.27,2.06,34.57
ATOM,939.0,H,THR,66.0,96.978,49.764,-7.232,0.31,0.2245,2.2
ATOM,940.0,HA,THR,66.0,99.51,50.976,-8.192,0.09,1.32,5.98
ATOM,941.0,HB,THR,66.0,98.772,52.931,-6.843,0.09,1.32,8.92
ATOM,942.0,HG21,THR,66.0,96.661,52.639,-8.688,0.09,1.32,5.94
ATOM,943.0,HG22,THR,66.0,97.871,53.737,-8.705,0.09,1.32,11.82
ATOM,944.0,HG23,THR,66.0,98.105,52.252,-9.346,0.09,1.32,5.54
ATOM,945.0,HG1,THR,66.0,96.561,51.213,-6.547,0.43,0.2245,7.22
ATOM,946.0,N,THR,67.0,99.142,49.884,-5.229,-0.47,1.85,0.77
ATOM,947.0,CA,THR,67.0,99.784,49.599,-3.958,0.07,2.275,1.94
ATOM,948.0,C,THR,67.0,99.519,48.158,-3.513,0.51,2.0,0.0
ATOM,949.0,O,THR,67.0,98.613,47.49,-4.023,-0.51,1.7,9.02
ATOM,950.0,CB,THR,67.0,99.236,50.541,-2.863,0.14,2.275,5.88
ATOM,951.0,OG1,THR,67.0,99.825,50.209,-1.599,-0.66,1.77,1.87
ATOM,952.0,CG2,THR,67.0,97.722,50.407,-2.751,-0.27,2.06,31.47
ATOM,953.0,H,THR,67.0,98.221,49.478,-5.509,0.31,0.2245,0.38
ATOM,954.0,HA,THR,67.0,100.78,49.714,-4.064,0.09,1.32,6.13
ATOM,955.0,HB,THR,67.0,99.498,51.499,-3.095,0.09,1.32,9.04
ATOM,956.0,HG21,THR,67.0,97.278,51.167,-3.23,0.09,1.32,4.8
ATOM,957.0,HG22,THR,67.0,97.427,49.542,-3.162,0.09,1.32,2.41
ATOM,958.0,HG23,THR,67.0,97.451,50.422,-1.786,0.09,1.32,4.41
ATOM,959.0,HG1,THR,67.0,100.828,50.239,-1.662,0.43,0.2245,14.54
ATOM,960.0,N,LYS,68.0,100.315,47.697,-2.55,-0.47,1.85,0.46
ATOM,961.0,CA,LYS,68.0,100.175,46.371,-1.978,0.07,2.275,2.75
ATOM,962.0,C,LYS,68.0,100.126,46.466,-0.459,0.51,2.0,1.24
ATOM,963.0,O,LYS,68.0,100.475,45.514,0.233,-0.51,1.7,23.29
ATOM,964.0,CB,LYS,68.0,101.31,45.446,-2.412,-0.18,2.175,8.19
ATOM,965.0,CG,LYS,68.0,101.25,45.012,-3.865,-0.18,2.175,2.87
ATOM,966.0,CD,LYS,68.0,102.312,43.968,-4.168,-0.18,2.175,14.2
ATOM,967.0,CE,LYS,68.0,102.343,43.626,-5.643,0.21,2.175,21.36
ATOM,968.0,NZ,LYS,68.0,101.078,42.999,-6.084,-0.3,1.85,9.51
ATOM,969.0,H,LYS,68.0,101.051,48.378,-2.243,0.31,0.2245,5.71
ATOM,970.0,HA,LYS,68.0,99.318,45.961,-2.302,0.09,1.32,5.95
ATOM,971.0,HB2,LYS,68.0,102.177,45.924,-2.262,0.09,1.32,9.51
ATOM,972.0,HB3,LYS,68.0,101.281,44.627,-1.837,0.09,1.32,5.86
ATOM,973.0,HG2,LYS,68.0,100.35,44.621,-4.053,0.09,1.32,2.89
ATOM,974.0,HG3,LYS,68.0,101.401,45.806,-4.451,0.09,1.32,5.08
ATOM,975.0,HD2,LYS,68.0,103.201,44.329,-3.905,0.09,1.32,10.11
ATOM,976.0,HD3,LYS,68.0,102.108,43.142,-3.653,0.09,1.32,9.51
ATOM,977.0,HE2,LYS,68.0,102.498,44.467,-6.169,0.05,1.32,10.59
ATOM,978.0,HE3,LYS,68.0,103.105,42.994,-5.815,0.05,1.32,11.9
ATOM,979.0,HZ1,LYS,68.0,100.542,43.659,-6.612,0.33,0.2245,4.97
ATOM,980.0,HZ2,LYS,68.0,101.279,42.203,-6.656,0.33,0.2245,17.4
ATOM,981.0,HZ3,LYS,68.0,100.551,42.707,-5.284,0.33,0.2245,7.08
ATOM,982.0,N,THR,69.0,99.7,47.62,0.056,-0.47,1.85,1.34
ATOM,983.0,CA,THR,69.0,99.581,47.828,1.502,0.07,2.275,2.84
ATOM,984.0,C,THR,69.0,98.607,46.81,2.082,0.51,2.0,0.0
ATOM,985.0,O,THR,69.0,97.882,46.143,1.346,-0.51,1.7,12.12
ATOM,986.0,CB,THR,69.0,98.978,49.21,1.859,0.14,2.275,5.57
ATOM,987.0,OG1,THR,69.0,99.153,50.131,0.779,-0.66,1.77,12.09
ATOM,988.0,CG2,THR,69.0,99.644,49.765,3.101,-0.27,2.06,33.33
ATOM,989.0,H,THR,69.0,99.463,48.348,-0.646,0.31,0.2245,0.0
ATOM,990.0,HA,THR,69.0,100.479,47.682,1.918,0.09,1.32,7.82
ATOM,991.0,HB,THR,69.0,97.974,49.093,2.023,0.09,1.32,3.69
ATOM,992.0,HG21,THR,69.0,99.682,49.06,3.814,0.09,1.32,0.0
ATOM,993.0,HG22,THR,69.0,100.578,50.062,2.886,0.09,1.32,11.24
ATOM,994.0,HG23,THR,69.0,99.124,50.551,3.448,0.09,1.32,11.85
ATOM,995.0,HG1,THR,69.0,98.857,49.715,-0.088,0.43,0.2245,0.0
ATOM,996.0,N,TYR,70.0,98.573,46.723,3.408,-0.47,1.85,1.33
ATOM,997.0,CA,TYR,70.0,97.665,45.816,4.097,0.07,2.275,0.16
ATOM,998.0,C,TYR,70.0,96.215,46.176,3.743,0.51,2.0,0.0
ATOM,999.0,O,TYR,70.0,95.855,47.354,3.649,-0.51,1.7,20.97
ATOM,1000.0,CB,TYR,70.0,97.858,45.926,5.613,-0.18,2.175,5.31
ATOM,1001.0,CG,TYR,70.0,99.189,45.419,6.115,0.0,1.9924,0.0
ATOM,1002.0,CD1,TYR,70.0,99.535,44.085,5.978,-0.115,1.9924,5.59
ATOM,1003.0,CD2,TYR,70.0,100.089,46.269,6.755,-0.115,1.9924,9.93
ATOM,1004.0,CE1,TYR,70.0,100.738,43.599,6.464,-0.115,1.9924,12.59
ATOM,1005.0,CE2,TYR,70.0,101.306,45.795,7.247,-0.115,1.9924,21.49
ATOM,1006.0,CZ,TYR,70.0,101.623,44.452,7.096,0.11,1.9924,2.72
ATOM,1007.0,OH,TYR,70.0,102.823,43.955,7.554,-0.54,1.77,33.84
ATOM,1008.0,H,TYR,70.0,99.241,47.349,3.902,0.31,0.2245,0.18
ATOM,1009.0,HA,TYR,70.0,97.837,44.885,3.775,0.09,1.32,3.78
ATOM,1010.0,HB2,TYR,70.0,97.773,46.889,5.868,0.09,1.32,5.86
ATOM,1011.0,HB3,TYR,70.0,97.135,45.398,6.058,0.09,1.32,0.0
ATOM,1012.0,HD1,TYR,70.0,98.903,43.454,5.518,0.115,1.3582,3.04
ATOM,1013.0,HD2,TYR,70.0,99.862,47.234,6.864,0.115,1.3582,11.21
ATOM,1014.0,HE1,TYR,70.0,100.967,42.627,6.356,0.115,1.3582,12.36
ATOM,1015.0,HE2,TYR,70.0,101.939,46.415,7.702,0.115,1.3582,16.94
ATOM,1016.0,HH,TYR,70.0,102.94,43.022,7.219,0.43,0.2245,20.91
ATOM,1017.0,N,ALA,71.0,95.399,45.155,3.52,-0.47,1.85,0.0
ATOM,1018.0,CA,ALA,71.0,93.999,45.35,3.18,0.07,2.275,3.56
ATOM,1019.0,C,ALA,71.0,93.119,44.729,4.27,0.51,2.0,1.94
ATOM,1020.0,O,ALA,71.0,93.524,44.658,5.435,-0.51,1.7,6.32
ATOM,1021.0,CB,ALA,71.0,93.709,44.735,1.817,-0.27,2.06,7.85
ATOM,1022.0,H,ALA,71.0,95.842,44.217,3.608,0.31,0.2245,4.02
ATOM,1023.0,HA,ALA,71.0,93.804,46.331,3.138,0.09,1.32,6.85
ATOM,1024.0,HB1,ALA,71.0,93.946,45.389,1.099,0.09,1.32,10.34
ATOM,1025.0,HB2,ALA,71.0,94.253,43.904,1.703,0.09,1.32,4.56
ATOM,1026.0,HB3,ALA,71.0,92.738,44.508,1.753,0.09,1.32,0.0
ATOM,1027.0,N,GLY,72.0,91.926,44.278,3.896,-0.47,1.85,2.98
ATOM,1028.0,CA,GLY,72.0,90.999,43.696,4.855,-0.02,2.175,11.04
ATOM,1029.0,C,GLY,72.0,91.409,42.427,5.581,0.51,2.0,0.0
ATOM,1030.0,O,GLY,72.0,91.763,41.427,4.962,-0.51,1.7,2.23
ATOM,1031.0,H,GLY,72.0,91.72,44.376,2.884,0.31,0.2245,0.0
ATOM,1032.0,HA2,GLY,72.0,90.76,44.42,5.564,0.09,1.32,8.47
ATOM,1033.0,HA3,GLY,72.0,90.092,43.524,4.374,0.09,1.32,0.11
ATOM,1034.0,N,LEU,73.0,91.275,42.455,6.901,-0.47,1.85,0.0
ATOM,1035.0,CA,LEU,73.0,91.623,41.328,7.757,0.07,2.275,0.0
ATOM,1036.0,C,LEU,73.0,90.756,40.094,7.473,0.51,2.0,0.0
ATOM,1037.0,O,LEU,73.0,91.194,38.959,7.676,-0.51,1.7,0.0
ATOM,1038.0,CB,LEU,73.0,91.465,41.741,9.223,-0.18,2.175,4.39
ATOM,1039.0,CG,LEU,73.0,92.055,40.892,10.351,-0.09,2.275,0.0
ATOM,1040.0,CD1,LEU,73.0,93.573,40.838,10.256,-0.27,2.06,1.75
ATOM,1041.0,CD2,LEU,73.0,91.636,41.499,11.684,-0.27,2.06,15.69
ATOM,1042.0,H,LEU,73.0,90.897,43.358,7.276,0.31,0.2245,8.94
ATOM,1043.0,HA,LEU,73.0,92.588,41.078,7.588,0.09,1.32,0.0
ATOM,1044.0,HB2,LEU,73.0,91.861,42.674,9.319,0.09,1.32,4.43
ATOM,1045.0,HB3,LEU,73.0,90.468,41.826,9.408,0.09,1.32,3.12
ATOM,1046.0,HG,LEU,73.0,91.685,39.964,10.286,0.09,1.32,0.0
ATOM,1047.0,HD11,LEU,73.0,93.945,41.764,10.324,0.09,1.32,2.64
ATOM,1048.0,HD12,LEU,73.0,93.935,40.279,11.002,0.09,1.32,0.0
ATOM,1049.0,HD13,LEU,73.0,93.839,40.436,9.38,0.09,1.32,0.0
ATOM,1050.0,HD21,LEU,73.0,90.638,41.506,11.749,0.09,1.32,1.5
ATOM,1051.0,HD22,LEU,73.0,92.015,40.954,12.433,0.09,1.32,0.0
ATOM,1052.0,HD23,LEU,73.0,91.98,42.436,11.747,0.09,1.32,9.41
ATOM,1053.0,N,SER,74.0,89.527,40.322,7.024,-0.47,1.85,0.0
ATOM,1054.0,CA,SER,74.0,88.601,39.233,6.722,0.07,2.275,0.0
ATOM,1055.0,C,SER,74.0,88.317,39.11,5.231,0.51,2.0,0.0
ATOM,1056.0,O,SER,74.0,87.456,38.329,4.812,-0.51,1.7,0.0
ATOM,1057.0,CB,SER,74.0,87.297,39.426,7.503,0.05,2.175,0.0
ATOM,1058.0,OG,SER,74.0,87.017,40.804,7.686,-0.66,1.77,15.84
ATOM,1059.0,H,SER,74.0,89.284,41.326,6.908,0.31,0.2245,0.22
ATOM,1060.0,HA,SER,74.0,89.027,38.368,7.029,0.09,1.32,0.0
ATOM,1061.0,HB2,SER,74.0,86.553,39.008,6.992,0.09,1.32,0.0
ATOM,1062.0,HB3,SER,74.0,87.391,38.993,8.393,0.09,1.32,0.0
ATOM,1063.0,HG,SER,74.0,87.39,41.324,6.919,0.43,0.2245,6.63
ATOM,1064.0,N,GLY,75.0,89.075,39.858,4.437,-0.47,1.85,0.0
ATOM,1065.0,CA,GLY,75.0,88.893,39.847,3.001,-0.02,2.175,0.0
ATOM,1066.0,C,GLY,75.0,88.401,41.196,2.525,0.51,2.0,0.0
ATOM,1067.0,O,GLY,75.0,88.14,42.095,3.325,-0.51,1.7,3.72
ATOM,1068.0,H,GLY,75.0,89.786,40.432,4.927,0.31,0.2245,0.0
ATOM,1069.0,HA2,GLY,75.0,89.767,39.631,2.551,0.09,1.32,3.37
ATOM,1070.0,HA3,GLY,75.0,88.224,39.139,2.75,0.09,1.32,0.0
ATOM,1071.0,N,GLU,76.0,88.315,41.354,1.214,-0.47,1.85,0.0
ATOM,1072.0,CA,GLU,76.0,87.843,42.595,0.634,0.07,2.275,0.0
ATOM,1073.0,C,GLU,76.0,86.35,42.452,0.392,0.51,2.0,0.0
ATOM,1074.0,O,GLU,76.0,85.875,41.388,-0.015,-0.51,1.7,0.0
ATOM,1075.0,CB,GLU,76.0,88.562,42.892,-0.685,-0.18,2.175,3.69
ATOM,1076.0,CG,GLU,76.0,90.081,43.004,-0.564,-0.28,2.175,3.09
ATOM,1077.0,CD,GLU,76.0,90.51,43.844,0.62,0.62,2.0,0.0
ATOM,1078.0,OE1,GLU,76.0,90.352,45.081,0.572,-0.76,1.7,24.57
ATOM,1079.0,OE2,GLU,76.0,90.998,43.257,1.607,-0.76,1.7,2.29
ATOM,1080.0,H,GLU,76.0,88.608,40.53,0.653,0.31,0.2245,0.76
ATOM,1081.0,HA,GLU,76.0,88.01,43.351,1.259,0.09,1.32,0.0
ATOM,1082.0,HB2,GLU,76.0,88.369,42.152,-1.306,0.09,1.32,0.73
ATOM,1083.0,HB3,GLU,76.0,88.228,43.754,-1.023,0.09,1.32,4.0
ATOM,1084.0,HG2,GLU,76.0,90.443,42.1,-0.439,0.09,1.32,2.33
ATOM,1085.0,HG3,GLU,76.0,90.421,43.436,-1.377,0.09,1.32,2.82
ATOM,1086.0,N,PRO,77.0,85.587,43.523,0.641,-0.29,1.85,0.0
ATOM,1087.0,CA,PRO,77.0,84.14,43.49,0.439,0.02,2.275,1.27
ATOM,1088.0,C,PRO,77.0,83.741,42.942,-0.933,0.51,2.0,0.5
ATOM,1089.0,O,PRO,77.0,82.864,42.08,-1.016,-0.51,1.7,0.17
ATOM,1090.0,CB,PRO,77.0,83.749,44.955,0.607,-0.18,2.175,19.04
ATOM,1091.0,CG,PRO,77.0,84.719,45.424,1.659,-0.18,2.175,24.6
ATOM,1092.0,CD,PRO,77.0,86.019,44.83,1.171,0.0,2.175,8.69
ATOM,1093.0,HA,PRO,77.0,83.687,42.959,1.177,0.09,1.32,2.16
ATOM,1094.0,HB2,PRO,77.0,83.877,45.459,-0.239,0.09,1.32,6.61
ATOM,1095.0,HB3,PRO,77.0,82.814,45.042,0.927,0.09,1.32,11.38
ATOM,1096.0,HG2,PRO,77.0,84.763,46.412,1.676,0.09,1.32,11.3
ATOM,1097.0,HG3,PRO,77.0,84.472,45.061,2.545,0.09,1.32,8.74
ATOM,1098.0,HD2,PRO,77.0,86.424,45.384,0.451,0.09,1.32,7.26
ATOM,1099.0,HD3,PRO,77.0,86.667,44.71,1.918,0.09,1.32,3.16
ATOM,1100.0,N,GLU,78.0,84.418,43.386,-1.992,-0.47,1.85,0.61
ATOM,1101.0,CA,GLU,78.0,84.096,42.932,-3.342,0.07,2.275,2.68
ATOM,1102.0,C,GLU,78.0,84.165,41.42,-3.464,0.51,2.0,0.0
ATOM,1103.0,O,GLU,78.0,83.373,40.817,-4.185,-0.51,1.7,0.62
ATOM,1104.0,CB,GLU,78.0,85.013,43.582,-4.393,-0.18,2.175,7.22
ATOM,1105.0,CG,GLU,78.0,84.632,43.232,-5.85,-0.28,2.175,1.05
ATOM,1106.0,CD,GLU,78.0,85.48,43.947,-6.917,0.62,2.0,0.65
ATOM,1107.0,OE1,GLU,78.0,86.633,43.518,-7.178,-0.76,1.7,2.02
ATOM,1108.0,OE2,GLU,78.0,84.981,44.928,-7.52,-0.76,1.7,34.12
ATOM,1109.0,H,GLU,78.0,85.171,44.062,-1.778,0.31,0.2245,2.08
ATOM,1110.0,HA,GLU,78.0,83.168,43.249,-3.591,0.09,1.32,6.29
ATOM,1111.0,HB2,GLU,78.0,84.937,44.554,-4.3,0.09,1.32,9.32
ATOM,1112.0,HB3,GLU,78.0,85.923,43.253,-4.245,0.09,1.32,0.47
ATOM,1113.0,HG2,GLU,78.0,84.761,42.264,-5.972,0.09,1.32,0.0
ATOM,1114.0,HG3,GLU,78.0,83.695,43.5,-5.992,0.09,1.32,4.76
ATOM,1115.0,N,PHE,79.0,85.1,40.805,-2.749,-0.47,1.85,0.0
ATOM,1116.0,CA,PHE,79.0,85.27,39.358,-2.798,0.07,2.275,0.0
ATOM,1117.0,C,PHE,79.0,84.189,38.637,-2.008,0.51,2.0,0.0
ATOM,1118.0,O,PHE,79.0,83.496,37.766,-2.534,-0.51,1.7,0.0
ATOM,1119.0,CB,PHE,79.0,86.651,38.962,-2.272,-0.18,2.175,0.06
ATOM,1120.0,CG,PHE,79.0,86.906,37.486,-2.299,0.0,1.9924,0.0
ATOM,1121.0,CD1,PHE,79.0,86.955,36.799,-3.505,-0.115,1.9924,0.0
ATOM,1122.0,CD2,PHE,79.0,87.066,36.777,-1.118,-0.115,1.9924,0.0
ATOM,1123.0,CE1,PHE,79.0,87.158,35.42,-3.531,-0.115,1.9924,0.0
ATOM,1124.0,CE2,PHE,79.0,87.268,35.399,-1.13,-0.115,1.9924,0.18
ATOM,1125.0,CZ,PHE,79.0,87.313,34.718,-2.338,-0.115,1.9924,0.0
ATOM,1126.0,H,PHE,79.0,85.686,41.431,-2.165,0.31,0.2245,0.0
ATOM,1127.0,HA,PHE,79.0,85.16,39.082,-3.763,0.09,1.32,0.0
ATOM,1128.0,HB2,PHE,79.0,87.328,39.402,-2.842,0.09,1.32,1.17
ATOM,1129.0,HB3,PHE,79.0,86.716,39.269,-1.334,0.09,1.32,0.0
ATOM,1130.0,HD1,PHE,79.0,86.846,37.29,-4.363,0.115,1.3582,0.0
ATOM,1131.0,HD2,PHE,79.0,87.037,37.261,-0.241,0.115,1.3582,0.0
ATOM,1132.0,HE1,PHE,79.0,87.19,34.94,-4.413,0.115,1.3582,0.0
ATOM,1133.0,HE2,PHE,79.0,87.379,34.903,-0.256,0.115,1.3582,0.0
ATOM,1134.0,HZ,PHE,79.0,87.456,33.731,-2.358,0.115,1.3582,0.0
ATOM,1135.0,N,GLN,80.0,84.046,39.008,-0.743,-0.47,1.85,0.0
ATOM,1136.0,CA,GLN,80.0,83.062,38.384,0.127,0.07,2.275,0.0
ATOM,1137.0,C,GLN,80.0,81.668,38.43,-0.486,0.51,2.0,0.53
ATOM,1138.0,O,GLN,80.0,80.992,37.407,-0.591,-0.51,1.7,1.45
ATOM,1139.0,CB,GLN,80.0,83.073,39.069,1.487,-0.18,2.175,6.72
ATOM,1140.0,CG,GLN,80.0,84.399,38.966,2.205,-0.18,2.175,0.0
ATOM,1141.0,CD,GLN,80.0,84.467,39.896,3.382,0.55,2.0,0.49
ATOM,1142.0,H,GLN,80.0,84.685,39.767,-0.435,0.31,0.2245,0.0
ATOM,1143.0,HA,GLN,80.0,83.315,37.414,0.241,0.09,1.32,0.0
ATOM,1144.0,HB2,GLN,80.0,82.859,40.039,1.361,0.09,1.32,1.09
ATOM,1145.0,HB3,GLN,80.0,82.37,38.649,2.065,0.09,1.32,0.34
ATOM,1146.0,HG2,GLN,80.0,84.518,38.028,2.527,0.09,1.32,0.0
ATOM,1147.0,HG3,GLN,80.0,85.13,39.199,1.565,0.09,1.32,0.0
ATOM,1148.0,OE1,GLN,80.0,84.455,41.116,3.218,-0.55,1.7,11.58
ATOM,1149.0,NE2,GLN,80.0,84.522,39.335,4.581,-0.62,1.85,2.34
ATOM,1150.0,HE21,GLN,80.0,84.584,39.9,5.428,0.32,0.2245,4.26
ATOM,1151.0,HE22,GLN,80.0,84.501,38.317,4.65,0.3,0.2245,0.0
ATOM,1152.0,N,LYS,81.0,81.279,39.614,-0.944,-0.47,1.85,0.66
ATOM,1153.0,CA,LYS,81.0,79.983,39.826,-1.562,0.07,2.275,2.1
ATOM,1154.0,C,LYS,81.0,79.837,38.937,-2.785,0.51,2.0,0.0
ATOM,1155.0,O,LYS,81.0,78.888,38.162,-2.885,-0.51,1.7,0.0
ATOM,1156.0,CB,LYS,81.0,79.843,41.286,-1.967,-0.18,2.175,3.84
ATOM,1157.0,CG,LYS,81.0,78.522,41.63,-2.617,-0.18,2.175,6.34
ATOM,1158.0,CD,LYS,81.0,77.393,41.747,-1.598,-0.18,2.175,5.9
ATOM,1159.0,CE,LYS,81.0,76.13,42.274,-2.262,0.21,2.175,12.4
ATOM,1160.0,NZ,LYS,81.0,76.409,43.429,-3.184,-0.3,1.85,13.43
ATOM,1161.0,H,LYS,81.0,81.986,40.376,-0.82,0.31,0.2245,0.0
ATOM,1162.0,HA,LYS,81.0,79.262,39.589,-0.903,0.09,1.32,2.6
ATOM,1163.0,HB2,LYS,81.0,79.947,41.85,-1.146,0.09,1.32,5.86
ATOM,1164.0,HB3,LYS,81.0,80.579,41.504,-2.611,0.09,1.32,0.41
ATOM,1165.0,HG2,LYS,81.0,78.608,42.506,-3.099,0.09,1.32,4.49
ATOM,1166.0,HG3,LYS,81.0,78.282,40.916,-3.279,0.09,1.32,0.0
ATOM,1167.0,HD2,LYS,81.0,77.205,40.85,-1.224,0.09,1.32,0.0
ATOM,1168.0,HD3,LYS,81.0,77.666,42.38,-0.888,0.09,1.32,9.67
ATOM,1169.0,HE2,LYS,81.0,75.704,41.535,-2.791,0.05,1.32,0.05
ATOM,1170.0,HE3,LYS,81.0,75.487,42.576,-1.553,0.05,1.32,7.55
ATOM,1171.0,HZ1,LYS,81.0,76.241,43.141,-4.124,0.33,0.2245,10.64
ATOM,1172.0,HZ2,LYS,81.0,75.805,44.186,-2.946,0.33,0.2245,20.3
ATOM,1173.0,HZ3,LYS,81.0,77.361,43.706,-3.077,0.33,0.2245,9.51
ATOM,1174.0,N,ALA,82.0,80.802,39.025,-3.694,-0.47,1.85,0.15
ATOM,1175.0,CA,ALA,82.0,80.787,38.238,-4.919,0.07,2.275,1.22
ATOM,1176.0,C,ALA,82.0,80.714,36.734,-4.675,0.51,2.0,0.0
ATOM,1177.0,O,ALA,82.0,80.062,36.014,-5.435,-0.51,1.7,0.52
ATOM,1178.0,CB,ALA,82.0,81.995,38.571,-5.773,-0.27,2.06,1.23
ATOM,1179.0,H,ALA,82.0,81.561,39.698,-3.456,0.31,0.2245,0.0
ATOM,1180.0,HA,ALA,82.0,79.977,38.512,-5.472,0.09,1.32,1.36
ATOM,1181.0,HB1,ALA,82.0,81.694,38.884,-6.674,0.09,1.32,1.35
ATOM,1182.0,HB2,ALA,82.0,82.529,39.294,-5.334,0.09,1.32,0.0
ATOM,1183.0,HB3,ALA,82.0,82.567,37.757,-5.88,0.09,1.32,0.0
ATOM,1184.0,N,MET,83.0,81.395,36.253,-3.639,-0.47,1.85,0.0
ATOM,1185.0,CA,MET,83.0,81.375,34.828,-3.321,0.07,2.275,0.0
ATOM,1186.0,C,MET,83.0,80.013,34.403,-2.786,0.51,2.0,0.0
ATOM,1187.0,O,MET,83.0,79.456,33.392,-3.221,-0.51,1.7,0.0
ATOM,1188.0,CB,MET,83.0,82.471,34.479,-2.316,-0.18,2.175,0.0
ATOM,1189.0,CG,MET,83.0,83.842,34.338,-2.945,-0.14,2.175,0.0
ATOM,1190.0,SD,MET,83.0,83.855,33.105,-4.27,-0.09,2.0,0.0
ATOM,1191.0,CE,MET,83.0,83.599,31.584,-3.33,-0.22,2.06,2.84
ATOM,1192.0,H,MET,83.0,81.924,36.955,-3.095,0.31,0.2245,0.0
ATOM,1193.0,HA,MET,83.0,81.55,34.315,-4.17,0.09,1.32,0.0
ATOM,1194.0,HB2,MET,83.0,82.513,35.2,-1.615,0.09,1.32,0.0
ATOM,1195.0,HB3,MET,83.0,82.235,33.61,-1.864,0.09,1.32,0.0
ATOM,1196.0,HG2,MET,83.0,84.137,35.25,-3.301,0.09,1.32,0.0
ATOM,1197.0,HG3,MET,83.0,84.516,34.089,-2.218,0.09,1.32,0.0
ATOM,1198.0,HE1,MET,83.0,82.672,31.25,-3.492,0.09,1.32,0.0
ATOM,1199.0,HE2,MET,83.0,84.262,30.899,-3.628,0.09,1.32,0.0
ATOM,1200.0,HE3,MET,83.0,83.724,31.774,-2.358,0.09,1.32,0.0
ATOM,1201.0,N,GLY,84.0,79.477,35.198,-1.866,-0.47,1.85,0.0
ATOM,1202.0,CA,GLY,84.0,78.173,34.921,-1.289,-0.02,2.175,0.09
ATOM,1203.0,C,GLY,84.0,77.098,34.82,-2.36,0.51,2.0,0.0
ATOM,1204.0,O,GLY,84.0,76.289,33.906,-2.336,-0.51,1.7,0.0
ATOM,1205.0,H,GLY,84.0,80.061,36.016,-1.603,0.31,0.2245,0.0
ATOM,1206.0,HA2,GLY,84.0,78.21,34.054,-0.772,0.09,1.32,0.0
ATOM,1207.0,HA3,GLY,84.0,77.928,35.656,-0.64,0.09,1.32,1.23
ATOM,1208.0,N,GLU,85.0,77.114,35.731,-3.324,-0.47,1.85,0.0
ATOM,1209.0,CA,GLU,85.0,76.138,35.705,-4.403,0.07,2.275,0.0
ATOM,1210.0,C,GLU,85.0,76.338,34.48,-5.296,0.51,2.0,0.54
ATOM,1211.0,O,GLU,85.0,75.376,33.868,-5.743,-0.51,1.7,4.55
ATOM,1212.0,CB,GLU,85.0,76.221,36.992,-5.231,-0.18,2.175,3.67
ATOM,1213.0,CG,GLU,85.0,76.002,38.25,-4.394,-0.28,2.175,2.51
ATOM,1214.0,CD,GLU,85.0,76.146,39.551,-5.175,0.62,2.0,2.82
ATOM,1215.0,OE1,GLU,85.0,76.872,39.586,-6.196,-0.76,1.7,28.53
ATOM,1216.0,OE2,GLU,85.0,75.538,40.553,-4.743,-0.76,1.7,18.67
ATOM,1217.0,H,GLU,85.0,77.862,36.443,-3.243,0.31,0.2245,0.0
ATOM,1218.0,HA,GLU,85.0,75.206,35.688,-4.02,0.09,1.32,0.0
ATOM,1219.0,HB2,GLU,85.0,77.12,37.044,-5.614,0.09,1.32,0.52
ATOM,1220.0,HB3,GLU,85.0,75.516,36.96,-5.907,0.09,1.32,8.61
ATOM,1221.0,HG2,GLU,85.0,75.084,38.222,-4.032,0.09,1.32,2.76
ATOM,1222.0,HG3,GLU,85.0,76.676,38.263,-3.673,0.09,1.32,0.0
ATOM,1223.0,N,LEU,86.0,77.591,34.103,-5.517,-0.47,1.85,0.0
ATOM,1224.0,CA,LEU,86.0,77.931,32.956,-6.353,0.07,2.275,0.02
ATOM,1225.0,C,LEU,86.0,77.396,31.663,-5.751,0.51,2.0,0.0
ATOM,1226.0,O,LEU,86.0,76.876,30.802,-6.463,-0.51,1.7,1.59
ATOM,1227.0,CB,LEU,86.0,79.457,32.88,-6.511,-0.18,2.175,0.0
ATOM,1228.0,CG,LEU,86.0,80.158,31.986,-7.542,-0.09,2.275,0.0
ATOM,1229.0,CD1,LEU,86.0,80.428,30.612,-6.982,-0.27,2.06,1.1
ATOM,1230.0,CD2,LEU,86.0,79.362,31.926,-8.839,-0.27,2.06,1.87
ATOM,1231.0,H,LEU,86.0,78.311,34.695,-5.044,0.31,0.2245,0.0
ATOM,1232.0,HA,LEU,86.0,77.51,33.083,-7.259,0.09,1.32,1.71
ATOM,1233.0,HB2,LEU,86.0,79.788,33.839,-6.683,0.09,1.32,0.0
ATOM,1234.0,HB3,LEU,86.0,79.841,32.624,-5.593,0.09,1.32,0.0
ATOM,1235.0,HG,LEU,86.0,81.023,32.421,-7.806,0.09,1.32,0.0
ATOM,1236.0,HD11,LEU,86.0,79.565,30.174,-6.72,0.09,1.32,0.0
ATOM,1237.0,HD12,LEU,86.0,80.886,30.046,-7.672,0.09,1.32,0.0
ATOM,1238.0,HD13,LEU,86.0,81.017,30.683,-6.174,0.09,1.32,0.0
ATOM,1239.0,HD21,LEU,86.0,79.273,32.847,-9.22,0.09,1.32,0.0
ATOM,1240.0,HD22,LEU,86.0,79.837,31.339,-9.495,0.09,1.32,0.0
ATOM,1241.0,HD23,LEU,86.0,78.452,31.553,-8.656,0.09,1.32,1.72
ATOM,1242.0,N,ILE,87.0,77.514,31.536,-4.436,-0.47,1.85,0.0
ATOM,1243.0,CA,ILE,87.0,77.063,30.342,-3.736,0.07,2.275,0.0
ATOM,1244.0,C,ILE,87.0,75.573,30.33,-3.394,0.51,2.0,0.0
ATOM,1245.0,O,ILE,87.0,74.881,29.349,-3.683,-0.51,1.7,0.0
ATOM,1246.0,CB,ILE,87.0,77.878,30.126,-2.433,-0.09,2.275,0.0
ATOM,1247.0,CG1,ILE,87.0,79.359,29.909,-2.762,-0.18,2.175,0.77
ATOM,1248.0,CG2,ILE,87.0,77.327,28.942,-1.635,-0.27,2.06,0.0
ATOM,1249.0,CD1,ILE,87.0,80.269,30.086,-1.574,-0.27,2.06,0.0
ATOM,1250.0,H,ILE,87.0,77.95,32.35,-3.957,0.31,0.2245,0.0
ATOM,1251.0,HA,ILE,87.0,77.216,29.563,-4.373,0.09,1.32,0.0
ATOM,1252.0,HB,ILE,87.0,77.799,30.951,-1.888,0.09,1.32,0.0
ATOM,1253.0,HG12,ILE,87.0,79.467,28.986,-3.124,0.09,1.32,0.0
ATOM,1254.0,HG13,ILE,87.0,79.618,30.564,-3.469,0.09,1.32,0.0
ATOM,1255.0,HG21,ILE,87.0,77.839,28.851,-0.784,0.09,1.32,0.0
ATOM,1256.0,HG22,ILE,87.0,76.364,29.102,-1.431,0.09,1.32,0.0
ATOM,1257.0,HG23,ILE,87.0,77.422,28.109,-2.174,0.09,1.32,0.0
ATOM,1258.0,HD11,ILE,87.0,80.021,29.429,-0.862,0.09,1.32,0.0
ATOM,1259.0,HD12,ILE,87.0,81.217,29.932,-1.853,0.09,1.32,0.0
ATOM,1260.0,HD13,ILE,87.0,80.175,31.015,-1.216,0.09,1.32,0.0
ATOM,1261.0,N,LEU,88.0,75.097,31.404,-2.758,-0.47,1.85,0.0
ATOM,1262.0,CA,LEU,88.0,73.704,31.512,-2.323,0.07,2.275,0.0
ATOM,1263.0,C,LEU,88.0,72.747,32.209,-3.281,0.51,2.0,0.0
ATOM,1264.0,O,LEU,88.0,71.533,32.134,-3.109,-0.51,1.7,3.3
ATOM,1265.0,CB,LEU,88.0,73.633,32.167,-0.938,-0.18,2.175,0.0
ATOM,1266.0,CG,LEU,88.0,74.319,31.386,0.189,-0.09,2.275,0.0
ATOM,1267.0,CD1,LEU,88.0,74.308,32.167,1.49,-0.27,2.06,0.06
ATOM,1268.0,CD2,LEU,88.0,73.632,30.042,0.366,-0.27,2.06,0.15
ATOM,1269.0,H,LEU,88.0,75.803,32.156,-2.599,0.31,0.2245,0.0
ATOM,1270.0,HA,LEU,88.0,73.35,30.56,-2.155,0.09,1.32,0.0
ATOM,1271.0,HB2,LEU,88.0,74.075,33.053,-0.997,0.09,1.32,0.0
ATOM,1272.0,HB3,LEU,88.0,72.678,32.263,-0.694,0.09,1.32,0.22
ATOM,1273.0,HG,LEU,88.0,75.267,31.197,-0.08,0.09,1.32,0.0
ATOM,1274.0,HD11,LEU,88.0,73.363,32.352,1.763,0.09,1.32,1.83
ATOM,1275.0,HD12,LEU,88.0,74.761,31.634,2.206,0.09,1.32,0.0
ATOM,1276.0,HD13,LEU,88.0,74.792,33.034,1.366,0.09,1.32,0.0
ATOM,1277.0,HD21,LEU,88.0,73.693,29.519,-0.486,0.09,1.32,0.0
ATOM,1278.0,HD22,LEU,88.0,74.079,29.531,1.102,0.09,1.32,0.0
ATOM,1279.0,HD23,LEU,88.0,72.669,30.185,0.599,0.09,1.32,2.34
ATOM,1280.0,N,GLY,89.0,73.288,32.875,-4.291,-0.47,1.85,0.0
ATOM,1281.0,CA,GLY,89.0,72.448,33.571,-5.25,-0.02,2.175,5.59
ATOM,1282.0,C,GLY,89.0,71.586,34.667,-4.637,0.51,2.0,1.71
ATOM,1283.0,O,GLY,89.0,72.011,35.367,-3.706,-0.51,1.7,2.05
ATOM,1284.0,H,GLY,89.0,74.319,32.855,-4.333,0.31,0.2245,0.0
ATOM,1285.0,HA2,GLY,89.0,73.035,33.98,-5.978,0.09,1.32,4.35
ATOM,1286.0,HA3,GLY,89.0,71.842,32.897,-5.719,0.09,1.32,1.09
ATOM,1287.0,N,ASP,90.0,70.364,34.805,-5.152,-0.47,1.85,2.78
ATOM,1288.0,CA,ASP,90.0,69.414,35.805,-4.67,0.07,2.275,1.37
ATOM,1289.0,C,ASP,90.0,69.128,35.638,-3.194,0.51,2.0,0.15
ATOM,1290.0,O,ASP,90.0,68.675,36.573,-2.537,-0.51,1.7,24.52
ATOM,1291.0,CB,ASP,90.0,68.095,35.705,-5.43,-0.28,2.175,15.74
ATOM,1292.0,CG,ASP,90.0,68.171,36.313,-6.805,0.62,2.0,3.99
ATOM,1293.0,OD1,ASP,90.0,68.488,37.517,-6.899,-0.76,1.7,40.88
ATOM,1294.0,OD2,ASP,90.0,67.903,35.597,-7.794,-0.76,1.7,44.77
ATOM,1295.0,H,ASP,90.0,70.146,34.139,-5.926,0.31,0.2245,7.72
ATOM,1296.0,HA,ASP,90.0,69.85,36.708,-4.792,0.09,1.32,7.65
ATOM,1297.0,HB2,ASP,90.0,67.863,34.741,-5.515,0.09,1.32,8.2
ATOM,1298.0,HB3,ASP,90.0,67.4,36.182,-4.903,0.09,1.32,8.08
ATOM,1299.0,N,GLY,91.0,69.379,34.438,-2.683,-0.47,1.85,2.09
ATOM,1300.0,CA,GLY,91.0,69.133,34.152,-1.283,-0.02,2.175,15.37
ATOM,1301.0,C,GLY,91.0,70.191,34.677,-0.335,0.51,2.0,0.0
ATOM,1302.0,O,GLY,91.0,70.178,34.34,0.849,-0.51,1.7,6.42
ATOM,1303.0,H,GLY,91.0,69.755,33.746,-3.357,0.31,0.2245,2.24
ATOM,1304.0,HA2,GLY,91.0,68.223,34.541,-1.016,0.09,1.32,9.07
ATOM,1305.0,HA3,GLY,91.0,69.046,33.139,-1.158,0.09,1.32,10.41
ATOM,1306.0,N,LEU,95.0,71.124,35.476,-0.835,-0.47,1.85,0.0
ATOM,1307.0,CA,LEU,95.0,72.154,36.004,0.039,0.07,2.275,0.0
ATOM,1308.0,C,LEU,95.0,71.545,37.011,1.002,0.51,2.0,0.0
ATOM,1309.0,O,LEU,95.0,71.212,38.138,0.624,-0.51,1.7,16.17
ATOM,1310.0,CB,LEU,95.0,73.304,36.638,-0.754,-0.18,2.175,0.04
ATOM,1311.0,CG,LEU,95.0,74.388,37.304,0.109,-0.09,2.275,0.2
ATOM,1312.0,CD1,LEU,95.0,74.934,36.304,1.121,-0.27,2.06,0.08
ATOM,1313.0,CD2,LEU,95.0,75.506,37.869,-0.758,-0.27,2.06,0.32
ATOM,1314.0,H,LEU,95.0,71.053,35.674,-1.838,0.31,0.2245,0.0
ATOM,1315.0,HA,LEU,95.0,72.544,35.25,0.574,0.09,1.32,0.0
ATOM,1316.0,HB2,LEU,95.0,73.743,35.924,-1.279,0.09,1.32,0.0
ATOM,1317.0,HB3,LEU,95.0,72.923,37.336,-1.34,0.09,1.32,5.14
ATOM,1318.0,HG,LEU,95.0,73.986,38.078,0.59,0.09,1.32,0.0
ATOM,1319.0,HD11,LEU,95.0,75.331,35.524,0.638,0.09,1.32,0.0
ATOM,1320.0,HD12,LEU,95.0,75.638,36.744,1.678,0.09,1.32,2.62
ATOM,1321.0,HD13,LEU,95.0,74.191,35.988,1.711,0.09,1.32,0.0
ATOM,1322.0,HD21,LEU,95.0,75.13,38.553,-1.384,0.09,1.32,1.34
ATOM,1323.0,HD22,LEU,95.0,76.197,38.296,-0.175,0.09,1.32,3.68
ATOM,1324.0,HD23,LEU,95.0,75.926,37.13,-1.285,0.09,1.32,0.0
ATOM,1325.0,N,LYS,96.0,71.335,36.567,2.232,-0.47,1.85,0.0
ATOM,1326.0,CA,LYS,96.0,70.785,37.414,3.272,0.07,2.275,1.65
ATOM,1327.0,C,LYS,96.0,71.93,38.047,4.077,0.51,2.0,0.0
ATOM,1328.0,O,LYS,96.0,72.316,37.558,5.147,-0.51,1.7,0.0
ATOM,1329.0,CB,LYS,96.0,69.837,36.597,4.151,-0.18,2.175,1.84
ATOM,1330.0,CG,LYS,96.0,68.545,36.223,3.421,-0.18,2.175,10.11
ATOM,1331.0,CD,LYS,96.0,67.875,34.97,3.979,-0.18,2.175,8.34
ATOM,1332.0,CE,LYS,96.0,67.411,35.147,5.406,0.21,2.175,14.38
ATOM,1333.0,NZ,LYS,96.0,66.808,33.886,5.922,-0.3,1.85,12.6
ATOM,1334.0,H,LYS,96.0,71.597,35.568,2.383,0.31,0.2245,1.2
ATOM,1335.0,HA,LYS,96.0,70.25,38.15,2.854,0.09,1.32,5.18
ATOM,1336.0,HB2,LYS,96.0,70.296,35.761,4.416,0.09,1.32,4.22
ATOM,1337.0,HB3,LYS,96.0,69.599,37.139,4.945,0.09,1.32,2.1
ATOM,1338.0,HG2,LYS,96.0,67.9,36.993,3.491,0.09,1.32,10.69
ATOM,1339.0,HG3,LYS,96.0,68.754,36.071,2.448,0.09,1.32,0.26
ATOM,1340.0,HD2,LYS,96.0,67.084,34.752,3.407,0.09,1.32,10.87
ATOM,1341.0,HD3,LYS,96.0,68.531,34.217,3.944,0.09,1.32,6.45
ATOM,1342.0,HE2,LYS,96.0,68.192,35.394,5.979,0.05,1.32,0.0
ATOM,1343.0,HE3,LYS,96.0,66.727,35.875,5.443,0.05,1.32,10.64
ATOM,1344.0,HZ1,LYS,96.0,66.581,33.999,6.889,0.33,0.2245,20.37
ATOM,1345.0,HZ2,LYS,96.0,65.978,33.68,5.405,0.33,0.2245,18.2
ATOM,1346.0,HZ3,LYS,96.0,67.463,33.139,5.816,0.33,0.2245,9.08
ATOM,1347.0,N,SER,97.0,72.452,39.148,3.543,-0.47,1.85,0.42
ATOM,1348.0,CA,SER,97.0,73.562,39.889,4.135,0.07,2.275,0.53
ATOM,1349.0,C,SER,97.0,73.501,40.164,5.631,0.51,2.0,0.38
ATOM,1350.0,O,SER,97.0,74.469,39.903,6.35,-0.51,1.7,5.14
ATOM,1351.0,CB,SER,97.0,73.745,41.208,3.397,0.05,2.175,24.5
ATOM,1352.0,OG,SER,97.0,73.946,40.973,2.015,-0.66,1.77,10.25
ATOM,1353.0,H,SER,97.0,71.99,39.444,2.644,0.31,0.2245,2.76
ATOM,1354.0,HA,SER,97.0,74.424,39.35,3.954,0.09,1.32,2.05
ATOM,1355.0,HB2,SER,97.0,72.929,41.761,3.516,0.09,1.32,7.54
ATOM,1356.0,HB3,SER,97.0,74.541,41.676,3.764,0.09,1.32,10.41
ATOM,1357.0,HG,SER,97.0,73.265,40.32,1.685,0.43,0.2245,3.27
ATOM,1358.0,N,GLU,98.0,72.376,40.711,6.089,-0.47,1.85,0.95
ATOM,1359.0,CA,GLU,98.0,72.171,41.045,7.506,0.07,2.275,3.02
ATOM,1360.0,C,GLU,98.0,72.594,39.952,8.479,0.51,2.0,0.0
ATOM,1361.0,O,GLU,98.0,73.052,40.243,9.583,-0.51,1.7,1.07
ATOM,1362.0,CB,GLU,98.0,70.69,41.377,7.767,-0.18,2.175,9.44
ATOM,1363.0,CG,GLU,98.0,70.338,41.477,9.262,-0.28,2.175,2.44
ATOM,1364.0,CD,GLU,98.0,68.84,41.599,9.551,0.62,2.0,3.54
ATOM,1365.0,OE1,GLU,98.0,68.027,40.955,8.846,-0.76,1.7,35.34
ATOM,1366.0,OE2,GLU,98.0,68.483,42.333,10.504,-0.76,1.7,37.71
ATOM,1367.0,H,GLU,98.0,71.65,40.883,5.358,0.31,0.2245,5.44
ATOM,1368.0,HA,GLU,98.0,72.68,41.904,7.721,0.09,1.32,11.2
ATOM,1369.0,HB2,GLU,98.0,70.503,42.249,7.364,0.09,1.32,10.66
ATOM,1370.0,HB3,GLU,98.0,70.149,40.656,7.387,0.09,1.32,2.4
ATOM,1371.0,HG2,GLU,98.0,70.659,40.657,9.705,0.09,1.32,0.0
ATOM,1372.0,HG3,GLU,98.0,70.775,42.283,9.625,0.09,1.32,6.08
ATOM,1373.0,N,THR,99.0,72.407,38.701,8.068,-0.47,1.85,0.0
ATOM,1374.0,CA,THR,99.0,72.707,37.542,8.899,0.07,2.275,0.0
ATOM,1375.0,C,THR,99.0,73.839,36.647,8.375,0.51,2.0,0.0
ATOM,1376.0,O,THR,99.0,73.982,35.493,8.791,-0.51,1.7,0.63
ATOM,1377.0,CB,THR,99.0,71.417,36.694,9.085,0.14,2.275,1.15
ATOM,1378.0,OG1,THR,99.0,70.73,36.573,7.829,-0.66,1.77,5.87
ATOM,1379.0,CG2,THR,99.0,70.497,37.345,10.08,-0.27,2.06,9.56
ATOM,1380.0,H,THR,99.0,72.026,38.621,7.096,0.31,0.2245,0.0
ATOM,1381.0,HA,THR,99.0,72.977,37.873,9.828,0.09,1.32,0.0
ATOM,1382.0,HB,THR,99.0,71.685,35.761,9.394,0.09,1.32,0.0
ATOM,1383.0,HG21,THR,99.0,71.023,37.704,10.859,0.09,1.32,0.0
ATOM,1384.0,HG22,THR,99.0,70.0,38.106,9.65,0.09,1.32,0.04
ATOM,1385.0,HG23,THR,99.0,69.827,36.678,10.424,0.09,1.32,1.83
ATOM,1386.0,HG1,THR,99.0,71.302,36.93,7.084,0.43,0.2245,0.0
ATOM,1387.0,N,THR,100.0,74.664,37.194,7.495,-0.47,1.85,0.0
ATOM,1388.0,CA,THR,100.0,75.763,36.436,6.919,0.07,2.275,0.0
ATOM,1389.0,C,THR,100.0,77.113,37.026,7.302,0.51,2.0,0.0
ATOM,1390.0,O,THR,100.0,77.313,38.238,7.21,-0.51,1.7,6.32
ATOM,1391.0,CB,THR,100.0,75.656,36.409,5.382,0.14,2.275,0.1
ATOM,1392.0,OG1,THR,100.0,74.4,35.831,5.003,-0.66,1.77,1.09
ATOM,1393.0,CG2,THR,100.0,76.78,35.598,4.771,-0.27,2.06,2.58
ATOM,1394.0,H,THR,100.0,74.463,38.184,7.259,0.31,0.2245,0.0
ATOM,1395.0,HA,THR,100.0,75.72,35.49,7.271,0.09,1.32,0.0
ATOM,1396.0,HB,THR,100.0,75.684,37.367,5.034,0.09,1.32,1.21
ATOM,1397.0,HG21,THR,100.0,76.718,34.643,5.073,0.09,1.32,0.0
ATOM,1398.0,HG22,THR,100.0,76.72,35.627,3.77,0.09,1.32,0.14
ATOM,1399.0,HG23,THR,100.0,77.667,35.972,5.055,0.09,1.32,0.0
ATOM,1400.0,HG1,THR,100.0,73.663,36.509,5.092,0.43,0.2245,0.0
ATOM,1401.0,N,ALA,101.0,78.008,36.168,7.784,-0.47,1.85,0.0
ATOM,1402.0,CA,ALA,101.0,79.366,36.557,8.16,0.07,2.275,0.0
ATOM,1403.0,C,ALA,101.0,80.272,35.869,7.137,0.51,2.0,0.0
ATOM,1404.0,O,ALA,101.0,80.05,34.709,6.784,-0.51,1.7,0.0
ATOM,1405.0,CB,ALA,101.0,79.686,36.076,9.565,-0.27,2.06,0.0
ATOM,1406.0,H,ALA,101.0,77.656,35.185,7.872,0.31,0.2245,0.0
ATOM,1407.0,HA,ALA,101.0,79.463,37.531,8.064,0.09,1.32,0.0
ATOM,1408.0,HB1,ALA,101.0,79.009,36.439,10.206,0.09,1.32,0.0
ATOM,1409.0,HB2,ALA,101.0,79.664,35.076,9.591,0.09,1.32,0.0
ATOM,1410.0,HB3,ALA,101.0,80.597,36.394,9.829,0.09,1.32,0.0
ATOM,1411.0,N,THR,102.0,81.285,36.573,6.654,-0.47,1.85,0.33
ATOM,1412.0,CA,THR,102.0,82.175,35.999,5.656,0.07,2.275,0.0
ATOM,1413.0,C,THR,102.0,83.665,36.135,5.995,0.51,2.0,0.0
ATOM,1414.0,O,THR,102.0,84.094,37.132,6.583,-0.51,1.7,0.0
ATOM,1415.0,CB,THR,102.0,81.884,36.628,4.31,0.14,2.275,2.02
ATOM,1416.0,OG1,THR,102.0,80.471,36.566,4.068,-0.66,1.77,9.04
ATOM,1417.0,CG2,THR,102.0,82.62,35.897,3.208,-0.27,2.06,0.0
ATOM,1418.0,H,THR,102.0,81.383,37.527,7.033,0.31,0.2245,0.52
ATOM,1419.0,HA,THR,102.0,81.965,35.006,5.569,0.09,1.32,0.0
ATOM,1420.0,HB,THR,102.0,82.154,37.611,4.328,0.09,1.32,1.09
ATOM,1421.0,HG21,THR,102.0,82.373,34.924,3.216,0.09,1.32,0.0
ATOM,1422.0,HG22,THR,102.0,82.378,36.287,2.315,0.09,1.32,0.0
ATOM,1423.0,HG23,THR,102.0,83.611,35.981,3.342,0.09,1.32,0.0
ATOM,1424.0,HG1,THR,102.0,80.015,36.046,4.797,0.43,0.2245,0.0
ATOM,1425.0,N,LEU,103.0,84.451,35.135,5.611,-0.47,1.85,0.0
ATOM,1426.0,CA,LEU,103.0,85.881,35.153,5.896,0.07,2.275,0.0
ATOM,1427.0,C,LEU,103.0,86.706,34.632,4.74,0.51,2.0,0.0
ATOM,1428.0,O,LEU,103.0,86.504,33.503,4.301,-0.51,1.7,0.0
ATOM,1429.0,CB,LEU,103.0,86.178,34.292,7.128,-0.18,2.175,0.0
ATOM,1430.0,CG,LEU,103.0,87.604,34.274,7.684,-0.09,2.275,0.0
ATOM,1431.0,CD1,LEU,103.0,87.902,35.61,8.337,-0.27,2.06,0.0
ATOM,1432.0,CD2,LEU,103.0,87.743,33.139,8.702,-0.27,2.06,0.0
ATOM,1433.0,H,LEU,103.0,83.974,34.368,5.109,0.31,0.2245,0.0
ATOM,1434.0,HA,LEU,103.0,86.156,36.11,6.083,0.09,1.32,0.0
ATOM,1435.0,HB2,LEU,103.0,85.575,34.606,7.871,0.09,1.32,0.0
ATOM,1436.0,HB3,LEU,103.0,85.936,33.342,6.901,0.09,1.32,0.0
ATOM,1437.0,HG,LEU,103.0,88.24,34.118,6.936,0.09,1.32,0.0
ATOM,1438.0,HD11,LEU,103.0,87.254,35.772,9.083,0.09,1.32,0.0
ATOM,1439.0,HD12,LEU,103.0,88.834,35.606,8.703,0.09,1.32,0.0
ATOM,1440.0,HD13,LEU,103.0,87.816,36.343,7.66,0.09,1.32,0.0
ATOM,1441.0,HD21,LEU,103.0,87.549,32.268,8.253,0.09,1.32,0.0
ATOM,1442.0,HD22,LEU,103.0,88.675,33.131,9.062,0.09,1.32,0.0
ATOM,1443.0,HD23,LEU,103.0,87.095,33.284,9.449,0.09,1.32,0.0
ATOM,1444.0,N,ALA,104.0,87.587,35.475,4.202,-0.47,1.85,0.0
ATOM,1445.0,CA,ALA,104.0,88.483,35.048,3.122,0.07,2.275,0.0
ATOM,1446.0,C,ALA,104.0,89.474,34.129,3.828,0.51,2.0,0.0
ATOM,1447.0,O,ALA,104.0,89.939,34.427,4.93,-0.51,1.7,0.0
ATOM,1448.0,CB,ALA,104.0,89.199,36.233,2.502,-0.27,2.06,1.23
ATOM,1449.0,H,ALA,104.0,87.584,36.428,4.6,0.31,0.2245,0.0
ATOM,1450.0,HA,ALA,104.0,87.973,34.527,2.471,0.09,1.32,0.0
ATOM,1451.0,HB1,ALA,104.0,88.533,36.836,2.062,0.09,1.32,0.0
ATOM,1452.0,HB2,ALA,104.0,89.686,36.741,3.213,0.09,1.32,0.0
ATOM,1453.0,HB3,ALA,104.0,89.854,35.91,1.818,0.09,1.32,2.11
ATOM,1454.0,N,THR,105.0,89.766,32.996,3.209,-0.47,1.85,0.0
ATOM,1455.0,CA,THR,105.0,90.649,32.019,3.811,0.07,2.275,0.0
ATOM,1456.0,C,THR,105.0,91.744,31.577,2.861,0.51,2.0,0.0
ATOM,1457.0,O,THR,105.0,91.701,31.862,1.655,-0.51,1.7,1.98
ATOM,1458.0,CB,THR,105.0,89.849,30.77,4.185,0.14,2.275,0.0
ATOM,1459.0,OG1,THR,105.0,89.127,30.319,3.033,-0.66,1.77,0.0
ATOM,1460.0,CG2,THR,105.0,88.868,31.066,5.288,-0.27,2.06,0.0
ATOM,1461.0,H,THR,105.0,89.318,32.875,2.281,0.31,0.2245,0.0
ATOM,1462.0,HA,THR,105.0,91.085,32.437,4.626,0.09,1.32,0.0
ATOM,1463.0,HB,THR,105.0,90.494,30.032,4.463,0.09,1.32,0.0
ATOM,1464.0,HG21,THR,105.0,89.35,31.169,6.164,0.09,1.32,0.0
ATOM,1465.0,HG22,THR,105.0,88.37,31.917,5.092,0.09,1.32,0.0
ATOM,1466.0,HG23,THR,105.0,88.203,30.317,5.373,0.09,1.32,0.0
ATOM,1467.0,HG1,THR,105.0,89.539,29.477,2.67,0.43,0.2245,0.0
ATOM,1468.0,N,VAL,106.0,92.712,30.849,3.41,-0.47,1.85,0.0
ATOM,1469.0,CA,VAL,106.0,93.806,30.308,2.616,0.07,2.275,0.0
ATOM,1470.0,C,VAL,106.0,93.285,28.986,2.056,0.51,2.0,0.0
ATOM,1471.0,O,VAL,106.0,93.392,27.938,2.693,-0.51,1.7,1.78
ATOM,1472.0,CB,VAL,106.0,95.071,30.072,3.473,-0.09,2.275,1.96
ATOM,1473.0,CG1,VAL,106.0,96.279,29.848,2.565,-0.27,2.06,15.38
ATOM,1474.0,CG2,VAL,106.0,95.322,31.26,4.373,-0.27,2.06,4.72
ATOM,1475.0,H,VAL,106.0,92.62,30.704,4.435,0.31,0.2245,0.0
ATOM,1476.0,HA,VAL,106.0,93.975,30.915,1.858,0.09,1.32,0.0
ATOM,1477.0,HB,VAL,106.0,94.935,29.235,3.986,0.09,1.32,4.29
ATOM,1478.0,HG11,VAL,106.0,96.53,28.881,2.58,0.09,1.32,4.96
ATOM,1479.0,HG12,VAL,106.0,96.047,30.119,1.632,0.09,1.32,0.0
ATOM,1480.0,HG13,VAL,106.0,97.046,30.398,2.893,0.09,1.32,7.19
ATOM,1481.0,HG21,VAL,106.0,96.156,31.732,4.081,0.09,1.32,2.57
ATOM,1482.0,HG22,VAL,106.0,94.547,31.892,4.319,0.09,1.32,0.0
ATOM,1483.0,HG23,VAL,106.0,95.431,30.947,5.318,0.09,1.32,0.88
ATOM,1484.0,N,GLY,107.0,92.639,29.072,0.895,-0.47,1.85,0.0
ATOM,1485.0,CA,GLY,107.0,92.068,27.897,0.261,-0.02,2.175,0.0
ATOM,1486.0,C,GLY,107.0,90.849,27.392,1.023,0.51,2.0,0.0
ATOM,1487.0,O,GLY,107.0,90.479,27.92,2.077,-0.51,1.7,0.0
ATOM,1488.0,H,GLY,107.0,92.583,30.028,0.497,0.31,0.2245,0.0
ATOM,1489.0,HA2,GLY,107.0,91.797,28.12,-0.685,0.09,1.32,0.0
ATOM,1490.0,HA3,GLY,107.0,92.76,27.164,0.221,0.09,1.32,0.0
ATOM,1491.0,N,GLY,108.0,90.186,26.391,0.467,-0.47,1.85,0.0
ATOM,1492.0,CA,GLY,108.0,89.038,25.826,1.139,-0.02,2.175,4.57
ATOM,1493.0,C,GLY,108.0,89.467,25.146,2.423,0.51,2.0,0.4
ATOM,1494.0,O,GLY,108.0,88.716,25.139,3.398,-0.51,1.7,0.03
ATOM,1495.0,H,GLY,108.0,90.546,26.069,-0.442,0.31,0.2245,1.83
ATOM,1496.0,HA2,GLY,108.0,88.376,26.553,1.352,0.09,1.32,0.0
ATOM,1497.0,HA3,GLY,108.0,88.59,25.154,0.54,0.09,1.32,3.15
ATOM,1498.0,N,THR,109.0,90.676,24.587,2.433,-0.47,1.85,1.15
ATOM,1499.0,CA,THR,109.0,91.203,23.908,3.62,0.07,2.275,0.0
ATOM,1500.0,C,THR,109.0,91.288,24.908,4.771,0.51,2.0,0.0
ATOM,1501.0,O,THR,109.0,91.078,24.553,5.932,-0.51,1.7,0.12
ATOM,1502.0,CB,THR,109.0,92.608,23.283,3.362,0.14,2.275,1.63
ATOM,1503.0,OG1,THR,109.0,92.573,22.478,2.171,-0.66,1.77,6.53
ATOM,1504.0,CG2,THR,109.0,93.034,22.405,4.542,-0.27,2.06,17.52
ATOM,1505.0,H,THR,109.0,91.204,24.672,1.544,0.31,0.2245,0.05
ATOM,1506.0,HA,THR,109.0,90.568,23.182,3.879,0.09,1.32,0.0
ATOM,1507.0,HB,THR,109.0,93.275,24.04,3.218,0.09,1.32,2.04
ATOM,1508.0,HG21,THR,109.0,94.028,22.287,4.53,0.09,1.32,11.76
ATOM,1509.0,HG22,THR,109.0,92.762,22.842,5.4,0.09,1.32,0.18
ATOM,1510.0,HG23,THR,109.0,92.592,21.51,4.47,0.09,1.32,0.0
ATOM,1511.0,HG1,THR,109.0,92.066,22.954,1.445,0.43,0.2245,6.45
ATOM,1512.0,N,GLY,110.0,91.585,26.161,4.442,-0.47,1.85,0.29
ATOM,1513.0,CA,GLY,110.0,91.664,27.185,5.468,-0.02,2.175,6.71
ATOM,1514.0,C,GLY,110.0,90.278,27.369,6.033,0.51,2.0,0.0
ATOM,1515.0,O,GLY,110.0,90.074,27.384,7.251,-0.51,1.7,0.0
ATOM,1516.0,H,GLY,110.0,91.746,26.329,3.44,0.31,0.2245,0.0
ATOM,1517.0,HA2,GLY,110.0,92.286,26.892,6.188,0.09,1.32,5.09
ATOM,1518.0,HA3,GLY,110.0,91.981,28.039,5.067,0.09,1.32,0.0
ATOM,1519.0,N,ALA,111.0,89.316,27.45,5.119,-0.47,1.85,0.0
ATOM,1520.0,CA,ALA,111.0,87.914,27.617,5.461,0.07,2.275,0.0
ATOM,1521.0,C,ALA,111.0,87.453,26.509,6.397,0.51,2.0,0.0
ATOM,1522.0,O,ALA,111.0,86.771,26.781,7.381,-0.51,1.7,0.0
ATOM,1523.0,CB,ALA,111.0,87.068,27.631,4.194,-0.27,2.06,0.0
ATOM,1524.0,H,ALA,111.0,89.659,27.383,4.131,0.31,0.2245,0.0
ATOM,1525.0,HA,ALA,111.0,87.795,28.501,5.928,0.09,1.32,0.0
ATOM,1526.0,HB1,ALA,111.0,86.171,27.234,4.387,0.09,1.32,0.0
ATOM,1527.0,HB2,ALA,111.0,86.954,28.573,3.88,0.09,1.32,0.0
ATOM,1528.0,HB3,ALA,111.0,87.523,27.096,3.483,0.09,1.32,0.0
ATOM,1529.0,N,LEU,112.0,87.841,25.268,6.106,-0.47,1.85,0.0
ATOM,1530.0,CA,LEU,112.0,87.458,24.135,6.945,0.07,2.275,0.0
ATOM,1531.0,C,LEU,112.0,88.046,24.284,8.335,0.51,2.0,0.0
ATOM,1532.0,O,LEU,112.0,87.33,24.227,9.333,-0.51,1.7,0.0
ATOM,1533.0,CB,LEU,112.0,87.925,22.816,6.324,-0.18,2.175,0.0
ATOM,1534.0,CG,LEU,112.0,87.313,22.415,4.98,-0.09,2.275,0.39
ATOM,1535.0,CD1,LEU,112.0,88.013,21.169,4.47,-0.27,2.06,2.11
ATOM,1536.0,CD2,LEU,112.0,85.802,22.174,5.134,-0.27,2.06,0.0
ATOM,1537.0,H,LEU,112.0,88.423,25.18,5.254,0.31,0.2245,0.0
ATOM,1538.0,HA,LEU,112.0,86.456,24.119,7.02,0.09,1.32,0.0
ATOM,1539.0,HB2,LEU,112.0,88.916,22.875,6.192,0.09,1.32,0.0
ATOM,1540.0,HB3,LEU,112.0,87.721,22.083,6.974,0.09,1.32,1.51
ATOM,1541.0,HG,LEU,112.0,87.44,23.158,4.333,0.09,1.32,0.01
ATOM,1542.0,HD11,LEU,112.0,87.896,20.424,5.128,0.09,1.32,0.0
ATOM,1543.0,HD12,LEU,112.0,87.62,20.898,3.59,0.09,1.32,0.39
ATOM,1544.0,HD13,LEU,112.0,88.989,21.356,4.352,0.09,1.32,0.0
ATOM,1545.0,HD21,LEU,112.0,85.369,23.013,5.456,0.09,1.32,0.0
ATOM,1546.0,HD22,LEU,112.0,85.421,21.914,4.249,0.09,1.32,0.0
ATOM,1547.0,HD23,LEU,112.0,85.654,21.441,5.795,0.09,1.32,0.26
ATOM,1548.0,N,ARG,113.0,89.358,24.496,8.391,-0.47,1.85,0.0
ATOM,1549.0,CA,ARG,113.0,90.07,24.672,9.654,0.07,2.275,0.0
ATOM,1550.0,C,ARG,113.0,89.42,25.742,10.549,0.51,2.0,0.0
ATOM,1551.0,O,ARG,113.0,89.158,25.506,11.733,-0.51,1.7,0.0
ATOM,1552.0,CB,ARG,113.0,91.529,25.049,9.37,-0.18,2.175,3.22
ATOM,1553.0,CG,ARG,113.0,92.33,25.401,10.597,-0.18,2.175,5.95
ATOM,1554.0,CD,ARG,113.0,92.369,24.226,11.531,0.2,2.175,0.0
ATOM,1555.0,NE,ARG,113.0,93.015,24.558,12.79,-0.7,1.85,0.63
ATOM,1556.0,CZ,ARG,113.0,94.311,24.394,13.042,0.64,2.0,1.25
ATOM,1557.0,NH1,ARG,113.0,95.118,23.893,12.111,-0.8,1.85,14.54
ATOM,1558.0,NH2,ARG,113.0,94.796,24.729,14.234,-0.8,1.85,19.28
ATOM,1559.0,H,ARG,113.0,89.831,24.526,7.462,0.31,0.2245,0.0
ATOM,1560.0,HA,ARG,113.0,90.066,23.795,10.157,0.09,1.32,0.0
ATOM,1561.0,HB2,ARG,113.0,91.964,24.272,8.92,0.09,1.32,1.69
ATOM,1562.0,HB3,ARG,113.0,91.529,25.836,8.757,0.09,1.32,0.03
ATOM,1563.0,HG2,ARG,113.0,93.26,25.628,10.335,0.09,1.32,7.23
ATOM,1564.0,HG3,ARG,113.0,91.902,26.164,11.067,0.09,1.32,0.0
ATOM,1565.0,HD2,ARG,113.0,91.432,23.933,11.71,0.09,1.32,0.0
ATOM,1566.0,HD3,ARG,113.0,92.874,23.487,11.088,0.09,1.32,0.24
ATOM,1567.0,HE,ARG,113.0,92.442,24.941,13.529,0.44,0.2245,0.0
ATOM,1568.0,HH11,ARG,113.0,94.772,23.653,11.209,0.46,0.2245,8.07
ATOM,1569.0,HH12,ARG,113.0,96.092,23.756,12.321,0.46,0.2245,10.82
ATOM,1570.0,HH21,ARG,113.0,94.188,25.12,14.927,0.46,0.2245,6.16
ATOM,1571.0,HH22,ARG,113.0,95.764,24.592,14.438,0.46,0.2245,11.57
ATOM,1572.0,N,GLN,114.0,89.174,26.916,9.974,-0.47,1.85,0.0
ATOM,1573.0,CA,GLN,114.0,88.567,28.034,10.692,0.07,2.275,0.0
ATOM,1574.0,C,GLN,114.0,87.147,27.729,11.143,0.51,2.0,0.0
ATOM,1575.0,O,GLN,114.0,86.733,28.147,12.222,-0.51,1.7,0.0
ATOM,1576.0,CB,GLN,114.0,88.562,29.292,9.815,-0.18,2.175,0.0
ATOM,1577.0,CG,GLN,114.0,89.938,29.7,9.285,-0.18,2.175,1.1
ATOM,1578.0,CD,GLN,114.0,90.869,30.219,10.363,0.55,2.0,1.16
ATOM,1579.0,OE1,GLN,114.0,91.13,29.528,11.335,-0.55,1.7,1.64
ATOM,1580.0,NE2,GLN,114.0,91.341,31.452,10.217,-0.62,1.85,0.0
ATOM,1581.0,H,GLN,114.0,89.451,26.97,8.968,0.31,0.2245,0.0
ATOM,1582.0,HA,GLN,114.0,89.124,28.209,11.519,0.09,1.32,0.0
ATOM,1583.0,HB2,GLN,114.0,87.963,29.133,9.027,0.09,1.32,0.0
ATOM,1584.0,HB3,GLN,114.0,88.199,30.058,10.352,0.09,1.32,0.14
ATOM,1585.0,HG2,GLN,114.0,90.361,28.9,8.854,0.09,1.32,0.03
ATOM,1586.0,HG3,GLN,114.0,89.812,30.417,8.596,0.09,1.32,0.0
ATOM,1587.0,HE21,GLN,114.0,91.955,31.866,10.905,0.32,0.2245,0.0
ATOM,1588.0,HE22,GLN,114.0,91.07,31.983,9.386,0.3,0.2245,0.0
ATOM,1589.0,N,ALA,115.0,86.398,27.021,10.304,-0.47,1.85,0.0
ATOM,1590.0,CA,ALA,115.0,85.022,26.67,10.632,0.07,2.275,0.0
ATOM,1591.0,C,ALA,115.0,85.017,25.779,11.873,0.51,2.0,0.0
ATOM,1592.0,O,ALA,115.0,84.174,25.942,12.761,-0.51,1.7,0.0
ATOM,1593.0,CB,ALA,115.0,84.369,25.96,9.458,-0.27,2.06,0.0
ATOM,1594.0,H,ALA,115.0,86.866,26.749,9.421,0.31,0.2245,0.0
ATOM,1595.0,HA,ALA,115.0,84.512,27.505,10.837,0.09,1.32,0.0
ATOM,1596.0,HB1,ALA,115.0,84.982,25.984,8.668,0.09,1.32,0.0
ATOM,1597.0,HB2,ALA,115.0,84.182,25.009,9.703,0.09,1.32,0.0
ATOM,1598.0,HB3,ALA,115.0,83.51,26.417,9.225,0.09,1.32,0.0
ATOM,1599.0,N,LEU,116.0,85.982,24.859,11.936,-0.47,1.85,0.0
ATOM,1600.0,CA,LEU,116.0,86.12,23.941,13.067,0.07,2.275,0.0
ATOM,1601.0,C,LEU,116.0,86.513,24.711,14.317,0.51,2.0,0.0
ATOM,1602.0,O,LEU,116.0,85.961,24.47,15.392,-0.51,1.7,0.0
ATOM,1603.0,CB,LEU,116.0,87.167,22.865,12.765,-0.18,2.175,0.0
ATOM,1604.0,CG,LEU,116.0,86.747,21.518,12.168,-0.09,2.275,0.0
ATOM,1605.0,CD1,LEU,116.0,85.457,21.631,11.382,-0.27,2.06,0.13
ATOM,1606.0,CD2,LEU,116.0,87.872,20.983,11.295,-0.27,2.06,0.43
ATOM,1607.0,H,LEU,116.0,86.624,24.852,11.115,0.31,0.2245,0.0
ATOM,1608.0,HA,LEU,116.0,85.234,23.499,13.228,0.09,1.32,0.0
ATOM,1609.0,HB2,LEU,116.0,87.844,23.271,12.127,0.09,1.32,0.0
ATOM,1610.0,HB3,LEU,116.0,87.655,22.664,13.631,0.09,1.32,0.0
ATOM,1611.0,HG,LEU,116.0,86.628,20.858,12.916,0.09,1.32,0.0
ATOM,1612.0,HD11,LEU,116.0,85.575,22.283,10.631,0.09,1.32,0.0
ATOM,1613.0,HD12,LEU,116.0,85.211,20.736,11.006,0.09,1.32,0.0
ATOM,1614.0,HD13,LEU,116.0,84.722,21.95,11.983,0.09,1.32,0.0
ATOM,1615.0,HD21,LEU,116.0,88.697,20.861,11.849,0.09,1.32,0.0
ATOM,1616.0,HD22,LEU,116.0,87.602,20.103,10.903,0.09,1.32,0.0
ATOM,1617.0,HD23,LEU,116.0,88.061,21.632,10.557,0.09,1.32,0.0
ATOM,1618.0,N,GLU,117.0,87.451,25.649,14.174,-0.47,1.85,0.0
ATOM,1619.0,CA,GLU,117.0,87.905,26.463,15.309,0.07,2.275,0.0
ATOM,1620.0,C,GLU,117.0,86.757,27.332,15.837,0.51,2.0,0.0
ATOM,1621.0,O,GLU,117.0,86.646,27.571,17.043,-0.51,1.7,0.0
ATOM,1622.0,CB,GLU,117.0,89.077,27.37,14.901,-0.18,2.175,0.0
ATOM,1623.0,CG,GLU,117.0,90.366,26.66,14.47,-0.28,2.175,2.37
ATOM,1624.0,CD,GLU,117.0,91.172,26.123,15.635,0.62,2.0,2.03
ATOM,1625.0,OE1,GLU,117.0,91.072,26.67,16.75,-0.76,1.7,16.29
ATOM,1626.0,OE2,GLU,117.0,91.915,25.141,15.447,-0.76,1.7,1.02
ATOM,1627.0,H,GLU,117.0,87.824,25.752,13.214,0.31,0.2245,0.0
ATOM,1628.0,HA,GLU,117.0,88.234,25.864,16.043,0.09,1.32,0.0
ATOM,1629.0,HB2,GLU,117.0,88.775,27.922,14.135,0.09,1.32,0.0
ATOM,1630.0,HB3,GLU,117.0,89.301,27.939,15.68,0.09,1.32,0.11
ATOM,1631.0,HG2,GLU,117.0,90.115,25.898,13.9,0.09,1.32,0.0
ATOM,1632.0,HG3,GLU,117.0,90.926,27.312,13.992,0.09,1.32,2.42
ATOM,1633.0,N,LEU,118.0,85.915,27.799,14.917,-0.47,1.85,0.0
ATOM,1634.0,CA,LEU,118.0,84.77,28.654,15.238,0.07,2.275,0.0
ATOM,1635.0,C,LEU,118.0,83.726,27.89,16.045,0.51,2.0,0.0
ATOM,1636.0,O,LEU,118.0,83.291,28.331,17.11,-0.51,1.7,0.42
ATOM,1637.0,CB,LEU,118.0,84.14,29.196,13.942,-0.18,2.175,0.0
ATOM,1638.0,CG,LEU,118.0,83.019,30.243,14.063,-0.09,2.275,1.62
ATOM,1639.0,CD1,LEU,118.0,83.539,31.502,14.747,-0.27,2.06,6.92
ATOM,1640.0,CD2,LEU,118.0,82.462,30.576,12.672,-0.27,2.06,3.13
ATOM,1641.0,H,LEU,118.0,86.142,27.502,13.938,0.31,0.2245,0.0
ATOM,1642.0,HA,LEU,118.0,85.096,29.429,15.791,0.09,1.32,0.0
ATOM,1643.0,HB2,LEU,118.0,84.874,29.612,13.399,0.09,1.32,0.0
ATOM,1644.0,HB3,LEU,118.0,83.763,28.416,13.439,0.09,1.32,0.0
ATOM,1645.0,HG,LEU,118.0,82.274,29.855,14.601,0.09,1.32,5.49
ATOM,1646.0,HD11,LEU,118.0,84.288,31.888,14.209,0.09,1.32,0.0
ATOM,1647.0,HD12,LEU,118.0,82.8,32.172,14.818,0.09,1.32,0.54
ATOM,1648.0,HD13,LEU,118.0,83.87,31.272,15.662,0.09,1.32,0.57
ATOM,1649.0,HD21,LEU,118.0,82.096,29.745,12.258,0.09,1.32,0.0
ATOM,1650.0,HD22,LEU,118.0,81.736,31.256,12.763,0.09,1.32,0.12
ATOM,1651.0,HD23,LEU,118.0,83.197,30.941,12.103,0.09,1.32,0.0
ATOM,1652.0,N,ALA,119.0,83.33,26.739,15.52,-0.47,1.85,0.0
ATOM,1653.0,CA,ALA,119.0,82.353,25.882,16.169,0.07,2.275,0.95
ATOM,1654.0,C,ALA,119.0,82.825,25.443,17.562,0.51,2.0,0.0
ATOM,1655.0,O,ALA,119.0,82.075,25.519,18.535,-0.51,1.7,0.4
ATOM,1656.0,CB,ALA,119.0,82.077,24.684,15.3,-0.27,2.06,0.06
ATOM,1657.0,H,ALA,119.0,83.779,26.504,14.606,0.31,0.2245,0.0
ATOM,1658.0,HA,ALA,119.0,81.488,26.39,16.276,0.09,1.32,3.16
ATOM,1659.0,HB1,ALA,119.0,82.861,24.06,15.318,0.09,1.32,0.0
ATOM,1660.0,HB2,ALA,119.0,81.266,24.198,15.634,0.09,1.32,0.27
ATOM,1661.0,HB3,ALA,119.0,81.915,24.976,14.355,0.09,1.32,0.0
ATOM,1662.0,N,ARG,120.0,84.073,25.001,17.659,-0.47,1.85,0.0
ATOM,1663.0,CA,ARG,120.0,84.622,24.566,18.936,0.07,2.275,0.0
ATOM,1664.0,C,ARG,120.0,84.616,25.714,19.948,0.51,2.0,0.0
ATOM,1665.0,O,ARG,120.0,84.483,25.485,21.148,-0.51,1.7,1.73
ATOM,1666.0,CB,ARG,120.0,86.037,24.015,18.756,-0.18,2.175,0.0
ATOM,1667.0,CG,ARG,120.0,86.672,23.542,20.049,-0.18,2.175,2.54
ATOM,1668.0,CD,ARG,120.0,88.077,24.108,20.202,0.2,2.175,9.99
ATOM,1669.0,NE,ARG,120.0,89.116,23.149,19.828,-0.7,1.85,5.22
ATOM,1670.0,CZ,ARG,120.0,90.289,23.484,19.296,0.64,2.0,2.35
ATOM,1671.0,NH1,ARG,120.0,90.562,24.757,19.037,-0.8,1.85,12.42
ATOM,1672.0,NH2,ARG,120.0,91.175,22.543,18.998,-0.8,1.85,11.07
ATOM,1673.0,H,ARG,120.0,84.607,24.993,16.771,0.31,0.2245,0.0
ATOM,1674.0,HA,ARG,120.0,84.055,23.819,19.299,0.09,1.32,0.0
ATOM,1675.0,HB2,ARG,120.0,85.993,23.243,18.131,0.09,1.32,0.0
ATOM,1676.0,HB3,ARG,120.0,86.606,24.736,18.376,0.09,1.32,0.0
ATOM,1677.0,HG2,ARG,120.0,86.128,23.851,20.822,0.09,1.32,0.01
ATOM,1678.0,HG3,ARG,120.0,86.738,22.55,20.046,0.09,1.32,0.46
ATOM,1679.0,HD2,ARG,120.0,88.15,24.916,19.619,0.09,1.32,0.0
ATOM,1680.0,HD3,ARG,120.0,88.201,24.371,21.158,0.09,1.32,11.34
ATOM,1681.0,HE,ARG,120.0,88.931,22.172,19.983,0.44,0.2245,5.56
ATOM,1682.0,HH11,ARG,120.0,89.911,25.479,19.252,0.46,0.2245,4.7
ATOM,1683.0,HH12,ARG,120.0,91.446,24.999,18.616,0.46,0.2245,7.17
ATOM,1684.0,HH21,ARG,120.0,90.963,21.582,19.194,0.46,0.2245,0.97
ATOM,1685.0,HH22,ARG,120.0,92.048,22.787,18.582,0.46,0.2245,8.89
ATOM,1686.0,N,MET,121.0,84.756,26.948,19.468,-0.47,1.85,0.0
ATOM,1687.0,CA,MET,121.0,84.734,28.11,20.354,0.07,2.275,0.69
ATOM,1688.0,C,MET,121.0,83.349,28.311,20.976,0.51,2.0,0.08
ATOM,1689.0,O,MET,121.0,83.237,28.691,22.147,-0.51,1.7,24.48
ATOM,1690.0,CB,MET,121.0,85.138,29.381,19.605,-0.18,2.175,3.91
ATOM,1691.0,CG,MET,121.0,86.628,29.591,19.492,-0.14,2.175,8.46
ATOM,1692.0,SD,MET,121.0,87.025,31.168,18.728,-0.09,2.0,1.62
ATOM,1693.0,CE,MET,121.0,86.828,32.275,20.108,-0.22,2.06,29.93
ATOM,1694.0,H,MET,121.0,84.878,27.01,18.443,0.31,0.2245,0.0
ATOM,1695.0,HA,MET,121.0,85.387,27.947,21.103,0.09,1.32,6.57
ATOM,1696.0,HB2,MET,121.0,84.745,29.347,18.674,0.09,1.32,0.0
ATOM,1697.0,HB3,MET,121.0,84.734,30.178,20.079,0.09,1.32,3.54
ATOM,1698.0,HG2,MET,121.0,87.042,29.527,20.426,0.09,1.32,7.64
ATOM,1699.0,HG3,MET,121.0,87.031,28.817,18.956,0.09,1.32,0.04
ATOM,1700.0,HE1,MET,121.0,87.454,33.053,20.014,0.09,1.32,0.74
ATOM,1701.0,HE2,MET,121.0,85.885,32.616,20.14,0.09,1.32,7.16
ATOM,1702.0,HE3,MET,121.0,87.031,31.793,20.964,0.09,1.32,7.93
ATOM,1703.0,N,ALA,122.0,82.308,28.066,20.185,-0.47,1.85,0.09
ATOM,1704.0,CA,ALA,122.0,80.931,28.221,20.645,0.07,2.275,3.16
ATOM,1705.0,C,ALA,122.0,80.44,26.999,21.417,0.51,2.0,0.0
ATOM,1706.0,O,ALA,122.0,79.522,27.1,22.247,-0.51,1.7,28.51
ATOM,1707.0,CB,ALA,122.0,80.012,28.493,19.463,-0.27,2.06,33.47
ATOM,1708.0,H,ALA,122.0,82.557,27.758,19.222,0.31,0.2245,0.0
ATOM,1709.0,HA,ALA,122.0,80.882,29.027,21.256,0.09,1.32,9.11
ATOM,1710.0,HB1,ALA,122.0,80.541,28.888,18.712,0.09,1.32,3.28
ATOM,1711.0,HB2,ALA,122.0,79.595,27.637,19.16,0.09,1.32,5.09
ATOM,1712.0,HB3,ALA,122.0,79.295,29.133,19.737,0.09,1.32,11.83
ATOM,1713.0,N,ASN,123.0,81.022,25.841,21.111,-0.47,1.85,0.0
ATOM,1714.0,CA,ASN,123.0,80.651,24.588,21.762,0.07,2.275,0.22
ATOM,1715.0,C,ASN,123.0,81.885,23.727,21.936,0.51,2.0,0.0
ATOM,1716.0,O,ASN,123.0,82.348,23.097,20.991,-0.51,1.7,0.0
ATOM,1717.0,CB,ASN,123.0,79.601,23.829,20.937,-0.18,2.175,9.21
ATOM,1718.0,CG,ASN,123.0,79.311,22.437,21.49,0.55,2.0,2.17
ATOM,1719.0,H,ASN,123.0,81.756,25.907,20.375,0.31,0.2245,0.0
ATOM,1720.0,HA,ASN,123.0,80.317,24.819,22.677,0.09,1.32,1.49
ATOM,1721.0,HB2,ASN,123.0,78.756,24.354,20.945,0.09,1.32,8.44
ATOM,1722.0,HB3,ASN,123.0,79.941,23.735,20.007,0.09,1.32,0.0
ATOM,1723.0,OD1,ASN,123.0,79.594,22.143,22.659,-0.55,1.7,11.01
ATOM,1724.0,ND2,ASN,123.0,78.762,21.567,20.646,-0.62,1.85,2.39
ATOM,1725.0,HD22,ASN,123.0,78.569,21.844,19.703,0.3,0.2245,0.0
ATOM,1726.0,HD21,ASN,123.0,78.544,20.642,20.95,0.32,0.2245,4.41
ATOM,1727.0,N,PRO,124.0,82.453,23.718,23.147,-0.29,1.85,0.0
ATOM,1728.0,CA,PRO,124.0,83.647,22.933,23.461,0.02,2.275,0.86
ATOM,1729.0,C,PRO,124.0,83.444,21.432,23.279,0.51,2.0,0.15
ATOM,1730.0,O,PRO,124.0,84.335,20.735,22.802,-0.51,1.7,17.68
ATOM,1731.0,CB,PRO,124.0,83.902,23.29,24.923,-0.18,2.175,17.67
ATOM,1732.0,CG,PRO,124.0,83.441,24.713,24.986,-0.18,2.175,21.66
ATOM,1733.0,CD,PRO,124.0,82.125,24.625,24.259,0.0,2.175,11.73
ATOM,1734.0,HA,PRO,124.0,84.439,23.254,22.91,0.09,1.32,0.26
ATOM,1735.0,HB2,PRO,124.0,83.363,22.714,25.529,0.09,1.32,2.44
ATOM,1736.0,HB3,PRO,124.0,84.868,23.218,25.144,0.09,1.32,11.24
ATOM,1737.0,HG2,PRO,124.0,83.312,24.998,25.923,0.09,1.32,10.93
ATOM,1738.0,HG3,PRO,124.0,84.072,25.306,24.511,0.09,1.32,5.03
ATOM,1739.0,HD2,PRO,124.0,81.416,24.233,24.835,0.09,1.32,7.48
ATOM,1740.0,HD3,PRO,124.0,81.838,25.514,23.915,0.09,1.32,0.67
ATOM,1741.0,N,ASP,125.0,82.26,20.937,23.621,-0.47,1.85,0.0
ATOM,1742.0,CA,ASP,125.0,81.988,19.509,23.494,0.07,2.275,1.96
ATOM,1743.0,C,ASP,125.0,81.54,19.131,22.09,0.51,2.0,0.0
ATOM,1744.0,O,ASP,125.0,80.807,18.157,21.902,-0.51,1.7,5.71
ATOM,1745.0,CB,ASP,125.0,80.937,19.074,24.519,-0.28,2.175,14.47
ATOM,1746.0,CG,ASP,125.0,81.359,19.368,25.948,0.62,2.0,3.15
ATOM,1747.0,OD1,ASP,125.0,82.436,18.883,26.378,-0.76,1.7,37.69
ATOM,1748.0,OD2,ASP,125.0,80.608,20.094,26.637,-0.76,1.7,39.75
ATOM,1749.0,H,ASP,125.0,81.576,21.624,23.971,0.31,0.2245,0.0
ATOM,1750.0,HA,ASP,125.0,82.858,19.023,23.668,0.09,1.32,6.1
ATOM,1751.0,HB2,ASP,125.0,80.098,19.568,24.326,0.09,1.32,3.8
ATOM,1752.0,HB3,ASP,125.0,80.799,18.097,24.421,0.09,1.32,8.64
ATOM,1753.0,N,LEU,126.0,82.007,19.883,21.103,-0.47,1.85,0.0
ATOM,1754.0,CA,LEU,126.0,81.649,19.635,19.718,0.07,2.275,0.0
ATOM,1755.0,C,LEU,126.0,82.086,18.248,19.264,0.51,2.0,0.0
ATOM,1756.0,O,LEU,126.0,83.119,17.744,19.694,-0.51,1.7,0.23
ATOM,1757.0,CB,LEU,126.0,82.301,20.69,18.827,-0.18,2.175,0.0
ATOM,1758.0,CG,LEU,126.0,81.931,20.729,17.347,-0.09,2.275,0.0
ATOM,1759.0,CD1,LEU,126.0,80.535,21.317,17.179,-0.27,2.06,1.03
ATOM,1760.0,CD2,LEU,126.0,82.944,21.571,16.599,-0.27,2.06,0.0
ATOM,1761.0,H,LEU,126.0,82.641,20.652,21.404,0.31,0.2245,0.0
ATOM,1762.0,HA,LEU,126.0,80.645,19.696,19.627,0.09,1.32,0.0
ATOM,1763.0,HB2,LEU,126.0,82.078,21.595,19.212,0.09,1.32,0.0
ATOM,1764.0,HB3,LEU,126.0,83.298,20.561,18.881,0.09,1.32,0.0
ATOM,1765.0,HG,LEU,126.0,81.945,19.802,16.982,0.09,1.32,0.0
ATOM,1766.0,HD11,LEU,126.0,80.518,22.246,17.549,0.09,1.32,0.49
ATOM,1767.0,HD12,LEU,126.0,80.298,21.34,16.208,0.09,1.32,0.0
ATOM,1768.0,HD13,LEU,126.0,79.873,20.751,17.67,0.09,1.32,0.0
ATOM,1769.0,HD21,LEU,126.0,83.858,21.173,16.704,0.09,1.32,0.0
ATOM,1770.0,HD22,LEU,126.0,82.707,21.601,15.626,0.09,1.32,0.0
ATOM,1771.0,HD23,LEU,126.0,82.946,22.503,16.966,0.09,1.32,0.0
ATOM,1772.0,N,ARG,129.0,81.255,17.616,18.443,-0.47,1.85,0.0
ATOM,1773.0,CA,ARG,129.0,81.551,16.308,17.875,0.07,2.275,0.0
ATOM,1774.0,C,ARG,129.0,81.259,16.491,16.4,0.51,2.0,0.0
ATOM,1775.0,O,ARG,129.0,80.275,17.136,16.043,-0.51,1.7,0.0
ATOM,1776.0,CB,ARG,129.0,80.626,15.214,18.417,-0.18,2.175,0.0
ATOM,1777.0,CG,ARG,129.0,80.712,14.954,19.905,-0.18,2.175,2.58
ATOM,1778.0,CD,ARG,129.0,79.946,13.683,20.262,0.2,2.175,8.62
ATOM,1779.0,NE,ARG,129.0,78.544,13.72,19.833,-0.7,1.85,0.0
ATOM,1780.0,CZ,ARG,129.0,77.864,12.656,19.411,0.64,2.0,0.0
ATOM,1781.0,NH1,ARG,129.0,78.45,11.464,19.35,-0.8,1.85,9.91
ATOM,1782.0,NH2,ARG,129.0,76.582,12.769,19.085,-0.8,1.85,1.15
ATOM,1783.0,H,ARG,129.0,80.371,18.138,18.24,0.31,0.2245,0.0
ATOM,1784.0,HA,ARG,129.0,82.504,16.113,17.992,0.09,1.32,0.0
ATOM,1785.0,HB2,ARG,129.0,79.681,15.474,18.199,0.09,1.32,0.0
ATOM,1786.0,HB3,ARG,129.0,80.845,14.359,17.938,0.09,1.32,0.0
ATOM,1787.0,HG2,ARG,129.0,81.658,14.827,20.171,0.09,1.32,0.0
ATOM,1788.0,HG3,ARG,129.0,80.303,15.707,20.403,0.09,1.32,0.38
ATOM,1789.0,HD2,ARG,129.0,80.404,12.913,19.82,0.09,1.32,0.37
ATOM,1790.0,HD3,ARG,129.0,79.983,13.571,21.255,0.09,1.32,6.59
ATOM,1791.0,HE,ARG,129.0,78.069,14.605,19.86,0.44,0.2245,0.0
ATOM,1792.0,HH11,ARG,129.0,79.397,11.344,19.637,0.46,0.2245,4.0
ATOM,1793.0,HH12,ARG,129.0,77.93,10.672,19.011,0.46,0.2245,7.52
ATOM,1794.0,HH21,ARG,129.0,76.127,13.659,19.179,0.46,0.2245,0.0
ATOM,1795.0,HH22,ARG,129.0,76.075,11.979,18.752,0.46,0.2245,1.5
ATOM,1796.0,N,VAL,133.0,82.099,15.931,15.545,-0.47,1.85,0.0
ATOM,1797.0,CA,VAL,133.0,81.896,16.055,14.113,0.07,2.275,0.0
ATOM,1798.0,C,VAL,133.0,81.506,14.692,13.529,0.51,2.0,0.0
ATOM,1799.0,O,VAL,133.0,81.959,13.651,14.012,-0.51,1.7,0.0
ATOM,1800.0,CB,VAL,133.0,83.186,16.578,13.4,-0.09,2.275,0.0
ATOM,1801.0,CG1,VAL,133.0,82.827,17.338,12.133,-0.27,2.06,0.0
ATOM,1802.0,CG2,VAL,133.0,84.01,17.451,14.332,-0.27,2.06,0.0
ATOM,1803.0,H,VAL,133.0,82.887,15.414,15.973,0.31,0.2245,0.0
ATOM,1804.0,HA,VAL,133.0,81.134,16.684,13.952,0.09,1.32,0.0
ATOM,1805.0,HB,VAL,133.0,83.713,15.781,13.13,0.09,1.32,0.0
ATOM,1806.0,HG11,VAL,133.0,83.662,17.566,11.632,0.09,1.32,0.0
ATOM,1807.0,HG12,VAL,133.0,82.239,16.77,11.557,0.09,1.32,0.0
ATOM,1808.0,HG13,VAL,133.0,82.343,18.18,12.373,0.09,1.32,0.0
ATOM,1809.0,HG21,VAL,133.0,84.553,18.093,13.79,0.09,1.32,0.0
ATOM,1810.0,HG22,VAL,133.0,83.397,17.958,14.939,0.09,1.32,0.0
ATOM,1811.0,HG23,VAL,133.0,84.618,16.873,14.876,0.09,1.32,0.0
ATOM,1812.0,N,PHE,134.0,80.621,14.714,12.536,-0.47,1.85,0.0
ATOM,1813.0,CA,PHE,134.0,80.161,13.52,11.829,0.07,2.275,0.0
ATOM,1814.0,C,PHE,134.0,80.627,13.674,10.391,0.51,2.0,0.0
ATOM,1815.0,O,PHE,134.0,80.332,14.677,9.739,-0.51,1.7,0.0
ATOM,1816.0,CB,PHE,134.0,78.63,13.416,11.836,-0.18,2.175,0.0
ATOM,1817.0,CG,PHE,134.0,78.057,12.947,13.136,0.0,1.9924,0.0
ATOM,1818.0,CD1,PHE,134.0,77.95,13.814,14.22,-0.115,1.9924,0.0
ATOM,1819.0,CD2,PHE,134.0,77.612,11.634,13.275,-0.115,1.9924,0.0
ATOM,1820.0,CE1,PHE,134.0,77.411,13.387,15.422,-0.115,1.9924,0.0
ATOM,1821.0,CE2,PHE,134.0,77.067,11.189,14.478,-0.115,1.9924,0.19
ATOM,1822.0,CZ,PHE,134.0,76.965,12.068,15.555,-0.115,1.9924,0.16
ATOM,1823.0,H,PHE,134.0,80.274,15.679,12.298,0.31,0.2245,0.0
ATOM,1824.0,HA,PHE,134.0,80.651,12.75,12.211,0.09,1.32,0.0
ATOM,1825.0,HB2,PHE,134.0,78.268,14.317,11.645,0.09,1.32,0.0
ATOM,1826.0,HB3,PHE,134.0,78.371,12.77,11.132,0.09,1.32,0.0
ATOM,1827.0,HD1,PHE,134.0,78.264,14.756,14.131,0.115,1.3582,0.0
ATOM,1828.0,HD2,PHE,134.0,77.684,11.004,12.503,0.115,1.3582,0.0
ATOM,1829.0,HE1,PHE,134.0,77.342,14.023,16.197,0.115,1.3582,0.0
ATOM,1830.0,HE2,PHE,134.0,76.751,10.235,14.564,0.115,1.3582,2.92
ATOM,1831.0,HZ,PHE,134.0,76.576,11.763,16.42,0.115,1.3582,0.1
ATOM,1832.0,N,VAL,135.0,81.337,12.681,9.886,-0.47,1.85,0.0
ATOM,1833.0,CA,VAL,135.0,81.848,12.74,8.52,0.07,2.275,0.0
ATOM,1834.0,C,VAL,135.0,81.299,11.557,7.736,0.51,2.0,0.0
ATOM,1835.0,O,VAL,135.0,80.908,10.548,8.32,-0.51,1.7,0.0
ATOM,1836.0,CB,VAL,135.0,83.405,12.709,8.512,-0.09,2.275,0.0
ATOM,1837.0,CG1,VAL,135.0,83.948,13.901,9.292,-0.27,2.06,0.0
ATOM,1838.0,CG2,VAL,135.0,83.92,11.409,9.143,-0.27,2.06,2.02
ATOM,1839.0,H,VAL,135.0,81.496,11.88,10.522,0.31,0.2245,0.0
ATOM,1840.0,HA,VAL,135.0,81.509,13.578,8.095,0.09,1.32,0.0
ATOM,1841.0,HB,VAL,135.0,83.697,12.815,7.572,0.09,1.32,0.0
ATOM,1842.0,HG11,VAL,135.0,84.943,13.829,9.36,0.09,1.32,0.0
ATOM,1843.0,HG12,VAL,135.0,83.706,14.747,8.818,0.09,1.32,0.0
ATOM,1844.0,HG13,VAL,135.0,83.551,13.907,10.209,0.09,1.32,0.0
ATOM,1845.0,HG21,VAL,135.0,83.173,10.971,9.639,0.09,1.32,0.0
ATOM,1846.0,HG22,VAL,135.0,84.249,10.806,8.419,0.09,1.32,1.89
ATOM,1847.0,HG23,VAL,135.0,84.664,11.626,9.771,0.09,1.32,0.0
ATOM,1848.0,N,SER,136.0,81.24,11.685,6.422,-0.47,1.85,0.0
ATOM,1849.0,CA,SER,136.0,80.727,10.599,5.614,0.07,2.275,0.0
ATOM,1850.0,C,SER,136.0,81.678,9.416,5.597,0.51,2.0,0.0
ATOM,1851.0,O,SER,136.0,82.802,9.487,6.101,-0.51,1.7,2.42
ATOM,1852.0,CB,SER,136.0,80.43,11.076,4.183,0.05,2.175,0.0
ATOM,1853.0,OG,SER,136.0,81.54,11.72,3.573,-0.66,1.77,0.0
ATOM,1854.0,H,SER,136.0,81.575,12.582,6.045,0.31,0.2245,0.04
ATOM,1855.0,HA,SER,136.0,79.854,10.288,6.019,0.09,1.32,0.0
ATOM,1856.0,HB2,SER,136.0,80.172,10.282,3.629,0.09,1.32,0.0
ATOM,1857.0,HB3,SER,136.0,79.661,11.718,4.215,0.09,1.32,0.0
ATOM,1858.0,HG,SER,136.0,82.145,11.032,3.176,0.43,0.2245,0.0
ATOM,1859.0,N,ASP,137.0,81.201,8.311,5.051,-0.47,1.85,0.0
ATOM,1860.0,CA,ASP,137.0,82.002,7.117,4.929,0.07,2.275,0.0
ATOM,1861.0,C,ASP,137.0,81.943,6.738,3.456,0.51,2.0,0.0
ATOM,1862.0,O,ASP,137.0,80.924,6.231,2.986,-0.51,1.7,0.0
ATOM,1863.0,CB,ASP,137.0,81.411,6.002,5.788,-0.28,2.175,0.0
ATOM,1864.0,CG,ASP,137.0,82.264,4.755,5.787,0.62,2.0,2.34
ATOM,1865.0,OD1,ASP,137.0,82.089,3.919,4.876,-0.76,1.7,28.27
ATOM,1866.0,OD2,ASP,137.0,83.111,4.615,6.694,-0.76,1.7,33.38
ATOM,1867.0,H,ASP,137.0,80.213,8.379,4.723,0.31,0.2245,0.0
ATOM,1868.0,HA,ASP,137.0,82.94,7.36,5.127,0.09,1.32,0.55
ATOM,1869.0,HB2,ASP,137.0,81.336,6.339,6.72,0.09,1.32,0.0
ATOM,1870.0,HB3,ASP,137.0,80.513,5.778,5.426,0.09,1.32,0.0
ATOM,1871.0,N,PRO,138.0,83.006,7.038,2.691,-0.29,1.85,0.0
ATOM,1872.0,CA,PRO,138.0,84.245,7.698,3.11,0.02,2.275,0.93
ATOM,1873.0,C,PRO,138.0,84.186,9.208,2.874,0.51,2.0,0.0
ATOM,1874.0,O,PRO,138.0,83.146,9.752,2.483,-0.51,1.7,0.0
ATOM,1875.0,CB,PRO,138.0,85.274,7.061,2.187,-0.18,2.175,9.11
ATOM,1876.0,CG,PRO,138.0,84.524,7.009,0.902,-0.18,2.175,0.0
ATOM,1877.0,CD,PRO,138.0,83.134,6.542,1.307,0.0,2.175,0.26
ATOM,1878.0,HA,PRO,138.0,84.447,7.498,4.078,0.09,1.32,4.49
ATOM,1879.0,HB2,PRO,138.0,86.082,7.632,2.108,0.09,1.32,1.58
ATOM,1880.0,HB3,PRO,138.0,85.516,6.151,2.498,0.09,1.32,6.53
ATOM,1881.0,HG2,PRO,138.0,84.479,7.911,0.476,0.09,1.32,0.0
ATOM,1882.0,HG3,PRO,138.0,84.94,6.358,0.271,0.09,1.32,0.0
ATOM,1883.0,HD2,PRO,138.0,82.435,6.945,0.722,0.09,1.32,0.0
ATOM,1884.0,HD3,PRO,138.0,83.067,5.547,1.28,0.09,1.32,2.03
ATOM,1885.0,N,THR,139.0,85.311,9.877,3.096,-0.47,1.85,0.0
ATOM,1886.0,CA,THR,139.0,85.402,11.308,2.88,0.07,2.275,0.0
ATOM,1887.0,C,THR,139.0,86.845,11.659,2.564,0.51,2.0,0.0
ATOM,1888.0,O,THR,139.0,87.728,10.796,2.606,-0.51,1.7,3.93
ATOM,1889.0,CB,THR,139.0,84.929,12.109,4.116,0.14,2.275,0.0
ATOM,1890.0,OG1,THR,139.0,84.824,13.5,3.778,-0.66,1.77,0.0
ATOM,1891.0,CG2,THR,139.0,85.898,11.956,5.276,-0.27,2.06,0.45
ATOM,1892.0,H,THR,139.0,86.104,9.294,3.432,0.31,0.2245,4.19
ATOM,1893.0,HA,THR,139.0,84.837,11.552,2.092,0.09,1.32,0.0
ATOM,1894.0,HB,THR,139.0,84.004,11.776,4.386,0.09,1.32,0.0
ATOM,1895.0,HG21,THR,139.0,86.215,11.006,5.333,0.09,1.32,4.14
ATOM,1896.0,HG22,THR,139.0,86.689,12.557,5.141,0.09,1.32,0.0
ATOM,1897.0,HG23,THR,139.0,85.443,12.201,6.135,0.09,1.32,0.0
ATOM,1898.0,HG1,THR,139.0,83.888,13.828,3.94,0.43,0.2245,0.06
ATOM,1899.0,N,TRP,140.0,87.06,12.926,2.222,-0.47,1.85,0.0
ATOM,1900.0,CA,TRP,140.0,88.376,13.479,1.904,0.07,2.275,0.0
ATOM,1901.0,C,TRP,140.0,89.239,13.309,3.165,0.51,2.0,0.0
ATOM,1902.0,O,TRP,140.0,88.949,13.902,4.21,-0.51,1.7,0.0
ATOM,1903.0,CB,TRP,140.0,88.197,14.959,1.574,-0.18,2.175,1.72
ATOM,1904.0,CG,TRP,140.0,89.356,15.637,0.926,-0.03,1.9924,0.67
ATOM,1905.0,CD1,TRP,140.0,90.064,15.207,-0.158,0.035,1.9924,2.14
ATOM,1906.0,CD2,TRP,140.0,89.891,16.919,1.275,-0.02,1.8,1.67
ATOM,1907.0,NE1,TRP,140.0,90.997,16.149,-0.512,-0.61,1.85,3.29
ATOM,1908.0,CE2,TRP,140.0,90.914,17.206,0.35,0.13,1.8,1.36
ATOM,1909.0,CE3,TRP,140.0,89.598,17.852,2.276,-0.115,1.9924,2.22
ATOM,1910.0,CZ2,TRP,140.0,91.652,18.391,0.4,-0.115,1.9924,2.99
ATOM,1911.0,CZ3,TRP,140.0,90.332,19.024,2.324,-0.115,1.9924,3.15
ATOM,1912.0,CH2,TRP,140.0,91.348,19.282,1.389,-0.115,1.9924,6.39
ATOM,1913.0,H,TRP,140.0,86.183,13.513,2.198,0.31,0.2245,0.0
ATOM,1914.0,HA,TRP,140.0,88.779,12.924,1.193,0.09,1.32,0.0
ATOM,1915.0,HB2,TRP,140.0,87.411,15.057,0.955,0.09,1.32,0.06
ATOM,1916.0,HB3,TRP,140.0,87.999,15.457,2.425,0.09,1.32,0.0
ATOM,1917.0,HD1,TRP,140.0,89.926,14.336,-0.626,0.115,1.3582,0.68
ATOM,1918.0,HE1,TRP,140.0,91.636,16.074,-1.279,0.38,0.2245,15.66
ATOM,1919.0,HE3,TRP,140.0,88.877,17.681,2.941,0.115,1.3582,0.0
ATOM,1920.0,HZ2,TRP,140.0,92.376,18.563,-0.275,0.115,1.3582,14.24
ATOM,1921.0,HZ3,TRP,140.0,90.136,19.693,3.034,0.115,1.3582,0.0
ATOM,1922.0,HH2,TRP,140.0,91.854,20.144,1.46,0.115,1.3582,0.53
ATOM,1923.0,N,PRO,141.0,90.298,12.476,3.086,-0.29,1.85,0.0
ATOM,1924.0,CA,PRO,141.0,91.207,12.207,4.208,0.02,2.275,0.38
ATOM,1925.0,C,PRO,141.0,91.707,13.41,4.993,0.51,2.0,0.1
ATOM,1926.0,O,PRO,141.0,91.959,13.305,6.192,-0.51,1.7,0.68
ATOM,1927.0,CB,PRO,141.0,92.327,11.416,3.545,-0.18,2.175,17.18
ATOM,1928.0,CG,PRO,141.0,91.571,10.594,2.555,-0.18,2.175,22.91
ATOM,1929.0,CD,PRO,141.0,90.652,11.633,1.93,0.0,2.175,6.88
ATOM,1930.0,HA,PRO,141.0,90.776,11.518,4.848,0.09,1.32,4.38
ATOM,1931.0,HB2,PRO,141.0,92.969,12.022,3.09,0.09,1.32,4.25
ATOM,1932.0,HB3,PRO,141.0,92.795,10.841,4.204,0.09,1.32,11.24
ATOM,1933.0,HG2,PRO,141.0,92.177,10.21,1.874,0.09,1.32,11.28
ATOM,1934.0,HG3,PRO,141.0,91.044,9.89,3.006,0.09,1.32,8.42
ATOM,1935.0,HD2,PRO,141.0,91.129,12.163,1.238,0.09,1.32,4.53
ATOM,1936.0,HD3,PRO,141.0,89.841,11.207,1.541,0.09,1.32,0.04
ATOM,1937.0,N,ASN,142.0,91.831,14.556,4.34,-0.47,1.85,0.04
ATOM,1938.0,CA,ASN,142.0,92.282,15.752,5.041,0.07,2.275,0.69
ATOM,1939.0,C,ASN,142.0,91.303,16.123,6.152,0.51,2.0,0.0
ATOM,1940.0,O,ASN,142.0,91.708,16.637,7.192,-0.51,1.7,0.0
ATOM,1941.0,CB,ASN,142.0,92.441,16.923,4.079,-0.18,2.175,2.06
ATOM,1942.0,CG,ASN,142.0,93.479,16.663,3.005,0.55,2.0,1.71
ATOM,1943.0,H,ASN,142.0,91.592,14.529,3.34,0.31,0.2245,0.0
ATOM,1944.0,HA,ASN,142.0,93.156,15.528,5.483,0.09,1.32,1.82
ATOM,1945.0,HB2,ASN,142.0,91.563,17.092,3.637,0.09,1.32,0.0
ATOM,1946.0,HB3,ASN,142.0,92.719,17.726,4.601,0.09,1.32,1.01
ATOM,1947.0,OD1,ASN,142.0,93.726,15.511,2.628,-0.55,1.7,19.6
ATOM,1948.0,ND2,ASN,142.0,94.074,17.735,2.481,-0.62,1.85,16.35
ATOM,1949.0,HD22,ASN,142.0,93.827,18.648,2.809,0.3,0.2245,2.28
ATOM,1950.0,HD21,ASN,142.0,94.761,17.627,1.767,0.32,0.2245,19.38
ATOM,1951.0,N,HIS,143.0,90.017,15.856,5.936,-0.47,1.85,0.0
ATOM,1952.0,CA,HIS,143.0,88.988,16.159,6.937,0.07,2.275,0.0
ATOM,1953.0,C,HIS,143.0,89.367,15.533,8.277,0.51,2.0,0.0
ATOM,1954.0,O,HIS,143.0,89.531,16.217,9.288,-0.51,1.7,0.0
ATOM,1955.0,CB,HIS,143.0,87.633,15.586,6.503,-0.09,2.175,0.0
ATOM,1956.0,CG,HIS,143.0,86.926,16.401,5.463,-0.05,1.8,0.0
ATOM,1957.0,H,HIS,143.0,89.808,15.424,5.017,0.31,0.2245,0.0
ATOM,1958.0,HA,HIS,143.0,88.944,17.153,7.054,0.09,1.32,0.28
ATOM,1959.0,HB2,HIS,143.0,87.774,14.658,6.136,0.09,1.32,0.0
ATOM,1960.0,HB3,HIS,143.0,87.035,15.518,7.311,0.09,1.32,0.0
ATOM,1961.0,ND1,HIS,143.0,85.998,15.859,4.602,-0.36,1.85,0.0
ATOM,1962.0,CD2,HIS,143.0,86.984,17.722,5.173,0.22,1.8,0.17
ATOM,1963.0,CE1,HIS,143.0,85.509,16.811,3.828,0.25,1.8,0.0
ATOM,1964.0,NE2,HIS,143.0,86.091,17.952,4.155,-0.7,1.85,0.0
ATOM,1965.0,HD1,HIS,143.0,85.736,14.894,4.57,0.32,0.2245,0.0
ATOM,1966.0,HD2,HIS,143.0,87.565,18.401,5.613,0.1,1.468,0.54
ATOM,1967.0,HE1,HIS,143.0,84.821,16.691,3.119,0.13,0.9,0.0
ATOM,1968.0,N,VAL,144.0,89.511,14.218,8.26,-0.47,1.85,0.0
ATOM,1969.0,CA,VAL,144.0,89.859,13.463,9.442,0.07,2.275,0.0
ATOM,1970.0,C,VAL,144.0,91.175,13.928,10.049,0.51,2.0,0.0
ATOM,1971.0,O,VAL,144.0,91.253,14.157,11.252,-0.51,1.7,0.0
ATOM,1972.0,CB,VAL,144.0,89.906,11.957,9.109,-0.09,2.275,1.58
ATOM,1973.0,CG1,VAL,144.0,90.439,11.146,10.292,-0.27,2.06,11.42
ATOM,1974.0,CG2,VAL,144.0,88.518,11.484,8.714,-0.27,2.06,8.82
ATOM,1975.0,H,VAL,144.0,89.352,13.779,7.324,0.31,0.2245,0.0
ATOM,1976.0,HA,VAL,144.0,89.134,13.602,10.135,0.09,1.32,0.0
ATOM,1977.0,HB,VAL,144.0,90.551,11.832,8.36,0.09,1.32,1.51
ATOM,1978.0,HG11,VAL,144.0,90.91,11.757,10.925,0.09,1.32,0.0
ATOM,1979.0,HG12,VAL,144.0,89.676,10.703,10.759,0.09,1.32,5.5
ATOM,1980.0,HG13,VAL,144.0,91.076,10.454,9.957,0.09,1.32,10.97
ATOM,1981.0,HG21,VAL,144.0,88.252,11.919,7.853,0.09,1.32,0.0
ATOM,1982.0,HG22,VAL,144.0,88.526,10.49,8.599,0.09,1.32,10.33
ATOM,1983.0,HG23,VAL,144.0,87.866,11.733,9.431,0.09,1.32,0.0
ATOM,1984.0,N,SER,145.0,92.187,14.126,9.214,-0.47,1.85,0.0
ATOM,1985.0,CA,SER,145.0,93.494,14.555,9.7,0.07,2.275,0.99
ATOM,1986.0,C,SER,145.0,93.449,15.84,10.511,0.51,2.0,0.38
ATOM,1987.0,O,SER,145.0,94.042,15.907,11.589,-0.51,1.7,4.01
ATOM,1988.0,CB,SER,145.0,94.464,14.702,8.537,0.05,2.175,20.0
ATOM,1989.0,OG,SER,145.0,94.525,13.493,7.791,-0.66,1.77,26.71
ATOM,1990.0,H,SER,145.0,91.974,13.954,8.216,0.31,0.2245,0.0
ATOM,1991.0,HA,SER,145.0,93.859,13.82,10.301,0.09,1.32,2.7
ATOM,1992.0,HB2,SER,145.0,94.15,15.431,7.941,0.09,1.32,0.56
ATOM,1993.0,HB3,SER,145.0,95.369,14.905,8.892,0.09,1.32,10.63
ATOM,1994.0,HG,SER,145.0,93.675,13.376,7.28,0.43,0.2245,0.56
ATOM,1995.0,N,ILE,146.0,92.72,16.839,10.007,-0.47,1.85,0.06
ATOM,1996.0,CA,ILE,146.0,92.573,18.136,10.677,0.07,2.275,0.67
ATOM,1997.0,C,ILE,146.0,91.875,17.971,12.026,0.51,2.0,0.0
ATOM,1998.0,O,ILE,146.0,92.309,18.528,13.035,-0.51,1.7,0.0
ATOM,1999.0,CB,ILE,146.0,91.757,19.135,9.816,-0.09,2.275,0.0
ATOM,2000.0,CG1,ILE,146.0,92.436,19.355,8.469,-0.18,2.175,7.62
ATOM,2001.0,CG2,ILE,146.0,91.649,20.479,10.522,-0.27,2.06,0.13
ATOM,2002.0,CD1,ILE,146.0,91.644,20.229,7.515,-0.27,2.06,1.09
ATOM,2003.0,H,ILE,146.0,92.263,16.618,9.094,0.31,0.2245,0.0
ATOM,2004.0,HA,ILE,146.0,93.503,18.457,10.872,0.09,1.32,2.93
ATOM,2005.0,HB,ILE,146.0,90.863,18.732,9.654,0.09,1.32,0.0
ATOM,2006.0,HG12,ILE,146.0,93.328,19.777,8.627,0.09,1.32,9.45
ATOM,2007.0,HG13,ILE,146.0,92.579,18.463,8.038,0.09,1.32,0.0
ATOM,2008.0,HG21,ILE,146.0,91.108,21.106,9.964,0.09,1.32,0.0
ATOM,2009.0,HG22,ILE,146.0,91.206,20.356,11.408,0.09,1.32,0.0
ATOM,2010.0,HG23,ILE,146.0,92.562,20.859,10.657,0.09,1.32,1.01
ATOM,2011.0,HD11,ILE,146.0,91.507,21.127,7.928,0.09,1.32,0.0
ATOM,2012.0,HD12,ILE,146.0,92.15,20.326,6.66,0.09,1.32,0.08
ATOM,2013.0,HD13,ILE,146.0,90.759,19.803,7.335,0.09,1.32,0.44
ATOM,2014.0,N,MET,147.0,90.802,17.188,12.047,-0.47,1.85,0.0
ATOM,2015.0,CA,MET,147.0,90.053,16.946,13.279,0.07,2.275,0.0
ATOM,2016.0,C,MET,147.0,90.88,16.135,14.288,0.51,2.0,0.0
ATOM,2017.0,O,MET,147.0,90.866,16.432,15.482,-0.51,1.7,0.0
ATOM,2018.0,CB,MET,147.0,88.74,16.23,12.965,-0.18,2.175,0.0
ATOM,2019.0,CG,MET,147.0,87.794,17.054,12.121,-0.14,2.175,0.0
ATOM,2020.0,SD,MET,147.0,86.51,16.052,11.38,-0.09,2.0,0.0
ATOM,2021.0,CE,MET,147.0,86.187,16.998,9.888,-0.22,2.06,0.77
ATOM,2022.0,H,MET,147.0,90.546,16.771,11.132,0.31,0.2245,0.0
ATOM,2023.0,HA,MET,147.0,89.843,17.836,13.7,0.09,1.32,0.0
ATOM,2024.0,HB2,MET,147.0,88.945,15.374,12.476,0.09,1.32,0.0
ATOM,2025.0,HB3,MET,147.0,88.281,15.999,13.831,0.09,1.32,0.0
ATOM,2026.0,HG2,MET,147.0,87.39,17.791,12.708,0.09,1.32,0.0
ATOM,2027.0,HG3,MET,147.0,88.338,17.542,11.402,0.09,1.32,0.0
ATOM,2028.0,HE1,MET,147.0,85.483,17.684,10.074,0.09,1.32,0.0
ATOM,2029.0,HE2,MET,147.0,87.027,17.454,9.594,0.09,1.32,0.35
ATOM,2030.0,HE3,MET,147.0,85.871,16.383,9.165,0.09,1.32,0.0
ATOM,2031.0,N,ASN,148.0,91.601,15.125,13.807,-0.47,1.85,0.0
ATOM,2032.0,CA,ASN,148.0,92.444,14.314,14.682,0.07,2.275,1.2
ATOM,2033.0,C,ASN,148.0,93.495,15.225,15.282,0.51,2.0,0.31
ATOM,2034.0,O,ASN,148.0,93.778,15.161,16.466,-0.51,1.7,16.08
ATOM,2035.0,CB,ASN,148.0,93.115,13.168,13.913,-0.18,2.175,10.72
ATOM,2036.0,CG,ASN,148.0,92.183,11.994,13.689,0.55,2.0,2.15
ATOM,2037.0,H,ASN,148.0,91.514,14.969,12.788,0.31,0.2245,0.0
ATOM,2038.0,HA,ASN,148.0,91.869,13.992,15.428,0.09,1.32,2.59
ATOM,2039.0,HB2,ASN,148.0,93.409,13.516,13.028,0.09,1.32,0.0
ATOM,2040.0,HB3,ASN,148.0,93.901,12.857,14.44,0.09,1.32,9.8
ATOM,2041.0,OD1,ASN,148.0,91.19,11.854,14.389,-0.55,1.7,19.62
ATOM,2042.0,ND2,ASN,148.0,92.505,11.141,12.722,-0.62,1.85,14.49
ATOM,2043.0,HD22,ASN,148.0,93.341,11.298,12.188,0.3,0.2245,11.6
ATOM,2044.0,HD21,ASN,148.0,91.926,10.356,12.528,0.32,0.2245,10.88
ATOM,2045.0,N,PHE,149.0,93.993,16.142,14.469,-0.47,1.85,0.32
ATOM,2046.0,CA,PHE,149.0,94.994,17.094,14.915,0.07,2.275,2.61
ATOM,2047.0,C,PHE,149.0,94.439,17.99,16.014,0.51,2.0,0.0
ATOM,2048.0,O,PHE,149.0,95.112,18.24,17.01,-0.51,1.7,20.53
ATOM,2049.0,CB,PHE,149.0,95.471,17.945,13.739,-0.18,2.175,4.54
ATOM,2050.0,CG,PHE,149.0,96.457,19.007,14.126,0.0,1.9924,0.72
ATOM,2051.0,CD1,PHE,149.0,97.756,18.67,14.485,-0.115,1.9924,11.93
ATOM,2052.0,CD2,PHE,149.0,96.082,20.345,14.142,-0.115,1.9924,3.68
ATOM,2053.0,CE1,PHE,149.0,98.664,19.653,14.854,-0.115,1.9924,19.49
ATOM,2054.0,CE2,PHE,149.0,96.985,21.331,14.511,-0.115,1.9924,9.68
ATOM,2055.0,CZ,PHE,149.0,98.277,20.986,14.867,-0.115,1.9924,19.81
ATOM,2056.0,H,PHE,149.0,93.612,16.121,13.501,0.31,0.2245,0.0
ATOM,2057.0,HA,PHE,149.0,95.745,16.564,15.325,0.09,1.32,6.92
ATOM,2058.0,HB2,PHE,149.0,95.908,17.344,13.087,0.09,1.32,5.95
ATOM,2059.0,HB3,PHE,149.0,94.68,18.389,13.346,0.09,1.32,0.0
ATOM,2060.0,HD1,PHE,149.0,98.042,17.717,14.478,0.115,1.3582,12.62
ATOM,2061.0,HD2,PHE,149.0,95.149,20.599,13.883,0.115,1.3582,0.0
ATOM,2062.0,HE1,PHE,149.0,99.602,19.392,15.112,0.115,1.3582,18.01
ATOM,2063.0,HE2,PHE,149.0,96.692,22.301,14.519,0.115,1.3582,0.37
ATOM,2064.0,HZ,PHE,149.0,98.934,21.691,15.133,0.115,1.3582,17.72
ATOM,2065.0,N,MET,150.0,93.221,18.487,15.821,-0.47,1.85,0.0
ATOM,2066.0,CA,MET,150.0,92.568,19.361,16.797,0.07,2.275,0.39
ATOM,2067.0,C,MET,150.0,92.107,18.622,18.047,0.51,2.0,0.5
ATOM,2068.0,O,MET,150.0,91.772,19.256,19.05,-0.51,1.7,13.85
ATOM,2069.0,CB,MET,150.0,91.369,20.067,16.159,-0.18,2.175,0.0
ATOM,2070.0,CG,MET,150.0,91.747,21.168,15.191,-0.14,2.175,0.0
ATOM,2071.0,SD,MET,150.0,90.368,21.876,14.272,-0.09,2.0,0.0
ATOM,2072.0,CE,MET,150.0,89.547,22.848,15.549,-0.22,2.06,0.0
ATOM,2073.0,H,MET,150.0,92.774,18.204,14.923,0.31,0.2245,0.0
ATOM,2074.0,HA,MET,150.0,93.239,20.067,17.081,0.09,1.32,4.42
ATOM,2075.0,HB2,MET,150.0,90.813,19.383,15.667,0.09,1.32,0.0
ATOM,2076.0,HB3,MET,150.0,90.799,20.464,16.891,0.09,1.32,0.0
ATOM,2077.0,HG2,MET,150.0,92.249,21.906,15.719,0.09,1.32,0.86
ATOM,2078.0,HG3,MET,150.0,92.465,20.797,14.541,0.09,1.32,0.0
ATOM,2079.0,HE1,MET,150.0,90.012,23.727,15.644,0.09,1.32,0.0
ATOM,2080.0,HE2,MET,150.0,88.594,22.998,15.288,0.09,1.32,0.0
ATOM,2081.0,HE3,MET,150.0,89.584,22.353,16.416,0.09,1.32,0.0
ATOM,2082.0,N,GLY,151.0,92.083,17.292,17.981,-0.47,1.85,0.0
ATOM,2083.0,CA,GLY,151.0,91.636,16.488,19.107,-0.02,2.175,17.17
ATOM,2084.0,C,GLY,151.0,90.118,16.466,19.235,0.51,2.0,0.96
ATOM,2085.0,O,GLY,151.0,89.579,16.334,20.329,-0.51,1.7,27.71
ATOM,2086.0,H,GLY,151.0,92.403,16.895,17.079,0.31,0.2245,0.0
ATOM,2087.0,HA2,GLY,151.0,91.973,15.539,18.999,0.09,1.32,7.67
ATOM,2088.0,HA3,GLY,151.0,92.035,16.854,19.963,0.09,1.32,9.44
ATOM,2089.0,N,LEU,152.0,89.426,16.607,18.112,-0.47,1.85,0.0
ATOM,2090.0,CA,LEU,152.0,87.965,16.617,18.099,0.07,2.275,0.0
ATOM,2091.0,C,LEU,152.0,87.404,15.208,17.953,0.51,2.0,0.4
ATOM,2092.0,O,LEU,152.0,87.951,14.39,17.216,-0.51,1.7,7.38
ATOM,2093.0,CB,LEU,152.0,87.448,17.472,16.933,-0.18,2.175,0.0
ATOM,2094.0,CG,LEU,152.0,87.801,18.96,16.866,-0.09,2.275,0.0
ATOM,2095.0,CD1,LEU,152.0,87.278,19.545,15.576,-0.27,2.06,0.0
ATOM,2096.0,CD2,LEU,152.0,87.235,19.71,18.063,-0.27,2.06,1.06
ATOM,2097.0,H,LEU,152.0,90.004,16.709,17.253,0.31,0.2245,0.0
ATOM,2098.0,HA,LEU,152.0,87.64,17.0,18.972,0.09,1.32,0.0
ATOM,2099.0,HB2,LEU,152.0,87.783,17.049,16.077,0.09,1.32,0.0
ATOM,2100.0,HB3,LEU,152.0,86.439,17.406,16.934,0.09,1.32,0.0
ATOM,2101.0,HG,LEU,152.0,88.792,19.057,16.904,0.09,1.32,0.0
ATOM,2102.0,HD11,LEU,152.0,86.282,19.439,15.533,0.09,1.32,0.0
ATOM,2103.0,HD12,LEU,152.0,87.507,20.52,15.527,0.09,1.32,0.0
ATOM,2104.0,HD13,LEU,152.0,87.692,19.072,14.795,0.09,1.32,0.0
ATOM,2105.0,HD21,LEU,152.0,87.615,19.329,18.907,0.09,1.32,3.49
ATOM,2106.0,HD22,LEU,152.0,87.478,20.678,17.997,0.09,1.32,0.0
ATOM,2107.0,HD23,LEU,152.0,86.239,19.618,18.075,0.09,1.32,0.0
ATOM,2108.0,N,PRO,154.0,86.338,14.885,18.703,-0.29,1.85,0.15
ATOM,2109.0,CA,PRO,154.0,85.731,13.556,18.606,0.02,2.275,3.86
ATOM,2110.0,C,PRO,154.0,85.193,13.449,17.181,0.51,2.0,0.0
ATOM,2111.0,O,PRO,154.0,84.682,14.436,16.649,-0.51,1.7,0.0
ATOM,2112.0,CB,PRO,154.0,84.569,13.648,19.595,-0.18,2.175,4.46
ATOM,2113.0,CG,PRO,154.0,85.041,14.633,20.598,-0.18,2.175,19.9
ATOM,2114.0,CD,PRO,154.0,85.678,15.689,19.744,0.0,2.175,3.55
ATOM,2115.0,HA,PRO,154.0,86.386,12.846,18.793,0.09,1.32,7.96
ATOM,2116.0,HB2,PRO,154.0,83.739,13.967,19.134,0.09,1.32,0.0
ATOM,2117.0,HB3,PRO,154.0,84.392,12.757,20.015,0.09,1.32,11.37
ATOM,2118.0,HG2,PRO,154.0,84.278,15.006,21.117,0.09,1.32,4.22
ATOM,2119.0,HG3,PRO,154.0,85.707,14.222,21.214,0.09,1.32,11.35
ATOM,2120.0,HD2,PRO,154.0,84.998,16.295,19.341,0.09,1.32,0.0
ATOM,2121.0,HD3,PRO,154.0,86.349,16.22,20.255,0.09,1.32,3.76
ATOM,2122.0,N,VAL,155.0,85.348,12.291,16.545,-0.47,1.85,0.29
ATOM,2123.0,CA,VAL,155.0,84.848,12.108,15.182,0.07,2.275,0.0
ATOM,2124.0,C,VAL,155.0,84.011,10.835,15.079,0.51,2.0,0.0
ATOM,2125.0,O,VAL,155.0,84.425,9.766,15.534,-0.51,1.7,23.83
ATOM,2126.0,CB,VAL,155.0,85.992,12.061,14.131,-0.09,2.275,1.07
ATOM,2127.0,CG1,VAL,155.0,85.428,11.764,12.742,-0.27,2.06,5.33
ATOM,2128.0,CG2,VAL,155.0,86.753,13.371,14.111,-0.27,2.06,0.19
ATOM,2129.0,H,VAL,155.0,85.837,11.555,17.08,0.31,0.2245,10.76
ATOM,2130.0,HA,VAL,155.0,84.254,12.888,14.96,0.09,1.32,0.0
ATOM,2131.0,HB,VAL,155.0,86.587,11.304,14.372,0.09,1.32,8.08
ATOM,2132.0,HG11,VAL,155.0,86.154,11.399,12.161,0.09,1.32,1.37
ATOM,2133.0,HG12,VAL,155.0,84.692,11.093,12.82,0.09,1.32,0.0
ATOM,2134.0,HG13,VAL,155.0,85.071,12.607,12.343,0.09,1.32,0.0
ATOM,2135.0,HG21,VAL,155.0,87.287,13.434,13.267,0.09,1.32,0.0
ATOM,2136.0,HG22,VAL,155.0,86.106,14.133,14.154,0.09,1.32,0.0
ATOM,2137.0,HG23,VAL,155.0,87.369,13.411,14.899,0.09,1.32,0.08
ATOM,2138.0,N,GLN,156.0,82.828,10.98,14.484,-0.47,1.85,0.0
ATOM,2139.0,CA,GLN,156.0,81.877,9.894,14.284,0.07,2.275,0.0
ATOM,2140.0,C,GLN,156.0,81.611,9.802,12.787,0.51,2.0,0.0
ATOM,2141.0,O,GLN,156.0,81.559,10.816,12.091,-0.51,1.7,0.0
ATOM,2142.0,CB,GLN,156.0,80.558,10.217,14.99,-0.18,2.175,0.0
ATOM,2143.0,CG,GLN,156.0,79.942,9.073,15.777,-0.18,2.175,5.51
ATOM,2144.0,CD,GLN,156.0,80.412,9.049,17.212,0.55,2.0,0.55
ATOM,2145.0,H,GLN,156.0,82.635,11.967,14.164,0.31,0.2245,0.0
ATOM,2146.0,HA,GLN,156.0,82.308,9.047,14.57,0.09,1.32,2.93
ATOM,2147.0,HB2,GLN,156.0,80.714,10.984,15.625,0.09,1.32,0.0
ATOM,2148.0,HB3,GLN,156.0,79.888,10.515,14.297,0.09,1.32,0.0
ATOM,2149.0,HG2,GLN,156.0,78.949,9.176,15.766,0.09,1.32,1.89
ATOM,2150.0,HG3,GLN,156.0,80.196,8.211,15.341,0.09,1.32,4.29
ATOM,2151.0,OE1,GLN,156.0,81.024,10.006,17.701,-0.55,1.7,7.48
ATOM,2152.0,NE2,GLN,156.0,80.124,7.961,17.904,-0.62,1.85,22.26
ATOM,2153.0,HE21,GLN,156.0,80.42,7.862,18.878,0.32,0.2245,20.96
ATOM,2154.0,HE22,GLN,156.0,79.598,7.212,17.455,0.3,0.2245,17.72
ATOM,2155.0,N,THR,157.0,81.443,8.581,12.304,-0.47,1.85,0.0
ATOM,2156.0,CA,THR,157.0,81.182,8.325,10.897,0.07,2.275,0.0
ATOM,2157.0,C,THR,157.0,79.678,8.097,10.65,0.51,2.0,0.02
ATOM,2158.0,O,THR,157.0,78.931,7.797,11.582,-0.51,1.7,11.08
ATOM,2159.0,CB,THR,157.0,81.98,7.065,10.452,0.14,2.275,5.76
ATOM,2160.0,OG1,THR,157.0,83.383,7.366,10.431,-0.66,1.77,20.31
ATOM,2161.0,CG2,THR,157.0,81.553,6.589,9.084,-0.27,2.06,3.91
ATOM,2162.0,H,THR,157.0,81.514,7.82,13.018,0.31,0.2245,6.81
ATOM,2163.0,HA,THR,157.0,81.463,9.128,10.361,0.09,1.32,0.0
ATOM,2164.0,HB,THR,157.0,81.82,6.325,11.134,0.09,1.32,9.88
ATOM,2165.0,HG21,THR,157.0,81.329,5.61,9.113,0.09,1.32,8.1
ATOM,2166.0,HG22,THR,157.0,80.743,7.098,8.778,0.09,1.32,0.0
ATOM,2167.0,HG23,THR,157.0,82.294,6.732,8.421,0.09,1.32,0.7
ATOM,2168.0,HG1,THR,157.0,83.614,8.003,11.174,0.43,0.2245,6.6
ATOM,2169.0,N,TYR,158.0,79.222,8.352,9.427,-0.47,1.85,0.0
ATOM,2170.0,CA,TYR,158.0,77.835,8.088,9.051,0.07,2.275,0.06
ATOM,2171.0,C,TYR,158.0,77.973,7.448,7.699,0.51,2.0,0.0
ATOM,2172.0,O,TYR,158.0,78.752,7.924,6.881,-0.51,1.7,0.0
ATOM,2173.0,CB,TYR,158.0,76.959,9.353,9.003,-0.18,2.175,0.0
ATOM,2174.0,CG,TYR,158.0,77.319,10.439,7.989,0.0,1.9924,0.0
ATOM,2175.0,CD1,TYR,158.0,77.026,10.296,6.629,-0.115,1.9924,0.0
ATOM,2176.0,CD2,TYR,158.0,77.881,11.643,8.407,-0.115,1.9924,0.0
ATOM,2177.0,CE1,TYR,158.0,77.285,11.333,5.718,-0.115,1.9924,0.0
ATOM,2178.0,CE2,TYR,158.0,78.139,12.685,7.507,-0.115,1.9924,0.0
ATOM,2179.0,CZ,TYR,158.0,77.841,12.528,6.171,0.11,1.9924,0.0
ATOM,2180.0,OH,TYR,158.0,78.089,13.559,5.29,-0.54,1.77,0.52
ATOM,2181.0,H,TYR,158.0,79.925,8.748,8.773,0.31,0.2245,0.0
ATOM,2182.0,HA,TYR,158.0,77.465,7.433,9.677,0.09,1.32,0.0
ATOM,2183.0,HB2,TYR,158.0,76.006,9.065,8.817,0.09,1.32,0.0
ATOM,2184.0,HB3,TYR,158.0,76.975,9.778,9.922,0.09,1.32,0.0
ATOM,2185.0,HD1,TYR,158.0,76.627,9.445,6.294,0.115,1.3582,0.0
ATOM,2186.0,HD2,TYR,158.0,78.107,11.772,9.373,0.115,1.3582,0.0
ATOM,2187.0,HE1,TYR,158.0,77.069,11.212,4.751,0.115,1.3582,0.0
ATOM,2188.0,HE2,TYR,158.0,78.54,13.538,7.842,0.115,1.3582,0.0
ATOM,2189.0,HH,TYR,158.0,78.525,14.31,5.781,0.43,0.2245,0.0
ATOM,2190.0,N,ARG,159.0,77.333,6.299,7.514,-0.47,1.85,0.08
ATOM,2191.0,CA,ARG,159.0,77.399,5.568,6.248,0.07,2.275,0.0
ATOM,2192.0,C,ARG,159.0,77.067,6.461,5.063,0.51,2.0,0.0
ATOM,2193.0,O,ARG,159.0,76.318,7.43,5.191,-0.51,1.7,0.0
ATOM,2194.0,CB,ARG,159.0,76.462,4.358,6.273,-0.18,2.175,0.31
ATOM,2195.0,CG,ARG,159.0,76.99,3.184,7.085,-0.18,2.175,11.68
ATOM,2196.0,CD,ARG,159.0,75.904,2.152,7.322,0.2,2.175,10.76
ATOM,2197.0,NE,ARG,159.0,74.901,2.649,8.26,-0.7,1.85,1.94
ATOM,2198.0,CZ,ARG,159.0,73.816,1.977,8.63,0.64,2.0,2.15
ATOM,2199.0,NH1,ARG,159.0,73.553,0.787,8.1,-0.8,1.85,19.36
ATOM,2200.0,NH2,ARG,159.0,72.974,2.513,9.506,-0.8,1.85,7.95
ATOM,2201.0,H,ARG,159.0,76.787,5.966,8.335,0.31,0.2245,0.0
ATOM,2202.0,HA,ARG,159.0,78.337,5.21,6.132,0.09,1.32,0.0
ATOM,2203.0,HB2,ARG,159.0,75.595,4.643,6.67,0.09,1.32,0.0
ATOM,2204.0,HB3,ARG,159.0,76.326,4.049,5.337,0.09,1.32,0.38
ATOM,2205.0,HG2,ARG,159.0,77.734,2.747,6.59,0.09,1.32,9.32
ATOM,2206.0,HG3,ARG,159.0,77.309,3.51,7.969,0.09,1.32,3.25
ATOM,2207.0,HD2,ARG,159.0,75.469,1.952,6.452,0.09,1.32,0.0
ATOM,2208.0,HD3,ARG,159.0,76.328,1.335,7.696,0.09,1.32,10.35
ATOM,2209.0,HE,ARG,159.0,75.042,3.567,8.655,0.44,0.2245,0.0
ATOM,2210.0,HH11,ARG,159.0,74.169,0.372,7.437,0.46,0.2245,9.57
ATOM,2211.0,HH12,ARG,159.0,72.718,0.296,8.374,0.46,0.2245,18.53
ATOM,2212.0,HH21,ARG,159.0,73.172,3.414,9.898,0.46,0.2245,0.0
ATOM,2213.0,HH22,ARG,159.0,72.148,2.022,9.774,0.46,0.2245,10.19
ATOM,2214.0,N,TYR,160.0,77.62,6.128,3.905,-0.47,1.85,0.0
ATOM,2215.0,CA,TYR,160.0,77.377,6.928,2.725,0.07,2.275,0.0
ATOM,2216.0,C,TYR,160.0,77.549,6.141,1.424,0.51,2.0,0.0
ATOM,2217.0,O,TYR,160.0,76.588,5.945,0.682,-0.51,1.7,0.0
ATOM,2218.0,CB,TYR,160.0,78.294,8.157,2.75,-0.18,2.175,0.0
ATOM,2219.0,CG,TYR,160.0,78.006,9.16,1.667,0.0,1.9924,0.0
ATOM,2220.0,CD1,TYR,160.0,78.594,9.043,0.412,-0.115,1.9924,0.0
ATOM,2221.0,CD2,TYR,160.0,77.12,10.207,1.885,-0.115,1.9924,0.0
ATOM,2222.0,CE1,TYR,160.0,78.303,9.944,-0.599,-0.115,1.9924,0.0
ATOM,2223.0,CE2,TYR,160.0,76.829,11.114,0.882,-0.115,1.9924,3.29
ATOM,2224.0,CZ,TYR,160.0,77.419,10.973,-0.354,0.11,1.9924,0.0
ATOM,2225.0,OH,TYR,160.0,77.124,11.857,-1.347,-0.54,1.77,3.39
ATOM,2226.0,H,TYR,160.0,78.212,5.284,3.924,0.31,0.2245,1.12
ATOM,2227.0,HA,TYR,160.0,76.42,7.266,2.755,0.09,1.32,0.0
ATOM,2228.0,HB2,TYR,160.0,78.185,8.606,3.635,0.09,1.32,0.0
ATOM,2229.0,HB3,TYR,160.0,79.236,7.842,2.646,0.09,1.32,0.0
ATOM,2230.0,HD1,TYR,160.0,79.238,8.297,0.236,0.115,1.3582,0.0
ATOM,2231.0,HD2,TYR,160.0,76.686,10.305,2.779,0.115,1.3582,0.0
ATOM,2232.0,HE1,TYR,160.0,78.731,9.846,-1.499,0.115,1.3582,0.0
ATOM,2233.0,HE2,TYR,160.0,76.193,11.868,1.055,0.115,1.3582,1.32
ATOM,2234.0,HH,TYR,160.0,77.434,11.49,-2.225,0.43,0.2245,0.0
ATOM,2235.0,N,PHE,161.0,78.766,5.701,1.131,-0.47,1.85,0.0
ATOM,2236.0,CA,PHE,161.0,79.007,4.964,-0.101,0.07,2.275,0.0
ATOM,2237.0,C,PHE,161.0,78.618,3.509,0.034,0.51,2.0,0.0
ATOM,2238.0,O,PHE,161.0,79.038,2.825,0.966,-0.51,1.7,14.69
ATOM,2239.0,CB,PHE,161.0,80.476,5.056,-0.517,-0.18,2.175,0.0
ATOM,2240.0,CG,PHE,161.0,80.762,4.513,-1.898,0.0,1.9924,0.0
ATOM,2241.0,CD1,PHE,161.0,80.42,5.247,-3.034,-0.115,1.9924,0.0
ATOM,2242.0,CD2,PHE,161.0,81.421,3.294,-2.064,-0.115,1.9924,0.06
ATOM,2243.0,CE1,PHE,161.0,80.734,4.783,-4.307,-0.115,1.9924,0.0
ATOM,2244.0,CE2,PHE,161.0,81.739,2.816,-3.342,-0.115,1.9924,0.1
ATOM,2245.0,CZ,PHE,161.0,81.398,3.563,-4.464,-0.115,1.9924,0.0
ATOM,2246.0,H,PHE,161.0,79.496,5.919,1.826,0.31,0.2245,0.0
ATOM,2247.0,HA,PHE,161.0,78.405,5.366,-0.805,0.09,1.32,0.0
ATOM,2248.0,HB2,PHE,161.0,80.736,6.01,-0.507,0.09,1.32,0.0
ATOM,2249.0,HB3,PHE,161.0,81.009,4.532,0.13,0.09,1.32,1.1
ATOM,2250.0,HD1,PHE,161.0,79.945,6.117,-2.935,0.115,1.3582,0.0
ATOM,2251.0,HD2,PHE,161.0,81.671,2.754,-1.263,0.115,1.3582,3.92
ATOM,2252.0,HE1,PHE,161.0,80.48,5.328,-5.113,0.115,1.3582,0.0
ATOM,2253.0,HE2,PHE,161.0,82.213,1.93,-3.437,0.115,1.3582,0.53
ATOM,2254.0,HZ,PHE,161.0,81.623,3.237,-5.378,0.115,1.3582,0.0
ATOM,2255.0,N,ASP,162.0,77.808,3.042,-0.903,-0.47,1.85,0.0
ATOM,2256.0,CA,ASP,162.0,77.391,1.658,-0.913,0.07,2.275,0.08
ATOM,2257.0,C,ASP,162.0,78.359,0.979,-1.865,0.51,2.0,0.0
ATOM,2258.0,O,ASP,162.0,78.326,1.217,-3.068,-0.51,1.7,0.0
ATOM,2259.0,CB,ASP,162.0,75.959,1.537,-1.425,-0.28,2.175,0.95
ATOM,2260.0,CG,ASP,162.0,75.393,0.145,-1.24,0.62,2.0,1.27
ATOM,2261.0,OD1,ASP,162.0,75.812,-0.771,-1.981,-0.76,1.7,0.85
ATOM,2262.0,OD2,ASP,162.0,74.532,-0.031,-0.349,-0.76,1.7,30.97
ATOM,2263.0,H,ASP,162.0,77.508,3.742,-1.61,0.31,0.2245,0.0
ATOM,2264.0,HA,ASP,162.0,77.559,1.287,-0.015,0.09,1.32,3.89
ATOM,2265.0,HB2,ASP,162.0,75.396,2.181,-0.92,0.09,1.32,0.0
ATOM,2266.0,HB3,ASP,162.0,75.958,1.757,-2.393,0.09,1.32,0.0
ATOM,2267.0,N,ALA,163.0,79.249,0.167,-1.312,-0.47,1.85,0.46
ATOM,2268.0,CA,ALA,163.0,80.253,-0.553,-2.096,0.07,2.275,0.0
ATOM,2269.0,C,ALA,163.0,79.676,-1.462,-3.191,0.51,2.0,0.1
ATOM,2270.0,O,ALA,163.0,80.345,-1.749,-4.185,-0.51,1.7,4.13
ATOM,2271.0,CB,ALA,163.0,81.14,-1.372,-1.156,-0.27,2.06,37.79
ATOM,2272.0,H,ALA,163.0,79.175,0.084,-0.273,0.31,0.2245,6.37
ATOM,2273.0,HA,ALA,163.0,80.867,0.13,-2.542,0.09,1.32,0.0
ATOM,2274.0,HB1,ALA,163.0,81.006,-1.057,-0.218,0.09,1.32,7.6
ATOM,2275.0,HB2,ALA,163.0,80.892,-2.337,-1.225,0.09,1.32,8.79
ATOM,2276.0,HB3,ALA,163.0,82.096,-1.253,-1.417,0.09,1.32,8.74
ATOM,2277.0,N,GLU,164.0,78.436,-1.907,-2.999,-0.47,1.85,0.38
ATOM,2278.0,CA,GLU,164.0,77.761,-2.801,-3.938,0.07,2.275,1.67
ATOM,2279.0,C,GLU,164.0,77.185,-2.096,-5.165,0.51,2.0,0.0
ATOM,2280.0,O,GLU,164.0,77.446,-2.485,-6.304,-0.51,1.7,11.29
ATOM,2281.0,CB,GLU,164.0,76.653,-3.564,-3.2,-0.18,2.175,6.74
ATOM,2282.0,CG,GLU,164.0,75.753,-4.441,-4.077,-0.28,2.175,12.35
ATOM,2283.0,CD,GLU,164.0,74.546,-5.007,-3.316,0.62,2.0,4.02
ATOM,2284.0,OE1,GLU,164.0,73.94,-4.263,-2.506,-0.76,1.7,28.43
ATOM,2285.0,OE2,GLU,164.0,74.199,-6.194,-3.536,-0.76,1.7,48.35
ATOM,2286.0,H,GLU,164.0,77.987,-1.563,-2.12,0.31,0.2245,1.97
ATOM,2287.0,HA,GLU,164.0,78.413,-3.523,-4.244,0.09,1.32,5.33
ATOM,2288.0,HB2,GLU,164.0,77.087,-4.158,-2.538,0.09,1.32,11.08
ATOM,2289.0,HB3,GLU,164.0,76.072,-2.897,-2.757,0.09,1.32,0.0
ATOM,2290.0,HG2,GLU,164.0,75.405,-3.889,-4.808,0.09,1.32,0.84
ATOM,2291.0,HG3,GLU,164.0,76.28,-5.203,-4.396,0.09,1.32,10.0
ATOM,2292.0,N,THR,165.0,76.393,-1.059,-4.931,-0.47,1.85,0.0
ATOM,2293.0,CA,THR,165.0,75.765,-0.327,-6.023,0.07,2.275,0.95
ATOM,2294.0,C,THR,165.0,76.57,0.88,-6.477,0.51,2.0,0.0
ATOM,2295.0,O,THR,165.0,76.265,1.481,-7.506,-0.51,1.7,8.06
ATOM,2296.0,CB,THR,165.0,74.367,0.157,-5.613,0.14,2.275,6.12
ATOM,2297.0,OG1,THR,165.0,74.487,1.121,-4.56,-0.66,1.77,6.66
ATOM,2298.0,CG2,THR,165.0,73.53,-1.019,-5.112,-0.27,2.06,26.14
ATOM,2299.0,H,THR,165.0,76.263,-0.821,-3.931,0.31,0.2245,0.0
ATOM,2300.0,HA,THR,165.0,75.665,-0.958,-6.814,0.09,1.32,7.05
ATOM,2301.0,HB,THR,165.0,73.927,0.613,-6.412,0.09,1.32,9.56
ATOM,2302.0,HG21,THR,165.0,72.573,-0.738,-5.025,0.09,1.32,11.73
ATOM,2303.0,HG22,THR,165.0,73.594,-1.779,-5.761,0.09,1.32,7.12
ATOM,2304.0,HG23,THR,165.0,73.87,-1.318,-4.218,0.09,1.32,0.0
ATOM,2305.0,HG1,THR,165.0,74.892,0.698,-3.743,0.43,0.2245,0.0
ATOM,2306.0,N,ARG,166.0,77.598,1.225,-5.708,-0.47,1.85,0.0
ATOM,2307.0,CA,ARG,166.0,78.444,2.385,-5.984,0.07,2.275,0.0
ATOM,2308.0,C,ARG,166.0,77.637,3.671,-5.878,0.51,2.0,0.0
ATOM,2309.0,O,ARG,166.0,78.079,4.731,-6.313,-0.51,1.7,0.01
ATOM,2310.0,CB,ARG,166.0,79.112,2.285,-7.354,-0.18,2.175,0.0
ATOM,2311.0,CG,ARG,166.0,80.343,1.389,-7.409,-0.18,2.175,0.0
ATOM,2312.0,CD,ARG,166.0,80.016,-0.088,-7.305,0.2,2.175,0.14
ATOM,2313.0,NE,ARG,166.0,81.114,-0.89,-7.838,-0.7,1.85,0.0
ATOM,2314.0,CZ,ARG,166.0,81.245,-2.206,-7.688,0.64,2.0,0.97
ATOM,2315.0,NH1,ARG,166.0,80.363,-2.905,-6.991,-0.8,1.85,7.92
ATOM,2316.0,NH2,ARG,166.0,82.285,-2.824,-8.226,-0.8,1.85,1.13
ATOM,2317.0,H,ARG,166.0,77.751,0.595,-4.886,0.31,0.2245,0.0
ATOM,2318.0,HA,ARG,166.0,79.186,2.412,-5.306,0.09,1.32,0.0
ATOM,2319.0,HB2,ARG,166.0,78.442,1.926,-8.004,0.09,1.32,0.0
ATOM,2320.0,HB3,ARG,166.0,79.389,3.204,-7.636,0.09,1.32,0.0
ATOM,2321.0,HG2,ARG,166.0,80.825,1.543,-8.277,0.09,1.32,0.0
ATOM,2322.0,HG3,ARG,166.0,80.958,1.627,-6.651,0.09,1.32,0.0
ATOM,2323.0,HD2,ARG,166.0,79.88,-0.31,-6.35,0.09,1.32,0.0
ATOM,2324.0,HD3,ARG,166.0,79.196,-0.262,-7.832,0.09,1.32,1.12
ATOM,2325.0,HE,ARG,166.0,81.833,-0.408,-8.363,0.44,0.2245,0.0
ATOM,2326.0,HH11,ARG,166.0,79.569,-2.457,-6.581,0.46,0.2245,0.0
ATOM,2327.0,HH12,ARG,166.0,80.489,-3.894,-6.873,0.46,0.2245,16.63
ATOM,2328.0,HH21,ARG,166.0,82.957,-2.306,-8.759,0.46,0.2245,0.0
ATOM,2329.0,HH22,ARG,166.0,82.403,-3.81,-8.104,0.46,0.2245,4.68
ATOM,2330.0,N,GLY,167.0,76.451,3.556,-5.29,-0.47,1.85,0.0
ATOM,2331.0,CA,GLY,167.0,75.566,4.691,-5.106,-0.02,2.175,11.53
ATOM,2332.0,C,GLY,167.0,75.551,5.103,-3.649,0.51,2.0,0.0
ATOM,2333.0,O,GLY,167.0,76.462,4.738,-2.893,-0.51,1.7,0.0
ATOM,2334.0,H,GLY,167.0,76.217,2.588,-4.977,0.31,0.2245,0.0
ATOM,2335.0,HA2,GLY,167.0,75.883,5.461,-5.668,0.09,1.32,2.12
ATOM,2336.0,HA3,GLY,167.0,74.636,4.444,-5.394,0.09,1.32,8.07
ATOM,2337.0,N,VAL,168.0,74.521,5.845,-3.247,-0.47,1.85,0.49
ATOM,2338.0,CA,VAL,168.0,74.4,6.311,-1.868,0.07,2.275,0.0
ATOM,2339.0,C,VAL,168.0,73.476,5.439,-1.029,0.51,2.0,0.0
ATOM,2340.0,O,VAL,168.0,72.328,5.171,-1.411,-0.51,1.7,18.11
ATOM,2341.0,CB,VAL,168.0,73.9,7.791,-1.778,-0.09,2.275,0.52
ATOM,2342.0,CG1,VAL,168.0,73.749,8.215,-0.32,-0.27,2.06,0.0
ATOM,2343.0,CG2,VAL,168.0,74.861,8.731,-2.487,-0.27,2.06,1.63
ATOM,2344.0,H,VAL,168.0,73.824,6.059,-3.987,0.31,0.2245,10.61
ATOM,2345.0,HA,VAL,168.0,75.322,6.283,-1.447,0.09,1.32,0.0
ATOM,2346.0,HB,VAL,168.0,72.998,7.82,-2.189,0.09,1.32,1.77
ATOM,2347.0,HG11,VAL,168.0,72.834,8.589,-0.176,0.09,1.32,0.0
ATOM,2348.0,HG12,VAL,168.0,73.883,7.421,0.272,0.09,1.32,0.0
ATOM,2349.0,HG13,VAL,168.0,74.432,8.912,-0.104,0.09,1.32,0.0
ATOM,2350.0,HG21,VAL,168.0,75.4,8.214,-3.152,0.09,1.32,0.0
ATOM,2351.0,HG22,VAL,168.0,74.34,9.444,-2.958,0.09,1.32,0.0
ATOM,2352.0,HG23,VAL,168.0,75.471,9.15,-1.814,0.09,1.32,0.0
ATOM,2353.0,N,ASP,169.0,74.002,4.974,0.096,-0.47,1.85,0.0
ATOM,2354.0,CA,ASP,169.0,73.262,4.167,1.055,0.07,2.275,0.33
ATOM,2355.0,C,ASP,169.0,72.537,5.225,1.9,0.51,2.0,0.0
ATOM,2356.0,O,ASP,169.0,72.945,5.537,3.025,-0.51,1.7,0.0
ATOM,2357.0,CB,ASP,169.0,74.259,3.369,1.9,-0.28,2.175,0.34
ATOM,2358.0,CG,ASP,169.0,73.612,2.612,3.046,0.62,2.0,0.98
ATOM,2359.0,OD1,ASP,169.0,72.373,2.581,3.164,-0.76,1.7,12.46
ATOM,2360.0,OD2,ASP,169.0,74.364,2.045,3.855,-0.76,1.7,16.37
ATOM,2361.0,H,ASP,169.0,75.01,5.241,0.238,0.31,0.2245,0.0
ATOM,2362.0,HA,ASP,169.0,72.573,3.678,0.564,0.09,1.32,6.03
ATOM,2363.0,HB2,ASP,169.0,74.714,2.715,1.301,0.09,1.32,0.0
ATOM,2364.0,HB3,ASP,169.0,74.925,4.008,2.275,0.09,1.32,0.0
ATOM,2365.0,N,PHE,170.0,71.475,5.796,1.334,-0.47,1.85,0.0
ATOM,2366.0,CA,PHE,170.0,70.726,6.849,2.01,0.07,2.275,0.0
ATOM,2367.0,C,PHE,170.0,70.041,6.398,3.286,0.51,2.0,0.0
ATOM,2368.0,O,PHE,170.0,69.999,7.143,4.263,-0.51,1.7,0.0
ATOM,2369.0,CB,PHE,170.0,69.707,7.488,1.07,-0.18,2.175,2.97
ATOM,2370.0,CG,PHE,170.0,69.183,8.798,1.572,0.0,1.9924,0.0
ATOM,2371.0,CD1,PHE,170.0,70.068,9.793,1.993,-0.115,1.9924,0.0
ATOM,2372.0,CD2,PHE,170.0,67.812,9.036,1.652,-0.115,1.9924,0.44
ATOM,2373.0,CE1,PHE,170.0,69.597,11.002,2.486,-0.115,1.9924,0.0
ATOM,2374.0,CE2,PHE,170.0,67.328,10.253,2.147,-0.115,1.9924,0.0
ATOM,2375.0,CZ,PHE,170.0,68.221,11.235,2.565,-0.115,1.9924,0.0
ATOM,2376.0,H,PHE,170.0,71.235,5.434,0.393,0.31,0.2245,2.54
ATOM,2377.0,HA,PHE,170.0,71.401,7.564,2.275,0.09,1.32,0.0
ATOM,2378.0,HB2,PHE,170.0,70.152,7.646,0.204,0.09,1.32,0.0
ATOM,2379.0,HB3,PHE,170.0,68.946,6.866,0.981,0.09,1.32,1.85
ATOM,2380.0,HD1,PHE,170.0,71.049,9.634,1.938,0.115,1.3582,0.0
ATOM,2381.0,HD2,PHE,170.0,67.168,8.336,1.354,0.115,1.3582,4.58
ATOM,2382.0,HE1,PHE,170.0,70.247,11.707,2.787,0.115,1.3582,0.0
ATOM,2383.0,HE2,PHE,170.0,66.332,10.408,2.198,0.115,1.3582,0.0
ATOM,2384.0,HZ,PHE,170.0,67.887,12.104,2.92,0.115,1.3582,0.0
ATOM,2385.0,N,GLU,171.0,69.507,5.182,3.274,-0.47,1.85,0.0
ATOM,2386.0,CA,GLU,171.0,68.828,4.624,4.436,0.07,2.275,0.24
ATOM,2387.0,C,GLU,171.0,69.8,4.556,5.602,0.51,2.0,0.37
ATOM,2388.0,O,GLU,171.0,69.461,4.949,6.722,-0.51,1.7,4.93
ATOM,2389.0,CB,GLU,171.0,68.309,3.217,4.13,-0.18,2.175,12.82
ATOM,2390.0,CG,GLU,171.0,67.426,3.112,2.889,-0.28,2.175,20.3
ATOM,2391.0,CD,GLU,171.0,66.166,3.941,2.992,0.62,2.0,3.21
ATOM,2392.0,OE1,GLU,171.0,65.452,3.794,4.006,-0.76,1.7,26.23
ATOM,2393.0,OE2,GLU,171.0,65.898,4.745,2.067,-0.76,1.7,25.8
ATOM,2394.0,H,GLU,171.0,69.615,4.669,2.374,0.31,0.2245,0.71
ATOM,2395.0,HA,GLU,171.0,68.047,5.2,4.682,0.09,1.32,0.0
ATOM,2396.0,HB2,GLU,171.0,69.092,2.633,3.986,0.09,1.32,3.09
ATOM,2397.0,HB3,GLU,171.0,67.771,2.92,4.902,0.09,1.32,7.89
ATOM,2398.0,HG2,GLU,171.0,67.942,3.442,2.12,0.09,1.32,3.93
ATOM,2399.0,HG3,GLU,171.0,67.159,2.172,2.782,0.09,1.32,11.04
ATOM,2400.0,N,GLY,172.0,71.014,4.077,5.325,-0.47,1.85,0.38
ATOM,2401.0,CA,GLY,172.0,72.035,3.959,6.351,-0.02,2.175,2.73
ATOM,2402.0,C,GLY,172.0,72.438,5.326,6.854,0.51,2.0,0.0
ATOM,2403.0,O,GLY,172.0,72.549,5.551,8.061,-0.51,1.7,0.0
ATOM,2404.0,H,GLY,172.0,71.156,3.804,4.334,0.31,0.2245,0.0
ATOM,2405.0,HA2,GLY,172.0,71.68,3.41,7.116,0.09,1.32,1.28
ATOM,2406.0,HA3,GLY,172.0,72.84,3.489,5.971,0.09,1.32,0.0
ATOM,2407.0,N,MET,173.0,72.648,6.247,5.917,-0.47,1.85,0.0
ATOM,2408.0,CA,MET,173.0,73.023,7.614,6.249,0.07,2.275,0.0
ATOM,2409.0,C,MET,173.0,71.997,8.219,7.211,0.51,2.0,0.0
ATOM,2410.0,O,MET,173.0,72.357,8.842,8.215,-0.51,1.7,0.0
ATOM,2411.0,CB,MET,173.0,73.119,8.444,4.964,-0.18,2.175,0.0
ATOM,2412.0,CG,MET,173.0,73.364,9.938,5.172,-0.14,2.175,0.0
ATOM,2413.0,SD,MET,173.0,73.572,10.784,3.602,-0.09,2.0,0.0
ATOM,2414.0,CE,MET,173.0,73.821,12.463,4.15,-0.22,2.06,0.0
ATOM,2415.0,H,MET,173.0,72.522,5.908,4.941,0.31,0.2245,0.0
ATOM,2416.0,HA,MET,173.0,73.909,7.595,6.718,0.09,1.32,0.0
ATOM,2417.0,HB2,MET,173.0,73.871,8.078,4.393,0.09,1.32,0.0
ATOM,2418.0,HB3,MET,173.0,72.259,8.335,4.44,0.09,1.32,0.0
ATOM,2419.0,HG2,MET,173.0,72.579,10.322,5.694,0.09,1.32,0.0
ATOM,2420.0,HG3,MET,173.0,74.187,10.05,5.761,0.09,1.32,0.0
ATOM,2421.0,HE1,MET,173.0,74.554,12.889,3.616,0.09,1.32,0.44
ATOM,2422.0,HE2,MET,173.0,72.977,12.989,4.027,0.09,1.32,0.0
ATOM,2423.0,HE3,MET,173.0,74.074,12.47,5.12,0.09,1.32,0.0
ATOM,2424.0,N,LYS,174.0,70.719,7.989,6.922,-0.47,1.85,0.0
ATOM,2425.0,CA,LYS,174.0,69.634,8.505,7.746,0.07,2.275,0.0
ATOM,2426.0,C,LYS,174.0,69.712,8.004,9.18,0.51,2.0,0.21
ATOM,2427.0,O,LYS,174.0,69.695,8.791,10.129,-0.51,1.7,1.02
ATOM,2428.0,CB,LYS,174.0,68.281,8.138,7.136,-0.18,2.175,3.02
ATOM,2429.0,CG,LYS,174.0,67.832,9.055,5.994,-0.18,2.175,0.0
ATOM,2430.0,CD,LYS,174.0,66.441,8.655,5.474,-0.18,2.175,2.02
ATOM,2431.0,CE,LYS,174.0,66.45,7.251,4.857,0.21,2.175,1.45
ATOM,2432.0,NZ,LYS,174.0,65.116,6.789,4.369,-0.3,1.85,7.94
ATOM,2433.0,H,LYS,174.0,70.565,7.415,6.066,0.31,0.2245,0.0
ATOM,2434.0,HA,LYS,174.0,69.683,9.517,7.754,0.09,1.32,0.0
ATOM,2435.0,HB2,LYS,174.0,68.338,7.207,6.78,0.09,1.32,0.0
ATOM,2436.0,HB3,LYS,174.0,67.59,8.18,7.856,0.09,1.32,7.16
ATOM,2437.0,HG2,LYS,174.0,67.789,9.993,6.327,0.09,1.32,0.0
ATOM,2438.0,HG3,LYS,174.0,68.484,8.986,5.245,0.09,1.32,0.0
ATOM,2439.0,HD2,LYS,174.0,65.804,8.661,6.235,0.09,1.32,8.92
ATOM,2440.0,HD3,LYS,174.0,66.163,9.304,4.777,0.09,1.32,0.0
ATOM,2441.0,HE2,LYS,174.0,67.104,7.245,4.085,0.05,1.32,0.0
ATOM,2442.0,HE3,LYS,174.0,66.791,6.598,5.551,0.05,1.32,1.72
ATOM,2443.0,HZ1,LYS,174.0,64.67,7.534,3.877,0.33,0.2245,5.59
ATOM,2444.0,HZ2,LYS,174.0,65.241,6.009,3.758,0.33,0.2245,0.04
ATOM,2445.0,HZ3,LYS,174.0,64.556,6.518,5.15,0.33,0.2245,16.58
ATOM,2446.0,N,ALA,175.0,69.81,6.692,9.337,-0.47,1.85,0.52
ATOM,2447.0,CA,ALA,175.0,69.887,6.09,10.656,0.07,2.275,3.07
ATOM,2448.0,C,ALA,175.0,71.058,6.634,11.483,0.51,2.0,0.41
ATOM,2449.0,O,ALA,175.0,70.871,7.082,12.615,-0.51,1.7,9.17
ATOM,2450.0,CB,ALA,175.0,69.975,4.576,10.528,-0.27,2.06,20.3
ATOM,2451.0,H,ALA,175.0,69.826,6.146,8.454,0.31,0.2245,0.0
ATOM,2452.0,HA,ALA,175.0,69.029,6.286,11.158,0.09,1.32,6.34
ATOM,2453.0,HB1,ALA,175.0,70.756,4.334,9.953,0.09,1.32,0.0
ATOM,2454.0,HB2,ALA,175.0,70.092,4.17,11.434,0.09,1.32,10.67
ATOM,2455.0,HB3,ALA,175.0,69.136,4.226,10.113,0.09,1.32,9.65
ATOM,2456.0,N,ASP,176.0,72.25,6.657,10.891,-0.47,1.85,0.0
ATOM,2457.0,CA,ASP,176.0,73.456,7.13,11.581,0.07,2.275,0.52
ATOM,2458.0,C,ASP,176.0,73.407,8.605,11.99,0.51,2.0,0.0
ATOM,2459.0,O,ASP,176.0,73.934,8.991,13.043,-0.51,1.7,1.75
ATOM,2460.0,CB,ASP,176.0,74.696,6.838,10.731,-0.28,2.175,2.23
ATOM,2461.0,CG,ASP,176.0,74.962,5.338,10.568,0.62,2.0,2.82
ATOM,2462.0,OD1,ASP,176.0,74.306,4.512,11.239,-0.76,1.7,18.06
ATOM,2463.0,OD2,ASP,176.0,75.839,4.979,9.761,-0.76,1.7,7.01
ATOM,2464.0,H,ASP,176.0,72.255,6.315,9.909,0.31,0.2245,0.0
ATOM,2465.0,HA,ASP,176.0,73.538,6.589,12.439,0.09,1.32,6.17
ATOM,2466.0,HB2,ASP,176.0,74.555,7.23,9.831,0.09,1.32,0.0
ATOM,2467.0,HB3,ASP,176.0,75.481,7.249,11.175,0.09,1.32,0.27
ATOM,2468.0,N,LEU,177.0,72.739,9.423,11.18,-0.47,1.85,0.0
ATOM,2469.0,CA,LEU,177.0,72.604,10.846,11.474,0.07,2.275,0.0
ATOM,2470.0,C,LEU,177.0,71.567,11.104,12.547,0.51,2.0,0.0
ATOM,2471.0,O,LEU,177.0,71.625,12.114,13.237,-0.51,1.7,0.42
ATOM,2472.0,CB,LEU,177.0,72.235,11.623,10.213,-0.18,2.175,0.0
ATOM,2473.0,CG,LEU,177.0,73.404,11.884,9.265,-0.09,2.275,0.0
ATOM,2474.0,CD1,LEU,177.0,72.926,12.687,8.067,-0.27,2.06,0.0
ATOM,2475.0,CD2,LEU,177.0,74.507,12.633,10.013,-0.27,2.06,0.0
ATOM,2476.0,H,LEU,177.0,72.332,8.97,10.34,0.31,0.2245,0.0
ATOM,2477.0,HA,LEU,177.0,73.497,11.19,11.8,0.09,1.32,0.0
ATOM,2478.0,HB2,LEU,177.0,71.56,11.097,9.715,0.09,1.32,0.0
ATOM,2479.0,HB3,LEU,177.0,71.873,12.501,10.488,0.09,1.32,0.58
ATOM,2480.0,HG,LEU,177.0,73.772,11.011,8.955,0.09,1.32,0.0
ATOM,2481.0,HD11,LEU,177.0,72.551,13.562,8.377,0.09,1.32,0.0
ATOM,2482.0,HD12,LEU,177.0,73.694,12.856,7.448,0.09,1.32,0.0
ATOM,2483.0,HD13,LEU,177.0,72.216,12.175,7.582,0.09,1.32,0.0
ATOM,2484.0,HD21,LEU,177.0,74.819,12.079,10.784,0.09,1.32,0.0
ATOM,2485.0,HD22,LEU,177.0,75.271,12.803,9.392,0.09,1.32,0.0
ATOM,2486.0,HD23,LEU,177.0,74.147,13.503,10.349,0.09,1.32,0.14
ATOM,2487.0,N,ALA,178.0,70.623,10.186,12.706,-0.47,1.85,0.0
ATOM,2488.0,CA,ALA,178.0,69.576,10.357,13.714,0.07,2.275,0.25
ATOM,2489.0,C,ALA,178.0,70.163,10.396,15.118,0.51,2.0,0.31
ATOM,2490.0,O,ALA,178.0,69.538,10.912,16.042,-0.51,1.7,17.59
ATOM,2491.0,CB,ALA,178.0,68.533,9.249,13.601,-0.27,2.06,27.62
ATOM,2492.0,H,ALA,178.0,70.687,9.369,12.08,0.31,0.2245,0.0
ATOM,2493.0,HA,ALA,178.0,69.1,11.228,13.539,0.09,1.32,0.0
ATOM,2494.0,HB1,ALA,178.0,68.073,9.135,14.48,0.09,1.32,8.76
ATOM,2495.0,HB2,ALA,178.0,67.862,9.494,12.903,0.09,1.32,5.34
ATOM,2496.0,HB3,ALA,178.0,68.983,8.394,13.346,0.09,1.32,0.01
ATOM,2497.0,N,ALA,179.0,71.381,9.885,15.262,-0.47,1.85,0.42
ATOM,2498.0,CA,ALA,179.0,72.058,9.858,16.555,0.07,2.275,2.52
ATOM,2499.0,C,ALA,179.0,72.761,11.169,16.913,0.51,2.0,0.05
ATOM,2500.0,O,ALA,179.0,73.277,11.315,18.021,-0.51,1.7,9.34
ATOM,2501.0,CB,ALA,179.0,73.038,8.693,16.606,-0.27,2.06,31.52
ATOM,2502.0,H,ALA,179.0,71.803,9.512,14.388,0.31,0.2245,0.0
ATOM,2503.0,HA,ALA,179.0,71.369,9.658,17.278,0.09,1.32,9.3
ATOM,2504.0,HB1,ALA,179.0,73.323,8.456,15.678,0.09,1.32,0.0
ATOM,2505.0,HB2,ALA,179.0,73.839,8.954,17.144,0.09,1.32,5.32
ATOM,2506.0,HB3,ALA,179.0,72.596,7.903,17.03,0.09,1.32,11.38
ATOM,2507.0,N,ALA,180.0,72.793,12.117,15.983,-0.47,1.85,0.0
ATOM,2508.0,CA,ALA,180.0,73.433,13.403,16.24,0.07,2.275,0.0
ATOM,2509.0,C,ALA,180.0,72.691,14.123,17.35,0.51,2.0,0.0
ATOM,2510.0,O,ALA,180.0,71.474,13.992,17.482,-0.51,1.7,7.52
ATOM,2511.0,CB,ALA,180.0,73.448,14.261,14.982,-0.27,2.06,0.67
ATOM,2512.0,H,ALA,180.0,72.338,11.871,15.087,0.31,0.2245,0.0
ATOM,2513.0,HA,ALA,180.0,74.377,13.241,16.534,0.09,1.32,0.0
ATOM,2514.0,HB1,ALA,180.0,74.266,14.835,14.979,0.09,1.32,0.0
ATOM,2515.0,HB2,ALA,180.0,73.453,13.671,14.175,0.09,1.32,0.0
ATOM,2516.0,HB3,ALA,180.0,72.634,14.841,14.964,0.09,1.32,0.0
ATOM,2517.0,N,LYS,181.0,73.432,14.86,18.162,-0.47,1.85,0.0
ATOM,2518.0,CA,LYS,181.0,72.853,15.608,19.264,0.07,2.275,0.12
ATOM,2519.0,C,LYS,181.0,72.852,17.091,18.925,0.51,2.0,0.0
ATOM,2520.0,O,LYS,181.0,73.439,17.519,17.931,-0.51,1.7,0.0
ATOM,2521.0,CB,LYS,181.0,73.652,15.38,20.555,-0.18,2.175,1.9
ATOM,2522.0,CG,LYS,181.0,73.674,13.935,21.035,-0.18,2.175,6.35
ATOM,2523.0,CD,LYS,181.0,74.439,13.768,22.353,-0.18,2.175,14.37
ATOM,2524.0,CE,LYS,181.0,75.928,14.123,22.216,0.21,2.175,3.9
ATOM,2525.0,NZ,LYS,181.0,76.74,13.655,23.388,-0.3,1.85,14.42
ATOM,2526.0,H,LYS,181.0,74.451,14.857,17.945,0.31,0.2245,0.0
ATOM,2527.0,HA,LYS,181.0,71.906,15.309,19.403,0.09,1.32,5.08
ATOM,2528.0,HB2,LYS,181.0,74.593,15.671,20.392,0.09,1.32,0.0
ATOM,2529.0,HB3,LYS,181.0,73.247,15.944,21.273,0.09,1.32,4.61
ATOM,2530.0,HG2,LYS,181.0,72.732,13.62,21.172,0.09,1.32,10.48
ATOM,2531.0,HG3,LYS,181.0,74.112,13.363,20.338,0.09,1.32,0.0
ATOM,2532.0,HD2,LYS,181.0,74.035,14.37,23.036,0.09,1.32,10.12
ATOM,2533.0,HD3,LYS,181.0,74.37,12.819,22.647,0.09,1.32,9.46
ATOM,2534.0,HE2,LYS,181.0,76.284,13.697,21.38,0.05,1.32,0.0
ATOM,2535.0,HE3,LYS,181.0,76.014,15.119,22.135,0.05,1.32,5.41
ATOM,2536.0,HZ1,LYS,181.0,77.681,13.506,23.093,0.33,0.2245,7.66
ATOM,2537.0,HZ2,LYS,181.0,76.714,14.352,24.101,0.33,0.2245,19.99
ATOM,2538.0,HZ3,LYS,181.0,76.353,12.803,23.733,0.33,0.2245,16.02
ATOM,2539.0,N,LYS,182.0,72.172,17.858,19.764,-0.47,1.85,0.11
ATOM,2540.0,CA,LYS,182.0,72.06,19.306,19.641,0.07,2.275,0.0
ATOM,2541.0,C,LYS,182.0,73.463,19.894,19.739,0.51,2.0,0.0
ATOM,2542.0,O,LYS,182.0,74.19,19.604,20.69,-0.51,1.7,16.14
ATOM,2543.0,CB,LYS,182.0,71.193,19.81,20.806,-0.18,2.175,9.66
ATOM,2544.0,CG,LYS,182.0,71.011,21.306,20.926,-0.18,2.175,9.87
ATOM,2545.0,CD,LYS,182.0,70.134,21.858,19.816,-0.18,2.175,1.89
ATOM,2546.0,CE,LYS,182.0,69.541,23.217,20.206,0.21,2.175,21.6
ATOM,2547.0,NZ,LYS,182.0,70.551,24.177,20.749,-0.3,1.85,13.21
ATOM,2548.0,H,LYS,182.0,71.707,17.322,20.547,0.31,0.2245,6.66
ATOM,2549.0,HA,LYS,182.0,71.679,19.53,18.749,0.09,1.32,0.0
ATOM,2550.0,HB2,LYS,182.0,70.281,19.384,20.714,0.09,1.32,6.91
ATOM,2551.0,HB3,LYS,182.0,71.606,19.469,21.664,0.09,1.32,8.43
ATOM,2552.0,HG2,LYS,182.0,70.584,21.517,21.809,0.09,1.32,8.56
ATOM,2553.0,HG3,LYS,182.0,71.907,21.753,20.881,0.09,1.32,2.15
ATOM,2554.0,HD2,LYS,182.0,70.682,21.981,18.998,0.09,1.32,0.13
ATOM,2555.0,HD3,LYS,182.0,69.386,21.229,19.647,0.09,1.32,5.21
ATOM,2556.0,HE2,LYS,182.0,69.106,23.623,19.391,0.05,1.32,10.98
ATOM,2557.0,HE3,LYS,182.0,68.824,23.067,20.9,0.05,1.32,11.49
ATOM,2558.0,HZ1,LYS,182.0,71.445,23.97,20.355,0.33,0.2245,10.67
ATOM,2559.0,HZ2,LYS,182.0,70.282,25.108,20.507,0.33,0.2245,20.72
ATOM,2560.0,HZ3,LYS,182.0,70.59,24.085,21.742,0.33,0.2245,15.82
ATOM,2561.0,N,GLY,183.0,73.869,20.663,18.733,-0.47,1.85,0.02
ATOM,2562.0,CA,GLY,183.0,75.187,21.277,18.769,-0.02,2.175,7.8
ATOM,2563.0,C,GLY,183.0,76.334,20.515,18.12,0.51,2.0,0.0
ATOM,2564.0,O,GLY,183.0,77.483,20.977,18.146,-0.51,1.7,1.86
ATOM,2565.0,H,GLY,183.0,73.197,20.778,17.964,0.31,0.2245,0.0
ATOM,2566.0,HA2,GLY,183.0,75.128,22.216,18.336,0.09,1.32,9.72
ATOM,2567.0,HA3,GLY,183.0,75.437,21.471,19.755,0.09,1.32,4.1
ATOM,2568.0,N,ASP,184.0,76.055,19.331,17.584,-0.47,1.85,0.0
ATOM,2569.0,CA,ASP,184.0,77.084,18.548,16.908,0.07,2.275,0.0
ATOM,2570.0,C,ASP,184.0,77.176,19.074,15.491,0.51,2.0,0.0
ATOM,2571.0,O,ASP,184.0,76.221,19.641,14.974,-0.51,1.7,0.0
ATOM,2572.0,CB,ASP,184.0,76.721,17.058,16.863,-0.28,2.175,0.0
ATOM,2573.0,CG,ASP,184.0,76.856,16.376,18.207,0.62,2.0,0.0
ATOM,2574.0,OD1,ASP,184.0,77.524,16.915,19.113,-0.76,1.7,2.57
ATOM,2575.0,OD2,ASP,184.0,76.305,15.273,18.351,-0.76,1.7,0.0
ATOM,2576.0,H,ASP,184.0,75.073,19.023,17.686,0.31,0.2245,0.0
ATOM,2577.0,HA,ASP,184.0,77.948,18.748,17.355,0.09,1.32,0.0
ATOM,2578.0,HB2,ASP,184.0,75.777,16.984,16.557,0.09,1.32,0.0
ATOM,2579.0,HB3,ASP,184.0,77.33,16.616,16.214,0.09,1.32,0.0
ATOM,2580.0,N,MET,185.0,78.317,18.856,14.86,-0.47,1.85,0.0
ATOM,2581.0,CA,MET,185.0,78.536,19.303,13.504,0.07,2.275,0.0
ATOM,2582.0,C,MET,185.0,78.473,18.12,12.548,0.51,2.0,0.0
ATOM,2583.0,O,MET,185.0,79.073,17.077,12.806,-0.51,1.7,0.0
ATOM,2584.0,CB,MET,185.0,79.899,19.977,13.415,-0.18,2.175,0.0
ATOM,2585.0,CG,MET,185.0,80.274,20.472,12.036,-0.14,2.175,0.0
ATOM,2586.0,SD,MET,185.0,81.73,21.536,12.119,-0.09,2.0,0.0
ATOM,2587.0,CE,MET,185.0,80.938,23.112,12.586,-0.22,2.06,0.0
ATOM,2588.0,H,MET,185.0,79.032,18.341,15.42,0.31,0.2245,0.0
ATOM,2589.0,HA,MET,185.0,77.801,19.94,13.254,0.09,1.32,0.0
ATOM,2590.0,HB2,MET,185.0,79.917,20.764,14.054,0.09,1.32,0.0
ATOM,2591.0,HB3,MET,185.0,80.609,19.322,13.724,0.09,1.32,0.0
ATOM,2592.0,HG2,MET,185.0,80.449,19.673,11.433,0.09,1.32,0.0
ATOM,2593.0,HG3,MET,185.0,79.486,20.975,11.638,0.09,1.32,0.0
ATOM,2594.0,HE1,MET,185.0,80.1,22.912,13.085,0.09,1.32,0.0
ATOM,2595.0,HE2,MET,185.0,81.567,23.627,13.161,0.09,1.32,0.0
ATOM,2596.0,HE3,MET,185.0,80.732,23.624,11.757,0.09,1.32,0.0
ATOM,2597.0,N,VAL,186.0,77.703,18.268,11.473,-0.47,1.85,0.0
ATOM,2598.0,CA,VAL,186.0,77.577,17.231,10.456,0.07,2.275,0.0
ATOM,2599.0,C,VAL,186.0,78.208,17.812,9.2,0.51,2.0,0.0
ATOM,2600.0,O,VAL,186.0,77.753,18.829,8.678,-0.51,1.7,0.0
ATOM,2601.0,CB,VAL,186.0,76.107,16.868,10.204,-0.09,2.275,0.0
ATOM,2602.0,CG1,VAL,186.0,75.972,15.956,8.998,-0.27,2.06,0.0
ATOM,2603.0,CG2,VAL,186.0,75.535,16.187,11.427,-0.27,2.06,0.09
ATOM,2604.0,H,VAL,186.0,77.203,19.182,11.422,0.31,0.2245,0.0
ATOM,2605.0,HA,VAL,186.0,78.112,16.451,10.737,0.09,1.32,0.0
ATOM,2606.0,HB,VAL,186.0,75.618,17.711,9.989,0.09,1.32,0.0
ATOM,2607.0,HG11,VAL,186.0,75.081,15.502,9.018,0.09,1.32,0.0
ATOM,2608.0,HG12,VAL,186.0,76.05,16.495,8.159,0.09,1.32,0.0
ATOM,2609.0,HG13,VAL,186.0,76.696,15.265,9.016,0.09,1.32,0.0
ATOM,2610.0,HG21,VAL,186.0,74.892,16.804,11.884,0.09,1.32,0.0
ATOM,2611.0,HG22,VAL,186.0,75.056,15.352,11.152,0.09,1.32,0.0
ATOM,2612.0,HG23,VAL,186.0,76.277,15.953,12.058,0.09,1.32,0.0
ATOM,2613.0,N,LEU,187.0,79.306,17.207,8.762,-0.47,1.85,0.0
ATOM,2614.0,CA,LEU,187.0,80.022,17.684,7.591,0.07,2.275,0.0
ATOM,2615.0,C,LEU,187.0,79.426,17.053,6.345,0.51,2.0,0.0
ATOM,2616.0,O,LEU,187.0,79.378,15.827,6.239,-0.51,1.7,0.03
ATOM,2617.0,CB,LEU,187.0,81.506,17.322,7.709,-0.18,2.175,0.0
ATOM,2618.0,CG,LEU,187.0,82.566,18.189,7.018,-0.09,2.275,0.0
ATOM,2619.0,CD1,LEU,187.0,83.928,17.633,7.353,-0.27,2.06,0.54
ATOM,2620.0,CD2,LEU,187.0,82.39,18.244,5.513,-0.27,2.06,0.0
ATOM,2621.0,H,LEU,187.0,79.6,16.381,9.319,0.31,0.2245,0.0
ATOM,2622.0,HA,LEU,187.0,79.912,18.677,7.528,0.09,1.32,0.0
ATOM,2623.0,HB2,LEU,187.0,81.737,17.306,8.695,0.09,1.32,0.0
ATOM,2624.0,HB3,LEU,187.0,81.619,16.381,7.354,0.09,1.32,0.0
ATOM,2625.0,HG,LEU,187.0,82.487,19.118,7.354,0.09,1.32,0.0
ATOM,2626.0,HD11,LEU,187.0,83.999,16.687,7.029,0.09,1.32,0.0
ATOM,2627.0,HD12,LEU,187.0,84.639,18.184,6.911,0.09,1.32,0.02
ATOM,2628.0,HD13,LEU,187.0,84.069,17.651,8.345,0.09,1.32,0.0
ATOM,2629.0,HD21,LEU,187.0,81.492,18.628,5.292,0.09,1.32,0.0
ATOM,2630.0,HD22,LEU,187.0,83.104,18.82,5.111,0.09,1.32,0.0
ATOM,2631.0,HD23,LEU,187.0,82.457,17.32,5.131,0.09,1.32,0.04
ATOM,2632.0,N,LEU,188.0,78.959,17.89,5.418,-0.47,1.85,0.0
ATOM,2633.0,CA,LEU,188.0,78.373,17.425,4.163,0.07,2.275,0.0
ATOM,2634.0,C,LEU,188.0,79.125,17.999,2.972,0.51,2.0,0.0
ATOM,2635.0,O,LEU,188.0,79.601,19.124,3.008,-0.51,1.7,0.0
ATOM,2636.0,CB,LEU,188.0,76.91,17.88,4.009,-0.18,2.175,0.32
ATOM,2637.0,CG,LEU,188.0,75.738,17.55,4.932,-0.09,2.275,0.0
ATOM,2638.0,CD1,LEU,188.0,75.866,16.152,5.472,-0.27,2.06,0.0
ATOM,2639.0,CD2,LEU,188.0,75.645,18.563,6.044,-0.27,2.06,0.0
ATOM,2640.0,H,LEU,188.0,79.048,18.9,5.666,0.31,0.2245,0.0
ATOM,2641.0,HA,LEU,188.0,78.441,16.422,4.131,0.09,1.32,0.0
ATOM,2642.0,HB2,LEU,188.0,76.936,18.924,3.935,0.09,1.32,0.0
ATOM,2643.0,HB3,LEU,188.0,76.614,17.591,3.048,0.09,1.32,0.5
ATOM,2644.0,HG,LEU,188.0,74.886,17.637,4.413,0.09,1.32,0.0
ATOM,2645.0,HD11,LEU,188.0,76.719,16.062,5.993,0.09,1.32,0.0
ATOM,2646.0,HD12,LEU,188.0,75.092,15.945,6.076,0.09,1.32,0.0
ATOM,2647.0,HD13,LEU,188.0,75.874,15.492,4.717,0.09,1.32,0.99
ATOM,2648.0,HD21,LEU,188.0,75.506,19.48,5.661,0.09,1.32,0.0
ATOM,2649.0,HD22,LEU,188.0,74.874,18.34,6.646,0.09,1.32,0.0
ATOM,2650.0,HD23,LEU,188.0,76.491,18.559,6.582,0.09,1.32,0.0
ATOM,2651.0,N,HIS,189.0,79.227,17.225,1.905,-0.47,1.85,0.0
ATOM,2652.0,CA,HIS,189.0,79.854,17.719,0.691,0.07,2.275,0.0
ATOM,2653.0,C,HIS,189.0,78.706,18.396,-0.059,0.51,2.0,0.0
ATOM,2654.0,O,HIS,189.0,77.653,17.788,-0.266,-0.51,1.7,6.41
ATOM,2655.0,CB,HIS,189.0,80.403,16.557,-0.144,-0.08,2.175,0.39
ATOM,2656.0,CG,HIS,189.0,81.619,15.913,0.442,0.22,1.8,0.0
ATOM,2657.0,H,HIS,189.0,78.836,16.274,2.007,0.31,0.2245,4.77
ATOM,2658.0,HA,HIS,189.0,80.514,18.404,0.926,0.09,1.32,0.0
ATOM,2659.0,HB2,HIS,189.0,79.686,15.856,-0.238,0.09,1.32,1.88
ATOM,2660.0,HB3,HIS,189.0,80.636,16.898,-1.062,0.09,1.32,0.04
ATOM,2661.0,ND1,HIS,189.0,82.837,15.907,-0.2,-0.7,1.85,6.61
ATOM,2662.0,CD2,HIS,189.0,81.809,15.268,1.617,-0.05,1.8,0.0
ATOM,2663.0,CE1,HIS,189.0,83.728,15.287,0.553,0.25,1.8,1.78
ATOM,2664.0,NE2,HIS,189.0,83.129,14.89,1.662,-0.36,1.85,0.0
ATOM,2665.0,HD2,HIS,189.0,81.122,15.098,2.318,0.09,1.468,0.0
ATOM,2666.0,HE1,HIS,189.0,84.686,15.142,0.325,0.13,0.9,0.05
ATOM,2667.0,HE2,HIS,189.0,83.567,14.394,2.414,0.32,0.2245,0.0
ATOM,2668.0,N,GLY,190.0,78.886,19.656,-0.43,-0.47,1.85,0.0
ATOM,2669.0,CA,GLY,190.0,77.837,20.361,-1.145,-0.02,2.175,0.0
ATOM,2670.0,C,GLY,190.0,77.501,19.689,-2.463,0.51,2.0,0.0
ATOM,2671.0,O,GLY,190.0,76.331,19.623,-2.844,-0.51,1.7,1.66
ATOM,2672.0,H,GLY,190.0,79.794,20.069,-0.177,0.31,0.2245,0.0
ATOM,2673.0,HA2,GLY,190.0,77.005,20.401,-0.569,0.09,1.32,0.0
ATOM,2674.0,HA3,GLY,190.0,78.131,21.313,-1.321,0.09,1.32,0.0
ATOM,2675.0,N,CYS,191.0,78.531,19.218,-3.167,-0.47,1.85,0.0
ATOM,2676.0,CA,CYS,191.0,78.365,18.539,-4.45,0.07,2.275,0.42
ATOM,2677.0,C,CYS,191.0,79.629,17.762,-4.825,0.51,2.0,0.0
ATOM,2678.0,O,CYS,191.0,80.639,17.837,-4.128,-0.51,1.7,1.38
ATOM,2679.0,CB,CYS,191.0,78.041,19.548,-5.553,-0.11,2.175,4.98
ATOM,2680.0,SG,CYS,191.0,79.376,20.703,-5.929,-0.23,2.0,0.0
ATOM,2681.0,H,CYS,191.0,79.463,19.376,-2.723,0.31,0.2245,0.0
ATOM,2682.0,HA,CYS,191.0,77.61,17.88,-4.364,0.09,1.32,3.78
ATOM,2683.0,HB2,CYS,191.0,77.822,19.038,-6.384,0.09,1.32,2.34
ATOM,2684.0,HB3,CYS,191.0,77.241,20.074,-5.264,0.09,1.32,0.0
ATOM,2685.0,HG,CYS,191.0,78.99,21.596,-6.163,0.16,0.45,0.0
ATOM,2686.0,N,CYS,192.0,79.549,17.004,-5.918,-0.47,1.85,0.0
ATOM,2687.0,CA,CYS,192.0,80.659,16.199,-6.433,0.07,2.275,0.0
ATOM,2688.0,C,CYS,192.0,81.452,15.546,-5.313,0.51,2.0,0.0
ATOM,2689.0,O,CYS,192.0,82.609,15.916,-5.065,-0.51,1.7,1.25
ATOM,2690.0,CB,CYS,192.0,81.591,17.065,-7.276,-0.11,2.175,0.0
ATOM,2691.0,SG,CYS,192.0,80.765,17.871,-8.632,-0.23,2.0,0.0
ATOM,2692.0,H,CYS,192.0,78.608,17.032,-6.387,0.31,0.2245,2.21
ATOM,2693.0,HA,CYS,192.0,80.272,15.469,-7.014,0.09,1.32,0.0
ATOM,2694.0,HB2,CYS,192.0,81.987,17.758,-6.68,0.09,1.32,0.0
ATOM,2695.0,HB3,CYS,192.0,82.309,16.477,-7.639,0.09,1.32,0.98
ATOM,2696.0,HG,CYS,192.0,81.028,18.84,-8.671,0.16,0.45,0.0
ATOM,2697.0,N,HIS,193.0,80.843,14.57,-4.648,-0.47,1.85,0.0
ATOM,2698.0,CA,HIS,193.0,81.507,13.921,-3.537,0.07,2.275,0.0
ATOM,2699.0,C,HIS,193.0,82.884,13.362,-3.885,0.51,2.0,0.0
ATOM,2700.0,O,HIS,193.0,83.04,12.615,-4.857,-0.51,1.7,1.18
ATOM,2701.0,CB,HIS,193.0,80.624,12.834,-2.936,-0.08,2.175,0.0
ATOM,2702.0,CG,HIS,193.0,81.039,12.419,-1.558,0.22,1.8,0.0
ATOM,2703.0,ND1,HIS,193.0,80.492,12.967,-0.42,-0.7,1.85,0.2
ATOM,2704.0,CD2,HIS,193.0,81.959,11.517,-1.138,-0.05,1.8,0.0
ATOM,2705.0,CE1,HIS,193.0,81.057,12.422,0.645,0.25,1.8,0.13
ATOM,2706.0,NE2,HIS,193.0,81.952,11.54,0.236,-0.36,1.85,0.0
ATOM,2707.0,H,HIS,193.0,79.898,14.331,-4.982,0.31,0.2245,0.0
ATOM,2708.0,HA,HIS,193.0,81.627,14.603,-2.789,0.09,1.32,0.0
ATOM,2709.0,HB2,HIS,193.0,79.675,13.166,-2.892,0.09,1.32,0.21
ATOM,2710.0,HB3,HIS,193.0,80.651,12.022,-3.53,0.09,1.32,0.0
ATOM,2711.0,HD2,HIS,193.0,82.534,10.945,-1.715,0.09,1.468,0.0
ATOM,2712.0,HE1,HIS,193.0,80.845,12.64,1.593,0.13,0.9,0.17
ATOM,2713.0,HE2,HIS,193.0,82.53,10.979,0.831,0.32,0.2245,0.0
ATOM,2714.0,N,ASN,194.0,83.868,13.762,-3.084,-0.47,1.85,0.0
ATOM,2715.0,CA,ASN,194.0,85.272,13.343,-3.196,0.07,2.275,0.0
ATOM,2716.0,C,ASN,194.0,85.455,12.429,-1.98,0.51,2.0,0.0
ATOM,2717.0,O,ASN,194.0,85.28,12.876,-0.846,-0.51,1.7,0.0
ATOM,2718.0,CB,ASN,194.0,86.174,14.582,-3.063,-0.18,2.175,3.01
ATOM,2719.0,CG,ASN,194.0,87.672,14.269,-3.225,0.55,2.0,0.0
ATOM,2720.0,OD1,ASN,194.0,88.528,15.163,-3.207,-0.55,1.7,3.14
ATOM,2721.0,ND2,ASN,194.0,87.984,12.981,-3.375,-0.62,1.85,0.09
ATOM,2722.0,H,ASN,194.0,83.547,14.434,-2.328,0.31,0.2245,0.0
ATOM,2723.0,HA,ASN,194.0,85.345,12.78,-3.991,0.09,1.32,0.0
ATOM,2724.0,HB2,ASN,194.0,85.916,15.238,-3.767,0.09,1.32,0.0
ATOM,2725.0,HB3,ASN,194.0,86.036,14.978,-2.159,0.09,1.32,0.73
ATOM,2726.0,HD22,ASN,194.0,87.263,12.29,-3.384,0.3,0.2245,0.0
ATOM,2727.0,HD21,ASN,194.0,88.94,12.709,-3.48,0.32,0.2245,0.32
ATOM,2728.0,N,PRO,195.0,85.941,11.193,-2.172,-0.29,1.85,0.0
ATOM,2729.0,CA,PRO,195.0,86.364,10.495,-3.387,0.02,2.275,0.0
ATOM,2730.0,C,PRO,195.0,85.361,9.709,-4.24,0.51,2.0,0.0
ATOM,2731.0,O,PRO,195.0,85.643,9.428,-5.403,-0.51,1.7,0.0
ATOM,2732.0,CB,PRO,195.0,87.42,9.548,-2.831,-0.18,2.175,0.77
ATOM,2733.0,CG,PRO,195.0,86.751,9.08,-1.572,-0.18,2.175,0.25
ATOM,2734.0,CD,PRO,195.0,86.208,10.359,-0.983,0.0,2.175,0.0
ATOM,2735.0,HA,PRO,195.0,86.892,11.165,-4.006,0.09,1.32,0.0
ATOM,2736.0,HB2,PRO,195.0,87.581,8.791,-3.448,0.09,1.32,0.0
ATOM,2737.0,HB3,PRO,195.0,88.26,10.029,-2.628,0.09,1.32,2.19
ATOM,2738.0,HG2,PRO,195.0,86.016,8.444,-1.781,0.09,1.32,0.0
ATOM,2739.0,HG3,PRO,195.0,87.412,8.659,-0.961,0.09,1.32,2.33
ATOM,2740.0,HD2,PRO,195.0,85.365,10.197,-0.473,0.09,1.32,0.0
ATOM,2741.0,HD3,PRO,195.0,86.879,10.801,-0.388,0.09,1.32,0.0
ATOM,2742.0,N,THR,196.0,84.204,9.365,-3.679,-0.47,1.85,0.0
ATOM,2743.0,CA,THR,196.0,83.213,8.535,-4.381,0.07,2.275,0.0
ATOM,2744.0,C,THR,196.0,82.575,8.948,-5.707,0.51,2.0,0.0
ATOM,2745.0,O,THR,196.0,82.44,8.118,-6.608,-0.51,1.7,0.0
ATOM,2746.0,CB,THR,196.0,82.072,8.117,-3.434,0.14,2.275,0.0
ATOM,2747.0,OG1,THR,196.0,81.228,9.246,-3.166,-0.66,1.77,0.0
ATOM,2748.0,CG2,THR,196.0,82.642,7.589,-2.139,-0.27,2.06,0.0
ATOM,2749.0,H,THR,196.0,84.06,9.726,-2.716,0.31,0.2245,0.0
ATOM,2750.0,HA,THR,196.0,83.658,7.588,-4.53,0.09,1.32,0.0
ATOM,2751.0,HB,THR,196.0,81.508,7.401,-3.894,0.09,1.32,0.0
ATOM,2752.0,HG21,THR,196.0,83.255,8.27,-1.728,0.09,1.32,0.0
ATOM,2753.0,HG22,THR,196.0,81.901,7.388,-1.491,0.09,1.32,0.0
ATOM,2754.0,HG23,THR,196.0,83.161,6.746,-2.308,0.09,1.32,0.0
ATOM,2755.0,HG1,THR,196.0,81.78,10.03,-2.863,0.43,0.2245,0.0
ATOM,2756.0,N,GLY,197.0,82.131,10.198,-5.806,-0.47,1.85,0.0
ATOM,2757.0,CA,GLY,197.0,81.471,10.661,-7.012,-0.02,2.175,0.0
ATOM,2758.0,C,GLY,197.0,79.961,10.465,-6.908,0.51,2.0,0.0
ATOM,2759.0,O,GLY,197.0,79.207,10.915,-7.777,-0.51,1.7,0.0
ATOM,2760.0,H,GLY,197.0,82.295,10.788,-4.972,0.31,0.2245,0.0
ATOM,2761.0,HA2,GLY,197.0,81.667,11.637,-7.154,0.09,1.32,0.09
ATOM,2762.0,HA3,GLY,197.0,81.816,10.149,-7.807,0.09,1.32,0.0
ATOM,2763.0,N,ALA,198.0,79.523,9.771,-5.857,-0.47,1.85,0.0
ATOM,2764.0,CA,ALA,198.0,78.101,9.498,-5.617,0.07,2.275,0.26
ATOM,2765.0,C,ALA,198.0,77.473,10.688,-4.896,0.51,2.0,0.0
ATOM,2766.0,O,ALA,198.0,77.961,11.121,-3.847,-0.51,1.7,0.0
ATOM,2767.0,CB,ALA,198.0,77.938,8.229,-4.791,-0.27,2.06,1.02
ATOM,2768.0,H,ALA,198.0,80.279,9.437,-5.217,0.31,0.2245,0.0
ATOM,2769.0,HA,ALA,198.0,77.644,9.378,-6.498,0.09,1.32,0.24
ATOM,2770.0,HB1,ALA,198.0,77.099,8.288,-4.251,0.09,1.32,0.0
ATOM,2771.0,HB2,ALA,198.0,77.886,7.438,-5.4,0.09,1.32,0.0
ATOM,2772.0,HB3,ALA,198.0,78.721,8.126,-4.179,0.09,1.32,0.0
ATOM,2773.0,N,ASN,199.0,76.357,11.18,-5.413,-0.47,1.85,0.0
ATOM,2774.0,CA,ASN,199.0,75.747,12.354,-4.805,0.07,2.275,0.0
ATOM,2775.0,C,ASN,199.0,74.297,12.245,-4.388,0.51,2.0,0.03
ATOM,2776.0,O,ASN,199.0,73.579,11.334,-4.802,-0.51,1.7,12.49
ATOM,2777.0,CB,ASN,199.0,75.948,13.577,-5.707,-0.18,2.175,9.58
ATOM,2778.0,CG,ASN,199.0,77.414,13.929,-5.88,0.55,2.0,0.0
ATOM,2779.0,H,ASN,199.0,75.984,10.69,-6.23,0.31,0.2245,8.33
ATOM,2780.0,HA,ASN,199.0,76.29,12.559,-3.951,0.09,1.32,0.0
ATOM,2781.0,HB2,ASN,199.0,75.562,13.375,-6.6,0.09,1.32,7.08
ATOM,2782.0,HB3,ASN,199.0,75.481,14.351,-5.293,0.09,1.32,2.74
ATOM,2783.0,OD1,ASN,199.0,78.079,14.348,-4.931,-0.55,1.7,2.79
ATOM,2784.0,ND2,ASN,199.0,77.933,13.731,-7.084,-0.62,1.85,0.36
ATOM,2785.0,HD22,ASN,199.0,77.358,13.372,-7.822,0.3,0.2245,0.37
ATOM,2786.0,HD21,ASN,199.0,78.895,13.939,-7.259,0.32,0.2245,0.0
ATOM,2787.0,N,LEU,200.0,73.883,13.2,-3.559,-0.47,1.85,0.0
ATOM,2788.0,CA,LEU,200.0,72.521,13.255,-3.053,0.07,2.275,0.0
ATOM,2789.0,C,LEU,200.0,71.625,13.968,-4.058,0.51,2.0,0.0
ATOM,2790.0,O,LEU,200.0,72.072,14.856,-4.794,-0.51,1.7,13.62
ATOM,2791.0,CB,LEU,200.0,72.475,13.999,-1.715,-0.18,2.175,0.0
ATOM,2792.0,CG,LEU,200.0,73.297,13.447,-0.547,-0.09,2.275,0.65
ATOM,2793.0,CD1,LEU,200.0,73.1,14.332,0.691,-0.27,2.06,3.43
ATOM,2794.0,CD2,LEU,200.0,72.897,12.004,-0.25,-0.27,2.06,0.0
ATOM,2795.0,H,LEU,200.0,74.616,13.899,-3.307,0.31,0.2245,3.81
ATOM,2796.0,HA,LEU,200.0,72.182,12.319,-2.935,0.09,1.32,0.0
ATOM,2797.0,HB2,LEU,200.0,72.789,14.94,-1.879,0.09,1.32,0.0
ATOM,2798.0,HB3,LEU,200.0,71.516,14.028,-1.415,0.09,1.32,0.0
ATOM,2799.0,HG,LEU,200.0,74.26,13.445,-0.797,0.09,1.32,1.09
ATOM,2800.0,HD11,LEU,200.0,72.133,14.339,0.939,0.09,1.32,0.0
ATOM,2801.0,HD12,LEU,200.0,73.639,13.964,1.446,0.09,1.32,0.0
ATOM,2802.0,HD13,LEU,200.0,73.401,15.26,0.482,0.09,1.32,0.0
ATOM,2803.0,HD21,LEU,200.0,73.061,11.44,-1.06,0.09,1.32,0.0
ATOM,2804.0,HD22,LEU,200.0,73.442,11.659,0.514,0.09,1.32,0.0
ATOM,2805.0,HD23,LEU,200.0,71.927,11.971,-0.011,0.09,1.32,0.0
ATOM,2806.0,N,THR,201.0,70.38,13.52,-4.14,-0.47,1.85,0.0
ATOM,2807.0,CA,THR,201.0,69.412,14.135,-5.028,0.07,2.275,0.82
ATOM,2808.0,C,THR,201.0,68.782,15.222,-4.17,0.51,2.0,0.0
ATOM,2809.0,O,THR,201.0,68.784,15.112,-2.943,-0.51,1.7,0.0
ATOM,2810.0,CB,THR,201.0,68.331,13.141,-5.441,0.14,2.275,4.97
ATOM,2811.0,OG1,THR,201.0,67.6,12.731,-4.282,-0.66,1.77,3.45
ATOM,2812.0,CG2,THR,201.0,68.951,11.922,-6.086,-0.27,2.06,35.53
ATOM,2813.0,H,THR,201.0,70.166,12.71,-3.527,0.31,0.2245,0.0
ATOM,2814.0,HA,THR,201.0,69.884,14.561,-5.774,0.09,1.32,5.72
ATOM,2815.0,HB,THR,201.0,67.68,13.6,-6.079,0.09,1.32,8.28
ATOM,2816.0,HG21,THR,201.0,69.908,12.108,-6.326,0.09,1.32,4.52
ATOM,2817.0,HG22,THR,201.0,68.921,11.144,-5.452,0.09,1.32,2.28
ATOM,2818.0,HG23,THR,201.0,68.448,11.68,-6.921,0.09,1.32,11.62
ATOM,2819.0,HG1,THR,201.0,68.172,12.149,-3.694,0.43,0.2245,0.0
ATOM,2820.0,N,LEU,202.0,68.228,16.25,-4.801,-0.47,1.85,1.66
ATOM,2821.0,CA,LEU,202.0,67.608,17.347,-4.069,0.07,2.275,0.09
ATOM,2822.0,C,LEU,202.0,66.51,16.854,-3.1,0.51,2.0,0.23
ATOM,2823.0,O,LEU,202.0,66.297,17.441,-2.04,-0.51,1.7,0.42
ATOM,2824.0,CB,LEU,202.0,67.081,18.388,-5.061,-0.18,2.175,5.69
ATOM,2825.0,CG,LEU,202.0,66.799,19.811,-4.582,-0.09,2.275,1.76
ATOM,2826.0,CD1,LEU,202.0,67.987,20.359,-3.817,-0.27,2.06,0.0
ATOM,2827.0,CD2,LEU,202.0,66.491,20.68,-5.779,-0.27,2.06,31.69
ATOM,2828.0,H,LEU,202.0,68.274,16.205,-5.836,0.31,0.2245,9.02
ATOM,2829.0,HA,LEU,202.0,68.315,17.815,-3.521,0.09,1.32,0.0
ATOM,2830.0,HB2,LEU,202.0,67.753,18.456,-5.814,0.09,1.32,6.53
ATOM,2831.0,HB3,LEU,202.0,66.22,18.029,-5.449,0.09,1.32,6.92
ATOM,2832.0,HG,LEU,202.0,65.995,19.8,-3.987,0.09,1.32,4.51
ATOM,2833.0,HD11,LEU,202.0,68.794,20.371,-4.41,0.09,1.32,0.97
ATOM,2834.0,HD12,LEU,202.0,67.789,21.291,-3.509,0.09,1.32,1.36
ATOM,2835.0,HD13,LEU,202.0,68.172,19.781,-3.021,0.09,1.32,0.0
ATOM,2836.0,HD21,LEU,202.0,65.688,20.323,-6.261,0.09,1.32,10.75
ATOM,2837.0,HD22,LEU,202.0,66.304,21.618,-5.479,0.09,1.32,9.55
ATOM,2838.0,HD23,LEU,202.0,67.274,20.686,-6.405,0.09,1.32,4.37
ATOM,2839.0,N,ASP,203.0,65.838,15.759,-3.444,-0.47,1.85,0.26
ATOM,2840.0,CA,ASP,203.0,64.814,15.193,-2.567,0.07,2.275,0.82
ATOM,2841.0,C,ASP,203.0,65.486,14.56,-1.35,0.51,2.0,0.06
ATOM,2842.0,O,ASP,203.0,64.93,14.545,-0.253,-0.51,1.7,1.48
ATOM,2843.0,CB,ASP,203.0,63.969,14.153,-3.305,-0.28,2.175,12.54
ATOM,2844.0,CG,ASP,203.0,62.75,14.757,-3.968,0.62,2.0,4.25
ATOM,2845.0,OD1,ASP,203.0,61.899,15.302,-3.24,-0.76,1.7,37.96
ATOM,2846.0,OD2,ASP,203.0,62.64,14.684,-5.211,-0.76,1.7,45.75
ATOM,2847.0,H,ASP,203.0,66.096,15.354,-4.36,0.31,0.2245,1.28
ATOM,2848.0,HA,ASP,203.0,64.256,15.953,-2.232,0.09,1.32,0.75
ATOM,2849.0,HB2,ASP,203.0,64.539,13.734,-4.002,0.09,1.32,2.29
ATOM,2850.0,HB3,ASP,203.0,63.672,13.474,-2.644,0.09,1.32,7.39
ATOM,2851.0,N,GLN,204.0,66.69,14.031,-1.545,-0.47,1.85,0.0
ATOM,2852.0,CA,GLN,204.0,67.42,13.438,-0.436,0.07,2.275,0.04
ATOM,2853.0,C,GLN,204.0,67.939,14.554,0.456,0.51,2.0,0.0
ATOM,2854.0,O,GLN,204.0,67.971,14.404,1.677,-0.51,1.7,0.0
ATOM,2855.0,CB,GLN,204.0,68.529,12.519,-0.935,-0.18,2.175,0.0
ATOM,2856.0,CG,GLN,204.0,67.986,11.16,-1.343,-0.18,2.175,5.58
ATOM,2857.0,CD,GLN,204.0,68.985,10.304,-2.066,0.55,2.0,0.11
ATOM,2858.0,H,GLN,204.0,67.042,14.078,-2.512,0.31,0.2245,0.0
ATOM,2859.0,HA,GLN,204.0,66.781,12.888,0.1,0.09,1.32,0.0
ATOM,2860.0,HB2,GLN,204.0,68.96,12.932,-1.727,0.09,1.32,0.0
ATOM,2861.0,HB3,GLN,204.0,69.19,12.384,-0.206,0.09,1.32,0.0
ATOM,2862.0,HG2,GLN,204.0,67.684,10.677,-0.514,0.09,1.32,0.0
ATOM,2863.0,HG3,GLN,204.0,67.188,11.303,-1.938,0.09,1.32,3.08
ATOM,2864.0,OE1,GLN,204.0,69.863,10.806,-2.761,-0.55,1.7,1.6
ATOM,2865.0,NE2,GLN,204.0,68.84,8.996,-1.936,-0.62,1.85,12.95
ATOM,2866.0,HE21,GLN,204.0,69.472,8.344,-2.409,0.32,0.2245,11.09
ATOM,2867.0,HE22,GLN,204.0,68.085,8.636,-1.353,0.3,0.2245,6.98
ATOM,2868.0,N,TRP,205.0,68.285,15.69,-0.156,-0.47,1.85,0.0
ATOM,2869.0,CA,TRP,205.0,68.753,16.873,0.576,0.07,2.275,0.0
ATOM,2870.0,C,TRP,205.0,67.622,17.369,1.464,0.51,2.0,0.0
ATOM,2871.0,O,TRP,205.0,67.825,17.651,2.645,-0.51,1.7,0.0
ATOM,2872.0,CB,TRP,205.0,69.138,17.996,-0.384,-0.18,2.175,0.0
ATOM,2873.0,CG,TRP,205.0,70.558,17.969,-0.828,-0.03,1.9924,0.0
ATOM,2874.0,CD1,TRP,205.0,71.009,17.806,-2.104,0.035,1.9924,1.25
ATOM,2875.0,CD2,TRP,205.0,71.725,18.154,-0.01,-0.02,1.8,0.0
ATOM,2876.0,NE1,TRP,205.0,72.382,17.882,-2.134,-0.61,1.85,0.0
ATOM,2877.0,CE2,TRP,205.0,72.847,18.093,-0.86,0.13,1.8,0.0
ATOM,2878.0,CE3,TRP,205.0,71.926,18.367,1.362,-0.115,1.9924,0.0
ATOM,2879.0,CZ2,TRP,205.0,74.161,18.238,-0.389,-0.115,1.9924,0.74
ATOM,2880.0,CZ3,TRP,205.0,73.235,18.512,1.831,-0.115,1.9924,0.0
ATOM,2881.0,CH2,TRP,205.0,74.331,18.445,0.955,-0.115,1.9924,0.06
ATOM,2882.0,H,TRP,205.0,68.195,15.665,-1.194,0.31,0.2245,0.0
ATOM,2883.0,HA,TRP,205.0,69.502,16.586,1.167,0.09,1.32,0.0
ATOM,2884.0,HB2,TRP,205.0,68.568,17.93,-1.2,0.09,1.32,0.0
ATOM,2885.0,HB3,TRP,205.0,68.982,18.872,0.068,0.09,1.32,0.0
ATOM,2886.0,HD1,TRP,205.0,70.431,17.653,-2.904,0.115,1.3582,1.09
ATOM,2887.0,HE1,TRP,205.0,72.951,17.798,-2.951,0.38,0.2245,8.46
ATOM,2888.0,HE3,TRP,205.0,71.162,18.416,1.994,0.115,1.3582,0.0
ATOM,2889.0,HZ2,TRP,205.0,74.932,18.188,-1.027,0.115,1.3582,1.24
ATOM,2890.0,HZ3,TRP,205.0,73.384,18.664,2.801,0.115,1.3582,0.0
ATOM,2891.0,HH2,TRP,205.0,75.252,18.553,1.331,0.115,1.3582,0.0
ATOM,2892.0,N,ALA,206.0,66.43,17.472,0.875,-0.47,1.85,0.0
ATOM,2893.0,CA,ALA,206.0,65.231,17.912,1.579,0.07,2.275,0.0
ATOM,2894.0,C,ALA,206.0,65.039,17.09,2.848,0.51,2.0,0.44
ATOM,2895.0,O,ALA,206.0,64.79,17.643,3.919,-0.51,1.7,0.56
ATOM,2896.0,CB,ALA,206.0,64.027,17.779,0.673,-0.27,2.06,14.13
ATOM,2897.0,H,ALA,206.0,66.431,17.209,-0.139,0.31,0.2245,0.0
ATOM,2898.0,HA,ALA,206.0,65.34,18.876,1.835,0.09,1.32,0.0
ATOM,2899.0,HB1,ALA,206.0,63.529,16.938,0.892,0.09,1.32,4.13
ATOM,2900.0,HB2,ALA,206.0,63.419,18.564,0.801,0.09,1.32,0.0
ATOM,2901.0,HB3,ALA,206.0,64.324,17.745,-0.283,0.09,1.32,0.26
ATOM,2902.0,N,GLU,207.0,65.166,15.77,2.728,-0.47,1.85,0.04
ATOM,2903.0,CA,GLU,207.0,65.037,14.882,3.872,0.07,2.275,0.77
ATOM,2904.0,C,GLU,207.0,66.141,15.1,4.908,0.51,2.0,0.0
ATOM,2905.0,O,GLU,207.0,65.858,15.165,6.108,-0.51,1.7,0.41
ATOM,2906.0,CB,GLU,207.0,65.046,13.429,3.434,-0.18,2.175,1.44
ATOM,2907.0,CG,GLU,207.0,63.718,12.906,2.932,-0.28,2.175,15.66
ATOM,2908.0,CD,GLU,207.0,63.733,11.387,2.779,0.62,2.0,3.35
ATOM,2909.0,OE1,GLU,207.0,63.943,10.691,3.801,-0.76,1.7,15.28
ATOM,2910.0,OE2,GLU,207.0,63.559,10.897,1.637,-0.76,1.7,30.84
ATOM,2911.0,H,GLU,207.0,65.362,15.439,1.762,0.31,0.2245,0.0
ATOM,2912.0,HA,GLU,207.0,64.136,15.023,4.314,0.09,1.32,1.46
ATOM,2913.0,HB2,GLU,207.0,65.7,13.339,2.697,0.09,1.32,0.0
ATOM,2914.0,HB3,GLU,207.0,65.308,12.879,4.213,0.09,1.32,0.61
ATOM,2915.0,HG2,GLU,207.0,63.026,13.125,3.587,0.09,1.32,9.18
ATOM,2916.0,HG3,GLU,207.0,63.544,13.285,2.047,0.09,1.32,1.93
ATOM,2917.0,N,ILE,208.0,67.393,15.188,4.465,-0.47,1.85,0.0
ATOM,2918.0,CA,ILE,208.0,68.497,15.413,5.394,0.07,2.275,0.0
ATOM,2919.0,C,ILE,208.0,68.239,16.694,6.189,0.51,2.0,0.0
ATOM,2920.0,O,ILE,208.0,68.517,16.753,7.394,-0.51,1.7,0.0
ATOM,2921.0,CB,ILE,208.0,69.873,15.52,4.665,-0.09,2.275,0.0
ATOM,2922.0,CG1,ILE,208.0,70.282,14.162,4.102,-0.18,2.175,0.0
ATOM,2923.0,CG2,ILE,208.0,70.954,16.036,5.612,-0.27,2.06,0.0
ATOM,2924.0,CD1,ILE,208.0,70.285,13.046,5.134,-0.27,2.06,0.0
ATOM,2925.0,H,ILE,208.0,67.509,15.087,3.446,0.31,0.2245,0.0
ATOM,2926.0,HA,ILE,208.0,68.471,14.661,6.051,0.09,1.32,0.0
ATOM,2927.0,HB,ILE,208.0,69.76,16.153,3.91,0.09,1.32,0.0
ATOM,2928.0,HG12,ILE,208.0,69.652,13.918,3.367,0.09,1.32,0.0
ATOM,2929.0,HG13,ILE,208.0,71.202,14.243,3.72,0.09,1.32,0.0
ATOM,2930.0,HG21,ILE,208.0,71.813,16.13,5.114,0.09,1.32,0.0
ATOM,2931.0,HG22,ILE,208.0,70.679,16.924,5.976,0.09,1.32,0.0
ATOM,2932.0,HG23,ILE,208.0,71.073,15.39,6.363,0.09,1.32,0.0
ATOM,2933.0,HD11,ILE,208.0,69.367,12.948,5.514,0.09,1.32,0.0
ATOM,2934.0,HD12,ILE,208.0,70.561,12.194,4.694,0.09,1.32,0.0
ATOM,2935.0,HD13,ILE,208.0,70.929,13.274,5.862,0.09,1.32,0.0
ATOM,2936.0,N,ALA,209.0,67.674,17.703,5.524,-0.47,1.85,0.0
ATOM,2937.0,CA,ALA,209.0,67.382,18.973,6.187,0.07,2.275,0.0
ATOM,2938.0,C,ALA,209.0,66.426,18.768,7.357,0.51,2.0,0.0
ATOM,2939.0,O,ALA,209.0,66.578,19.392,8.413,-0.51,1.7,0.0
ATOM,2940.0,CB,ALA,209.0,66.807,19.968,5.204,-0.27,2.06,0.0
ATOM,2941.0,H,ALA,209.0,67.468,17.513,4.53,0.31,0.2245,0.0
ATOM,2942.0,HA,ALA,209.0,68.242,19.359,6.539,0.09,1.32,0.0
ATOM,2943.0,HB1,ALA,209.0,67.316,20.829,5.256,0.09,1.32,0.0
ATOM,2944.0,HB2,ALA,209.0,66.874,19.603,4.274,0.09,1.32,0.0
ATOM,2945.0,HB3,ALA,209.0,65.845,20.141,5.421,0.09,1.32,0.0
ATOM,2946.0,N,SER,210.0,65.467,17.865,7.182,-0.47,1.85,0.0
ATOM,2947.0,CA,SER,210.0,64.492,17.573,8.226,0.07,2.275,0.53
ATOM,2948.0,C,SER,210.0,65.155,16.932,9.433,0.51,2.0,0.0
ATOM,2949.0,O,SER,210.0,64.837,17.268,10.575,-0.51,1.7,2.02
ATOM,2950.0,CB,SER,210.0,63.4,16.659,7.682,0.05,2.175,16.31
ATOM,2951.0,OG,SER,210.0,62.777,17.265,6.559,-0.66,1.77,20.46
ATOM,2952.0,H,SER,210.0,65.473,17.396,6.256,0.31,0.2245,0.0
ATOM,2953.0,HA,SER,210.0,64.082,18.445,8.523,0.09,1.32,0.0
ATOM,2954.0,HB2,SER,210.0,63.807,15.8,7.401,0.09,1.32,1.27
ATOM,2955.0,HB3,SER,210.0,62.719,16.513,8.388,0.09,1.32,8.84
ATOM,2956.0,HG,SER,210.0,63.448,17.377,5.828,0.43,0.2245,0.0
ATOM,2957.0,N,ILE,211.0,66.1,16.033,9.18,-0.47,1.85,0.0
ATOM,2958.0,CA,ILE,211.0,66.801,15.355,10.262,0.07,2.275,0.0
ATOM,2959.0,C,ILE,211.0,67.674,16.353,11.019,0.51,2.0,0.0
ATOM,2960.0,O,ILE,211.0,67.859,16.227,12.228,-0.51,1.7,0.0
ATOM,2961.0,CB,ILE,211.0,67.655,14.168,9.738,-0.09,2.275,0.0
ATOM,2962.0,CG1,ILE,211.0,66.756,13.147,9.034,-0.18,2.175,4.73
ATOM,2963.0,CG2,ILE,211.0,68.393,13.489,10.893,-0.27,2.06,0.0
ATOM,2964.0,CD1,ILE,211.0,67.505,12.109,8.223,-0.27,2.06,4.26
ATOM,2965.0,H,ILE,211.0,66.288,15.863,8.177,0.31,0.2245,0.0
ATOM,2966.0,HA,ILE,211.0,66.099,15.046,10.905,0.09,1.32,0.0
ATOM,2967.0,HB,ILE,211.0,68.295,14.528,9.073,0.09,1.32,0.0
ATOM,2968.0,HG12,ILE,211.0,66.205,12.681,9.727,0.09,1.32,0.78
ATOM,2969.0,HG13,ILE,211.0,66.137,13.645,8.423,0.09,1.32,0.13
ATOM,2970.0,HG21,ILE,211.0,68.951,12.744,10.535,0.09,1.32,0.0
ATOM,2971.0,HG22,ILE,211.0,68.977,14.157,11.349,0.09,1.32,0.32
ATOM,2972.0,HG23,ILE,211.0,67.728,13.127,11.542,0.09,1.32,0.0
ATOM,2973.0,HD11,ILE,211.0,68.115,11.597,8.825,0.09,1.32,0.0
ATOM,2974.0,HD12,ILE,211.0,66.85,11.486,7.799,0.09,1.32,2.14
ATOM,2975.0,HD13,ILE,211.0,68.04,12.567,7.514,0.09,1.32,0.0
ATOM,2976.0,N,LEU,212.0,68.179,17.366,10.324,-0.47,1.85,0.0
ATOM,2977.0,CA,LEU,212.0,69.018,18.365,10.979,0.07,2.275,0.0
ATOM,2978.0,C,LEU,212.0,68.199,19.286,11.883,0.51,2.0,0.0
ATOM,2979.0,O,LEU,212.0,68.623,19.598,13.004,-0.51,1.7,0.97
ATOM,2980.0,CB,LEU,212.0,69.832,19.168,9.954,-0.18,2.175,0.0
ATOM,2981.0,CG,LEU,212.0,70.907,18.417,9.155,-0.09,2.275,0.0
ATOM,2982.0,CD1,LEU,212.0,71.54,19.348,8.125,-0.27,2.06,0.0
ATOM,2983.0,CD2,LEU,212.0,71.972,17.857,10.087,-0.27,2.06,0.21
ATOM,2984.0,H,LEU,212.0,67.936,17.384,9.324,0.31,0.2245,0.0
ATOM,2985.0,HA,LEU,212.0,69.7,17.888,11.549,0.09,1.32,0.0
ATOM,2986.0,HB2,LEU,212.0,69.189,19.556,9.292,0.09,1.32,0.0
ATOM,2987.0,HB3,LEU,212.0,70.291,19.91,10.444,0.09,1.32,0.0
ATOM,2988.0,HG,LEU,212.0,70.483,17.646,8.688,0.09,1.32,0.0
ATOM,2989.0,HD11,LEU,212.0,71.961,20.124,8.593,0.09,1.32,0.0
ATOM,2990.0,HD12,LEU,212.0,72.238,18.85,7.611,0.09,1.32,0.0
ATOM,2991.0,HD13,LEU,212.0,70.835,19.678,7.498,0.09,1.32,0.0
ATOM,2992.0,HD21,LEU,212.0,71.549,17.224,10.736,0.09,1.32,0.87
ATOM,2993.0,HD22,LEU,212.0,72.664,17.371,9.551,0.09,1.32,0.0
ATOM,2994.0,HD23,LEU,212.0,72.406,18.607,10.588,0.09,1.32,0.0
ATOM,2995.0,N,GLU,213.0,67.034,19.726,11.401,-0.47,1.85,0.0
ATOM,2996.0,CA,GLU,213.0,66.15,20.598,12.191,0.07,2.275,1.6
ATOM,2997.0,C,GLU,213.0,65.814,19.845,13.477,0.51,2.0,0.49
ATOM,2998.0,O,GLU,213.0,66.006,20.346,14.578,-0.51,1.7,18.01
ATOM,2999.0,CB,GLU,213.0,64.837,20.889,11.443,-0.18,2.175,9.54
ATOM,3000.0,CG,GLU,213.0,64.989,21.468,10.038,-0.28,2.175,0.99
ATOM,3001.0,CD,GLU,213.0,63.643,21.822,9.398,0.62,2.0,1.13
ATOM,3002.0,OE1,GLU,213.0,63.16,22.952,9.641,-0.76,1.7,31.63
ATOM,3003.0,OE2,GLU,213.0,63.073,20.984,8.659,-0.76,1.7,19.4
ATOM,3004.0,H,GLU,213.0,66.809,19.408,10.442,0.31,0.2245,0.0
ATOM,3005.0,HA,GLU,213.0,66.619,21.441,12.408,0.09,1.32,5.14
ATOM,3006.0,HB2,GLU,213.0,64.346,20.034,11.361,0.09,1.32,1.74
ATOM,3007.0,HB3,GLU,213.0,64.327,21.544,11.981,0.09,1.32,9.07
ATOM,3008.0,HG2,GLU,213.0,65.51,22.296,10.1,0.09,1.32,0.1
ATOM,3009.0,HG3,GLU,213.0,65.414,20.793,9.469,0.09,1.32,0.0
ATOM,3010.0,N,LYS,214.0,65.345,18.615,13.294,-0.47,1.85,0.4
ATOM,3011.0,CA,LYS,214.0,64.97,17.699,14.363,0.07,2.275,3.33
ATOM,3012.0,C,LYS,214.0,66.04,17.552,15.443,0.51,2.0,0.0
ATOM,3013.0,O,LYS,214.0,65.754,17.701,16.625,-0.51,1.7,26.73
ATOM,3014.0,CB,LYS,214.0,64.701,16.329,13.741,-0.18,2.175,1.61
ATOM,3015.0,CG,LYS,214.0,64.063,15.293,14.639,-0.18,2.175,12.92
ATOM,3016.0,CD,LYS,214.0,64.09,13.94,13.932,-0.18,2.175,15.06
ATOM,3017.0,CE,LYS,214.0,63.556,14.05,12.49,0.21,2.175,7.15
ATOM,3018.0,NZ,LYS,214.0,63.704,12.804,11.682,-0.3,1.85,10.24
ATOM,3019.0,H,LYS,214.0,65.264,18.347,12.27,0.31,0.2245,0.0
ATOM,3020.0,HA,LYS,214.0,64.117,18.04,14.801,0.09,1.32,10.73
ATOM,3021.0,HB2,LYS,214.0,64.102,16.465,12.94,0.09,1.32,1.66
ATOM,3022.0,HB3,LYS,214.0,65.582,15.962,13.409,0.09,1.32,0.0
ATOM,3023.0,HG2,LYS,214.0,64.578,15.222,15.482,0.09,1.32,4.13
ATOM,3024.0,HG3,LYS,214.0,63.122,15.541,14.816,0.09,1.32,10.53
ATOM,3025.0,HD2,LYS,214.0,65.025,13.614,13.891,0.09,1.32,0.76
ATOM,3026.0,HD3,LYS,214.0,63.514,13.303,14.427,0.09,1.32,11.06
ATOM,3027.0,HE2,LYS,214.0,62.577,14.303,12.534,0.05,1.32,11.4
ATOM,3028.0,HE3,LYS,214.0,64.046,14.805,12.028,0.05,1.32,0.0
ATOM,3029.0,HZ1,LYS,214.0,64.623,12.434,11.812,0.33,0.2245,3.43
ATOM,3030.0,HZ2,LYS,214.0,63.026,12.134,11.982,0.33,0.2245,19.48
ATOM,3031.0,HZ3,LYS,214.0,63.561,13.018,10.717,0.33,0.2245,8.78
ATOM,3032.0,N,THR,215.0,67.258,17.211,15.032,-0.47,1.85,0.0
ATOM,3033.0,CA,THR,215.0,68.364,17.012,15.965,0.07,2.275,0.44
ATOM,3034.0,C,THR,215.0,69.024,18.299,16.448,0.51,2.0,0.31
ATOM,3035.0,O,THR,215.0,69.574,18.347,17.551,-0.51,1.7,6.0
ATOM,3036.0,CB,THR,215.0,69.465,16.118,15.354,0.14,2.275,0.0
ATOM,3037.0,OG1,THR,215.0,70.026,16.762,14.201,-0.66,1.77,0.24
ATOM,3038.0,CG2,THR,215.0,68.895,14.752,14.955,-0.27,2.06,0.65
ATOM,3039.0,H,THR,215.0,67.354,17.1,14.002,0.31,0.2245,0.0
ATOM,3040.0,HA,THR,215.0,68.006,16.514,16.782,0.09,1.32,7.31
ATOM,3041.0,HB,THR,215.0,70.207,15.996,16.043,0.09,1.32,0.0
ATOM,3042.0,HG21,THR,215.0,69.646,14.123,14.75,0.09,1.32,0.0
ATOM,3043.0,HG22,THR,215.0,68.349,14.384,15.709,0.09,1.32,6.58
ATOM,3044.0,HG23,THR,215.0,68.317,14.855,14.145,0.09,1.32,0.0
ATOM,3045.0,HG1,THR,215.0,69.393,16.697,13.423,0.43,0.2245,0.0
ATOM,3046.0,N,GLY,216.0,68.977,19.336,15.622,-0.47,1.85,0.0
ATOM,3047.0,CA,GLY,216.0,69.601,20.588,15.994,-0.02,2.175,10.53
ATOM,3048.0,C,GLY,216.0,71.11,20.577,15.793,0.51,2.0,0.55
ATOM,3049.0,O,GLY,216.0,71.841,21.311,16.471,-0.51,1.7,9.77
ATOM,3050.0,H,GLY,216.0,68.479,19.174,14.735,0.31,0.2245,0.0
ATOM,3051.0,HA2,GLY,216.0,69.2,21.343,15.446,0.09,1.32,7.79
ATOM,3052.0,HA3,GLY,216.0,69.399,20.792,16.969,0.09,1.32,0.02
ATOM,3053.0,N,ALA,217.0,71.581,19.727,14.88,-0.47,1.85,0.0
ATOM,3054.0,CA,ALA,217.0,73.0,19.627,14.574,0.07,2.275,0.0
ATOM,3055.0,C,ALA,217.0,73.343,20.711,13.561,0.51,2.0,0.15
ATOM,3056.0,O,ALA,217.0,72.527,21.03,12.696,-0.51,1.7,3.06
ATOM,3057.0,CB,ALA,217.0,73.331,18.248,14.017,-0.27,2.06,0.0
ATOM,3058.0,H,ALA,217.0,70.851,19.149,14.412,0.31,0.2245,0.0
ATOM,3059.0,HA,ALA,217.0,73.525,19.789,15.405,0.09,1.32,0.0
ATOM,3060.0,HB1,ALA,217.0,72.562,17.915,13.472,0.09,1.32,0.0
ATOM,3061.0,HB2,ALA,217.0,74.146,18.308,13.442,0.09,1.32,0.0
ATOM,3062.0,HB3,ALA,217.0,73.502,17.616,14.772,0.09,1.32,0.0
ATOM,3063.0,N,LEU,218.0,74.526,21.303,13.713,-0.47,1.85,0.0
ATOM,3064.0,CA,LEU,218.0,75.028,22.372,12.845,0.07,2.275,1.87
ATOM,3065.0,C,LEU,218.0,75.705,21.805,11.598,0.51,2.0,0.0
ATOM,3066.0,O,LEU,218.0,76.651,21.032,11.701,-0.51,1.7,0.0
ATOM,3067.0,CB,LEU,218.0,76.025,23.244,13.628,-0.18,2.175,0.42
ATOM,3068.0,CG,LEU,218.0,76.788,24.39,12.943,-0.09,2.275,0.0
ATOM,3069.0,CD1,LEU,218.0,75.869,25.288,12.14,-0.27,2.06,0.11
ATOM,3070.0,CD2,LEU,218.0,77.513,25.221,14.002,-0.27,2.06,18.47
ATOM,3071.0,H,LEU,218.0,75.084,20.932,14.527,0.31,0.2245,0.0
ATOM,3072.0,HA,LEU,218.0,74.248,22.938,12.553,0.09,1.32,1.48
ATOM,3073.0,HB2,LEU,218.0,75.518,23.655,14.408,0.09,1.32,6.43
ATOM,3074.0,HB3,LEU,218.0,76.724,22.622,14.024,0.09,1.32,0.0
ATOM,3075.0,HG,LEU,218.0,77.485,23.992,12.336,0.09,1.32,0.0
ATOM,3076.0,HD11,LEU,218.0,75.18,25.692,12.744,0.09,1.32,0.25
ATOM,3077.0,HD12,LEU,218.0,76.402,26.019,11.711,0.09,1.32,0.0
ATOM,3078.0,HD13,LEU,218.0,75.411,24.753,11.428,0.09,1.32,0.0
ATOM,3079.0,HD21,LEU,218.0,78.157,24.638,14.496,0.09,1.32,0.68
ATOM,3080.0,HD22,LEU,218.0,78.009,25.966,13.556,0.09,1.32,0.75
ATOM,3081.0,HD23,LEU,218.0,76.844,25.599,14.641,0.09,1.32,3.7
ATOM,3082.0,N,PRO,219.0,75.185,22.133,10.405,-0.29,1.85,0.0
ATOM,3083.0,CA,PRO,219.0,75.786,21.623,9.173,0.02,2.275,0.0
ATOM,3084.0,C,PRO,219.0,76.969,22.433,8.641,0.51,2.0,0.0
ATOM,3085.0,O,PRO,219.0,76.893,23.658,8.488,-0.51,1.7,0.0
ATOM,3086.0,CB,PRO,219.0,74.615,21.638,8.192,-0.18,2.175,0.0
ATOM,3087.0,CG,PRO,219.0,73.828,22.829,8.633,-0.18,2.175,0.0
ATOM,3088.0,CD,PRO,219.0,73.857,22.726,10.145,0.0,2.175,0.0
ATOM,3089.0,HA,PRO,219.0,76.056,20.64,9.29,0.09,1.32,0.0
ATOM,3090.0,HB2,PRO,219.0,74.938,21.75,7.256,0.09,1.32,0.0
ATOM,3091.0,HB3,PRO,219.0,74.076,20.804,8.27,0.09,1.32,0.0
ATOM,3092.0,HG2,PRO,219.0,74.261,23.672,8.329,0.09,1.32,0.0
ATOM,3093.0,HG3,PRO,219.0,72.893,22.781,8.295,0.09,1.32,0.0
ATOM,3094.0,HD2,PRO,219.0,73.784,23.623,10.57,0.09,1.32,0.0
ATOM,3095.0,HD3,PRO,219.0,73.133,22.129,10.481,0.09,1.32,0.0
ATOM,3096.0,N,LEU,220.0,78.075,21.737,8.399,-0.47,1.85,0.0
ATOM,3097.0,CA,LEU,220.0,79.276,22.343,7.835,0.07,2.275,0.0
ATOM,3098.0,C,LEU,220.0,79.312,21.783,6.419,0.51,2.0,0.0
ATOM,3099.0,O,LEU,220.0,79.472,20.575,6.219,-0.51,1.7,0.0
ATOM,3100.0,CB,LEU,220.0,80.521,21.925,8.618,-0.18,2.175,0.0
ATOM,3101.0,CG,LEU,220.0,81.876,22.244,7.976,-0.09,2.275,0.0
ATOM,3102.0,CD1,LEU,220.0,81.983,23.722,7.627,-0.27,2.06,0.0
ATOM,3103.0,CD2,LEU,220.0,82.983,21.83,8.906,-0.27,2.06,0.13
ATOM,3104.0,H,LEU,220.0,78.01,20.724,8.646,0.31,0.2245,0.0
ATOM,3105.0,HA,LEU,220.0,79.153,23.311,7.786,0.09,1.32,0.0
ATOM,3106.0,HB2,LEU,220.0,80.497,22.388,9.502,0.09,1.32,0.0
ATOM,3107.0,HB3,LEU,220.0,80.482,20.938,8.752,0.09,1.32,0.0
ATOM,3108.0,HG,LEU,220.0,81.976,21.697,7.143,0.09,1.32,0.0
ATOM,3109.0,HD11,LEU,220.0,81.887,24.269,8.459,0.09,1.32,0.0
ATOM,3110.0,HD12,LEU,220.0,82.874,23.903,7.211,0.09,1.32,0.0
ATOM,3111.0,HD13,LEU,220.0,81.259,23.966,6.982,0.09,1.32,0.0
ATOM,3112.0,HD21,LEU,220.0,82.928,20.844,9.088,0.09,1.32,0.0
ATOM,3113.0,HD22,LEU,220.0,83.874,22.036,8.492,0.09,1.32,0.0
ATOM,3114.0,HD23,LEU,220.0,82.905,22.326,9.775,0.09,1.32,0.0
ATOM,3115.0,N,ILE,221.0,79.078,22.648,5.443,-0.47,1.85,0.0
ATOM,3116.0,CA,ILE,221.0,79.056,22.224,4.058,0.07,2.275,0.0
ATOM,3117.0,C,ILE,221.0,80.354,22.551,3.341,0.51,2.0,0.0
ATOM,3118.0,O,ILE,221.0,80.755,23.714,3.26,-0.51,1.7,0.0
ATOM,3119.0,CB,ILE,221.0,77.875,22.873,3.288,-0.09,2.275,0.0
ATOM,3120.0,CG1,ILE,221.0,76.57,22.728,4.091,-0.18,2.175,0.0
ATOM,3121.0,CG2,ILE,221.0,77.738,22.226,1.903,-0.27,2.06,0.0
ATOM,3122.0,CD1,ILE,221.0,75.335,23.244,3.361,-0.27,2.06,0.0
ATOM,3123.0,H,ILE,221.0,78.917,23.624,5.751,0.31,0.2245,0.0
ATOM,3124.0,HA,ILE,221.0,78.979,21.217,4.069,0.09,1.32,0.0
ATOM,3125.0,HB,ILE,221.0,78.071,23.84,3.192,0.09,1.32,0.0
ATOM,3126.0,HG12,ILE,221.0,76.438,21.763,4.305,0.09,1.32,0.0
ATOM,3127.0,HG13,ILE,221.0,76.671,23.237,4.943,0.09,1.32,0.0
ATOM,3128.0,HG21,ILE,221.0,77.0,22.673,1.405,0.09,1.32,0.0
ATOM,3129.0,HG22,ILE,221.0,78.595,22.334,1.405,0.09,1.32,0.0
ATOM,3130.0,HG23,ILE,221.0,77.532,21.257,2.013,0.09,1.32,0.0
ATOM,3131.0,HD11,ILE,221.0,75.222,22.734,2.512,0.09,1.32,0.0
ATOM,3132.0,HD12,ILE,221.0,74.536,23.116,3.943,0.09,1.32,0.0
ATOM,3133.0,HD13,ILE,221.0,75.457,24.213,3.161,0.09,1.32,0.0
ATOM,3134.0,N,ASP,222.0,80.987,21.514,2.803,-0.47,1.85,0.0
ATOM,3135.0,CA,ASP,222.0,82.238,21.635,2.062,0.07,2.275,0.0
ATOM,3136.0,C,ASP,222.0,81.901,21.803,0.57,0.51,2.0,0.0
ATOM,3137.0,O,ASP,222.0,81.543,20.828,-0.099,-0.51,1.7,1.69
ATOM,3138.0,CB,ASP,222.0,83.084,20.37,2.297,-0.28,2.175,0.0
ATOM,3139.0,CG,ASP,222.0,84.496,20.47,1.725,0.62,2.0,1.31
ATOM,3140.0,OD1,ASP,222.0,84.762,21.347,0.883,-0.76,1.7,5.6
ATOM,3141.0,OD2,ASP,222.0,85.348,19.646,2.115,-0.76,1.7,6.44
ATOM,3142.0,H,ASP,222.0,80.507,20.593,2.958,0.31,0.2245,0.0
ATOM,3143.0,HA,ASP,222.0,82.68,22.479,2.353,0.09,1.32,0.0
ATOM,3144.0,HB2,ASP,222.0,83.149,20.224,3.278,0.09,1.32,0.0
ATOM,3145.0,HB3,ASP,222.0,82.619,19.607,1.863,0.09,1.32,0.0
ATOM,3146.0,N,LEU,223.0,81.988,23.035,0.061,-0.47,1.85,0.0
ATOM,3147.0,CA,LEU,223.0,81.687,23.298,-1.347,0.07,2.275,0.0
ATOM,3148.0,C,LEU,223.0,82.968,23.598,-2.132,0.51,2.0,0.0
ATOM,3149.0,O,LEU,223.0,83.391,24.749,-2.23,-0.51,1.7,1.21
ATOM,3150.0,CB,LEU,223.0,80.687,24.454,-1.476,-0.18,2.175,0.0
ATOM,3151.0,CG,LEU,223.0,80.048,24.716,-2.852,-0.09,2.275,0.14
ATOM,3152.0,CD1,LEU,223.0,79.079,23.604,-3.227,-0.27,2.06,0.0
ATOM,3153.0,CD2,LEU,223.0,79.316,26.055,-2.834,-0.27,2.06,1.05
ATOM,3154.0,H,LEU,223.0,82.279,23.766,0.732,0.31,0.2245,0.0
ATOM,3155.0,HA,LEU,223.0,81.26,22.479,-1.742,0.09,1.32,0.0
ATOM,3156.0,HB2,LEU,223.0,79.935,24.281,-0.832,0.09,1.32,0.0
ATOM,3157.0,HB3,LEU,223.0,81.158,25.298,-1.206,0.09,1.32,0.0
ATOM,3158.0,HG,LEU,223.0,80.775,24.771,-3.537,0.09,1.32,0.23
ATOM,3159.0,HD11,LEU,223.0,78.352,23.549,-2.542,0.09,1.32,0.0
ATOM,3160.0,HD12,LEU,223.0,78.678,23.798,-4.123,0.09,1.32,0.0
ATOM,3161.0,HD13,LEU,223.0,79.568,22.732,-3.263,0.09,1.32,0.0
ATOM,3162.0,HD21,LEU,223.0,79.966,26.786,-2.625,0.09,1.32,0.0
ATOM,3163.0,HD22,LEU,223.0,78.903,26.22,-3.73,0.09,1.32,0.0
ATOM,3164.0,HD23,LEU,223.0,78.601,26.034,-2.135,0.09,1.32,0.0
ATOM,3165.0,N,ALA,224.0,83.55,22.562,-2.734,-0.47,1.85,0.0
ATOM,3166.0,CA,ALA,224.0,84.802,22.708,-3.485,0.07,2.275,0.01
ATOM,3167.0,C,ALA,224.0,84.744,22.478,-5.001,0.51,2.0,0.0
ATOM,3168.0,O,ALA,224.0,85.721,22.773,-5.707,-0.51,1.7,0.0
ATOM,3169.0,CB,ALA,224.0,85.873,21.804,-2.866,-0.27,2.06,8.24
ATOM,3170.0,H,ALA,224.0,83.051,21.659,-2.629,0.31,0.2245,1.16
ATOM,3171.0,HA,ALA,224.0,85.163,23.661,-3.322,0.09,1.32,0.0
ATOM,3172.0,HB1,ALA,224.0,86.34,21.302,-3.592,0.09,1.32,0.0
ATOM,3173.0,HB2,ALA,224.0,86.531,22.366,-2.369,0.09,1.32,2.22
ATOM,3174.0,HB3,ALA,224.0,85.438,21.161,-2.238,0.09,1.32,3.54
ATOM,3175.0,N,TYR,225.0,83.617,21.973,-5.505,-0.47,1.85,0.0
ATOM,3176.0,CA,TYR,225.0,83.485,21.681,-6.932,0.07,2.275,0.0
ATOM,3177.0,C,TYR,225.0,82.276,22.298,-7.627,0.51,2.0,0.0
ATOM,3178.0,O,TYR,225.0,81.783,21.738,-8.616,-0.51,1.7,0.0
ATOM,3179.0,CB,TYR,225.0,83.466,20.165,-7.159,-0.18,2.175,0.0
ATOM,3180.0,CG,TYR,225.0,84.771,19.475,-6.83,0.0,1.9924,0.0
ATOM,3181.0,CD1,TYR,225.0,85.858,19.539,-7.705,-0.115,1.9924,0.0
ATOM,3182.0,CD2,TYR,225.0,84.933,18.794,-5.624,-0.115,1.9924,0.21
ATOM,3183.0,CE1,TYR,225.0,87.072,18.949,-7.382,-0.115,1.9924,0.0
ATOM,3184.0,CE2,TYR,225.0,86.141,18.206,-5.291,-0.115,1.9924,0.67
ATOM,3185.0,CZ,TYR,225.0,87.206,18.289,-6.171,0.11,1.9924,0.0
ATOM,3186.0,OH,TYR,225.0,88.412,17.75,-5.817,-0.54,1.77,1.67
ATOM,3187.0,H,TYR,225.0,82.864,21.81,-4.814,0.31,0.2245,0.0
ATOM,3188.0,HA,TYR,225.0,84.328,22.029,-7.402,0.09,1.32,0.0
ATOM,3189.0,HB2,TYR,225.0,82.751,19.773,-6.584,0.09,1.32,0.0
ATOM,3190.0,HB3,TYR,225.0,83.258,19.997,-8.12,0.09,1.32,0.0
ATOM,3191.0,HD1,TYR,225.0,85.759,20.017,-8.578,0.115,1.3582,0.0
ATOM,3192.0,HD2,TYR,225.0,84.163,18.732,-4.991,0.115,1.3582,2.24
ATOM,3193.0,HE1,TYR,225.0,87.843,19.001,-8.016,0.115,1.3582,0.0
ATOM,3194.0,HE2,TYR,225.0,86.245,17.724,-4.421,0.115,1.3582,3.52
ATOM,3195.0,HH,TYR,225.0,88.278,17.096,-5.073,0.43,0.2245,0.09
ATOM,3196.0,N,GLN,226.0,81.823,23.46,-7.152,-0.47,1.85,0.0
ATOM,3197.0,CA,GLN,226.0,80.662,24.117,-7.75,0.07,2.275,0.0
ATOM,3198.0,C,GLN,226.0,80.963,24.405,-9.208,0.51,2.0,0.0
ATOM,3199.0,O,GLN,226.0,81.914,25.121,-9.524,-0.51,1.7,0.0
ATOM,3200.0,CB,GLN,226.0,80.29,25.414,-7.01,-0.18,2.175,1.56
ATOM,3201.0,CG,GLN,226.0,78.876,25.933,-7.352,-0.18,2.175,0.0
ATOM,3202.0,CD,GLN,226.0,78.572,27.316,-6.774,0.55,2.0,0.0
ATOM,3203.0,H,GLN,226.0,82.35,23.841,-6.35,0.31,0.2245,0.63
ATOM,3204.0,HA,GLN,226.0,79.894,23.48,-7.711,0.09,1.32,0.0
ATOM,3205.0,HB2,GLN,226.0,80.322,25.247,-6.029,0.09,1.32,0.0
ATOM,3206.0,HB3,GLN,226.0,80.942,26.126,-7.258,0.09,1.32,0.0
ATOM,3207.0,HG2,GLN,226.0,78.792,25.979,-8.348,0.09,1.32,0.0
ATOM,3208.0,HG3,GLN,226.0,78.208,25.282,-6.991,0.09,1.32,0.0
ATOM,3209.0,OE1,GLN,226.0,79.223,27.766,-5.834,-0.55,1.7,1.06
ATOM,3210.0,NE2,GLN,226.0,77.567,27.983,-7.328,-0.62,1.85,0.13
ATOM,3211.0,HE21,GLN,226.0,77.301,28.899,-6.987,0.32,0.2245,0.0
ATOM,3212.0,HE22,GLN,226.0,77.065,27.557,-8.107,0.3,0.2245,0.0
ATOM,3213.0,N,GLY,227.0,80.162,23.817,-10.089,-0.47,1.85,0.0
ATOM,3214.0,CA,GLY,227.0,80.355,23.995,-11.517,-0.02,2.175,0.0
ATOM,3215.0,C,GLY,227.0,80.972,22.796,-12.218,0.51,2.0,0.0
ATOM,3216.0,O,GLY,227.0,81.111,22.823,-13.431,-0.51,1.7,0.53
ATOM,3217.0,H,GLY,227.0,79.409,23.237,-9.676,0.31,0.2245,0.0
ATOM,3218.0,HA2,GLY,227.0,79.456,24.208,-11.954,0.09,1.32,0.0
ATOM,3219.0,HA3,GLY,227.0,80.946,24.813,-11.677,0.09,1.32,0.0
ATOM,3220.0,N,PHE,228.0,81.33,21.75,-11.471,-0.47,1.85,0.0
ATOM,3221.0,CA,PHE,228.0,81.933,20.54,-12.048,0.07,2.275,0.0
ATOM,3222.0,C,PHE,228.0,80.983,19.357,-12.185,0.51,2.0,0.0
ATOM,3223.0,O,PHE,228.0,81.36,18.319,-12.738,-0.51,1.7,1.66
ATOM,3224.0,CB,PHE,228.0,83.129,20.074,-11.211,-0.18,2.175,0.0
ATOM,3225.0,CG,PHE,228.0,84.411,20.792,-11.514,0.0,1.9924,0.0
ATOM,3226.0,CD1,PHE,228.0,84.735,21.971,-10.855,-0.115,1.9924,0.0
ATOM,3227.0,CD2,PHE,228.0,85.305,20.273,-12.44,-0.115,1.9924,0.0
ATOM,3228.0,CE1,PHE,228.0,85.929,22.622,-11.113,-0.115,1.9924,0.0
ATOM,3229.0,CE2,PHE,228.0,86.51,20.918,-12.708,-0.115,1.9924,0.0
ATOM,3230.0,CZ,PHE,228.0,86.824,22.097,-12.042,-0.115,1.9924,0.92
ATOM,3231.0,H,PHE,228.0,81.148,21.862,-10.452,0.31,0.2245,0.0
ATOM,3232.0,HA,PHE,228.0,82.233,20.788,-12.99,0.09,1.32,0.02
ATOM,3233.0,HB2,PHE,228.0,82.908,20.228,-10.258,0.09,1.32,0.0
ATOM,3234.0,HB3,PHE,228.0,83.266,19.11,-11.393,0.09,1.32,0.0
ATOM,3235.0,HD1,PHE,228.0,84.102,22.354,-10.187,0.115,1.3582,0.0
ATOM,3236.0,HD2,PHE,228.0,85.084,19.425,-12.922,0.115,1.3582,0.0
ATOM,3237.0,HE1,PHE,228.0,86.148,23.477,-10.627,0.115,1.3582,0.0
ATOM,3238.0,HE2,PHE,228.0,87.148,20.526,-13.386,0.115,1.3582,0.0
ATOM,3239.0,HZ,PHE,228.0,87.683,22.567,-12.224,0.115,1.3582,2.98
ATOM,3240.0,N,GLY,229.0,79.79,19.485,-11.611,-0.47,1.85,0.0
ATOM,3241.0,CA,GLY,229.0,78.809,18.417,-11.671,-0.02,2.175,0.0
ATOM,3242.0,C,GLY,229.0,77.792,18.642,-12.77,0.51,2.0,0.0
ATOM,3243.0,O,GLY,229.0,77.966,18.189,-13.9,-0.51,1.7,1.59
ATOM,3244.0,H,GLY,229.0,79.631,20.39,-11.132,0.31,0.2245,0.0
ATOM,3245.0,HA2,GLY,229.0,79.281,17.535,-11.827,0.09,1.32,0.0
ATOM,3246.0,HA3,GLY,229.0,78.331,18.349,-10.781,0.09,1.32,1.4
ATOM,3247.0,N,ASP,230.0,76.717,19.335,-12.419,-0.47,1.85,0.0
ATOM,3248.0,CA,ASP,230.0,75.644,19.647,-13.349,0.07,2.275,0.25
ATOM,3249.0,C,ASP,230.0,75.67,21.11,-13.79,0.51,2.0,0.0
ATOM,3250.0,O,ASP,230.0,75.141,21.459,-14.844,-0.51,1.7,9.31
ATOM,3251.0,CB,ASP,230.0,74.303,19.297,-12.709,-0.28,2.175,4.98
ATOM,3252.0,CG,ASP,230.0,74.136,17.806,-12.504,0.62,2.0,3.28
ATOM,3253.0,OD1,ASP,230.0,74.279,17.061,-13.497,-0.76,1.7,11.91
ATOM,3254.0,OD2,ASP,230.0,73.875,17.383,-11.355,-0.76,1.7,32.62
ATOM,3255.0,H,ASP,230.0,76.708,19.637,-11.416,0.31,0.2245,0.0
ATOM,3256.0,HA,ASP,230.0,75.792,19.089,-14.179,0.09,1.32,0.0
ATOM,3257.0,HB2,ASP,230.0,74.256,19.748,-11.827,0.09,1.32,0.08
ATOM,3258.0,HB3,ASP,230.0,73.582,19.621,-13.308,0.09,1.32,4.7
ATOM,3259.0,N,GLY,231.0,76.275,21.964,-12.974,-0.47,1.85,0.0
ATOM,3260.0,CA,GLY,231.0,76.366,23.372,-13.315,-0.02,2.175,1.96
ATOM,3261.0,C,GLY,231.0,76.506,24.22,-12.073,0.51,2.0,0.0
ATOM,3262.0,O,GLY,231.0,76.203,23.76,-10.981,-0.51,1.7,0.0
ATOM,3263.0,H,GLY,231.0,76.659,21.552,-12.109,0.31,0.2245,0.0
ATOM,3264.0,HA2,GLY,231.0,77.162,23.521,-13.916,0.09,1.32,0.07
ATOM,3265.0,HA3,GLY,231.0,75.538,23.649,-13.821,0.09,1.32,1.88
ATOM,3266.0,N,LEU,233.0,76.957,25.46,-12.23,-0.47,1.85,0.05
ATOM,3267.0,CA,LEU,233.0,77.124,26.355,-11.091,0.07,2.275,0.0
ATOM,3268.0,C,LEU,233.0,75.877,26.413,-10.211,0.51,2.0,0.0
ATOM,3269.0,O,LEU,233.0,75.936,26.093,-9.025,-0.51,1.7,0.0
ATOM,3270.0,CB,LEU,233.0,77.524,27.756,-11.564,-0.18,2.175,1.29
ATOM,3271.0,CG,LEU,233.0,78.99,27.875,-11.979,-0.09,2.275,1.31
ATOM,3272.0,CD1,LEU,233.0,79.244,29.176,-12.702,-0.27,2.06,2.33
ATOM,3273.0,CD2,LEU,233.0,79.862,27.769,-10.751,-0.27,2.06,0.0
ATOM,3274.0,H,LEU,233.0,77.174,25.728,-13.207,0.31,0.2245,6.82
ATOM,3275.0,HA,LEU,233.0,77.893,26.018,-10.527,0.09,1.32,0.0
ATOM,3276.0,HB2,LEU,233.0,76.972,27.981,-12.351,0.09,1.32,3.52
ATOM,3277.0,HB3,LEU,233.0,77.372,28.384,-10.819,0.09,1.32,1.3
ATOM,3278.0,HG,LEU,233.0,79.219,27.105,-12.58,0.09,1.32,1.86
ATOM,3279.0,HD11,LEU,233.0,79.019,29.948,-12.103,0.09,1.32,0.02
ATOM,3280.0,HD12,LEU,233.0,80.209,29.236,-12.966,0.09,1.32,0.0
ATOM,3281.0,HD13,LEU,233.0,78.675,29.224,-13.526,0.09,1.32,2.7
ATOM,3282.0,HD21,LEU,233.0,79.713,26.885,-10.303,0.09,1.32,0.0
ATOM,3283.0,HD22,LEU,233.0,80.827,27.846,-11.011,0.09,1.32,0.0
ATOM,3284.0,HD23,LEU,233.0,79.636,28.505,-10.108,0.09,1.32,0.0
ATOM,3285.0,N,GLU,234.0,74.747,26.774,-10.808,-0.47,1.85,0.0
ATOM,3286.0,CA,GLU,234.0,73.486,26.873,-10.083,0.07,2.275,0.0
ATOM,3287.0,C,GLU,234.0,73.038,25.532,-9.515,0.51,2.0,0.23
ATOM,3288.0,O,GLU,234.0,72.759,25.407,-8.321,-0.51,1.7,2.34
ATOM,3289.0,CB,GLU,234.0,72.398,27.429,-11.007,-0.18,2.175,9.24
ATOM,3290.0,CG,GLU,234.0,72.53,28.907,-11.303,-0.28,2.175,19.43
ATOM,3291.0,CD,GLU,234.0,72.073,29.772,-10.147,0.62,2.0,3.21
ATOM,3292.0,OE1,GLU,234.0,70.845,29.932,-9.96,-0.76,1.7,31.46
ATOM,3293.0,OE2,GLU,234.0,72.938,30.293,-9.415,-0.76,1.7,16.74
ATOM,3294.0,H,GLU,234.0,74.839,26.977,-11.825,0.31,0.2245,2.18
ATOM,3295.0,HA,GLU,234.0,73.582,27.542,-9.328,0.09,1.32,0.0
ATOM,3296.0,HB2,GLU,234.0,72.459,26.943,-11.862,0.09,1.32,1.63
ATOM,3297.0,HB3,GLU,234.0,71.53,27.286,-10.564,0.09,1.32,6.28
ATOM,3298.0,HG2,GLU,234.0,73.478,29.108,-11.467,0.09,1.32,1.43
ATOM,3299.0,HG3,GLU,234.0,71.963,29.123,-12.076,0.09,1.32,10.61
ATOM,3300.0,N,GLU,235.0,73.016,24.521,-10.37,-0.47,1.85,0.0
ATOM,3301.0,CA,GLU,235.0,72.578,23.195,-9.968,0.07,2.275,0.8
ATOM,3302.0,C,GLU,235.0,73.36,22.599,-8.806,0.51,2.0,0.28
ATOM,3303.0,O,GLU,235.0,72.773,22.089,-7.856,-0.51,1.7,9.18
ATOM,3304.0,CB,GLU,235.0,72.607,22.241,-11.162,-0.18,2.175,1.62
ATOM,3305.0,CG,GLU,235.0,71.657,22.622,-12.287,-0.28,2.175,17.15
ATOM,3306.0,CD,GLU,235.0,72.271,23.564,-13.311,0.62,2.0,0.23
ATOM,3307.0,OE1,GLU,235.0,73.34,24.155,-13.049,-0.76,1.7,3.75
ATOM,3308.0,OE2,GLU,235.0,71.679,23.696,-14.403,-0.76,1.7,43.61
ATOM,3309.0,H,GLU,235.0,73.332,24.754,-11.332,0.31,0.2245,0.0
ATOM,3310.0,HA,GLU,235.0,71.586,23.226,-9.721,0.09,1.32,4.57
ATOM,3311.0,HB2,GLU,235.0,73.521,22.247,-11.529,0.09,1.32,0.0
ATOM,3312.0,HB3,GLU,235.0,72.345,21.348,-10.84,0.09,1.32,5.67
ATOM,3313.0,HG2,GLU,235.0,71.395,21.799,-12.762,0.09,1.32,7.24
ATOM,3314.0,HG3,GLU,235.0,70.878,23.081,-11.894,0.09,1.32,8.0
ATOM,3315.0,N,ASP,236.0,74.686,22.696,-8.872,-0.47,1.85,0.0
ATOM,3316.0,CA,ASP,236.0,75.568,22.154,-7.842,0.07,2.275,0.14
ATOM,3317.0,C,ASP,236.0,75.389,22.816,-6.483,0.51,2.0,0.0
ATOM,3318.0,O,ASP,236.0,75.755,22.247,-5.456,-0.51,1.7,0.92
ATOM,3319.0,CB,ASP,236.0,77.028,22.245,-8.308,-0.28,2.175,0.0
ATOM,3320.0,CG,ASP,236.0,77.301,21.401,-9.549,0.62,2.0,0.0
ATOM,3321.0,OD1,ASP,236.0,76.409,20.615,-9.936,-0.76,1.7,2.85
ATOM,3322.0,OD2,ASP,236.0,78.391,21.524,-10.146,-0.76,1.7,0.0
ATOM,3323.0,H,ASP,236.0,75.04,23.191,-9.721,0.31,0.2245,0.0
ATOM,3324.0,HA,ASP,236.0,75.326,21.174,-7.729,0.09,1.32,5.4
ATOM,3325.0,HB2,ASP,236.0,77.224,23.194,-8.52,0.09,1.32,0.0
ATOM,3326.0,HB3,ASP,236.0,77.606,21.922,-7.571,0.09,1.32,0.0
ATOM,3327.0,N,ALA,237.0,74.828,24.02,-6.477,-0.47,1.85,0.0
ATOM,3328.0,CA,ALA,237.0,74.594,24.752,-5.233,0.07,2.275,0.0
ATOM,3329.0,C,ALA,237.0,73.169,24.566,-4.711,0.51,2.0,0.0
ATOM,3330.0,O,ALA,237.0,72.842,25.051,-3.628,-0.51,1.7,0.0
ATOM,3331.0,CB,ALA,237.0,74.888,26.248,-5.431,-0.27,2.06,0.0
ATOM,3332.0,H,ALA,237.0,74.575,24.39,-7.413,0.31,0.2245,0.0
ATOM,3333.0,HA,ALA,237.0,75.239,24.412,-4.531,0.09,1.32,0.0
ATOM,3334.0,HB1,ALA,237.0,74.177,26.647,-6.005,0.09,1.32,0.0
ATOM,3335.0,HB2,ALA,237.0,74.898,26.699,-4.542,0.09,1.32,0.0
ATOM,3336.0,HB3,ALA,237.0,75.776,26.351,-5.872,0.09,1.32,0.0
ATOM,3337.0,N,ALA,238.0,72.327,23.862,-5.464,-0.47,1.85,0.0
ATOM,3338.0,CA,ALA,238.0,70.941,23.647,-5.049,0.07,2.275,1.69
ATOM,3339.0,C,ALA,238.0,70.866,23.049,-3.646,0.51,2.0,0.0
ATOM,3340.0,O,ALA,238.0,70.135,23.549,-2.78,-0.51,1.7,2.1
ATOM,3341.0,CB,ALA,238.0,70.223,22.76,-6.047,-0.27,2.06,15.47
ATOM,3342.0,H,ALA,238.0,72.727,23.491,-6.342,0.31,0.2245,0.0
ATOM,3343.0,HA,ALA,238.0,70.463,24.535,-5.045,0.09,1.32,3.08
ATOM,3344.0,HB1,ALA,238.0,70.64,22.863,-6.951,0.09,1.32,0.0
ATOM,3345.0,HB2,ALA,238.0,70.291,21.804,-5.759,0.09,1.32,2.63
ATOM,3346.0,HB3,ALA,238.0,69.258,23.021,-6.098,0.09,1.32,5.3
ATOM,3347.0,N,GLY,239.0,71.692,22.032,-3.408,-0.47,1.85,0.29
ATOM,3348.0,CA,GLY,239.0,71.721,21.372,-2.117,-0.02,2.175,0.0
ATOM,3349.0,C,GLY,239.0,72.042,22.348,-1.009,0.51,2.0,0.0
ATOM,3350.0,O,GLY,239.0,71.323,22.43,-0.004,-0.51,1.7,0.0
ATOM,3351.0,H,GLY,239.0,72.294,21.764,-4.208,0.31,0.2245,3.24
ATOM,3352.0,HA2,GLY,239.0,70.824,20.943,-1.938,0.09,1.32,0.0
ATOM,3353.0,HA3,GLY,239.0,72.415,20.638,-2.13,0.09,1.32,0.0
ATOM,3354.0,N,THR,240.0,73.115,23.102,-1.207,-0.47,1.85,0.0
ATOM,3355.0,CA,THR,240.0,73.547,24.094,-0.235,0.07,2.275,0.0
ATOM,3356.0,C,THR,240.0,72.437,25.117,0.011,0.51,2.0,0.0
ATOM,3357.0,O,THR,240.0,72.132,25.446,1.157,-0.51,1.7,0.0
ATOM,3358.0,CB,THR,240.0,74.814,24.835,-0.718,0.14,2.275,0.0
ATOM,3359.0,OG1,THR,240.0,75.856,23.886,-0.994,-0.66,1.77,0.0
ATOM,3360.0,CG2,THR,240.0,75.294,25.804,0.343,-0.27,2.06,0.0
ATOM,3361.0,H,THR,240.0,73.612,22.924,-2.104,0.31,0.2245,0.0
ATOM,3362.0,HA,THR,240.0,73.744,23.631,0.634,0.09,1.32,0.0
ATOM,3363.0,HB,THR,240.0,74.595,25.328,-1.584,0.09,1.32,0.0
ATOM,3364.0,HG21,THR,240.0,74.849,25.602,1.22,0.09,1.32,0.0
ATOM,3365.0,HG22,THR,240.0,76.288,25.724,0.457,0.09,1.32,0.0
ATOM,3366.0,HG23,THR,240.0,75.072,26.745,0.074,0.09,1.32,0.0
ATOM,3367.0,HG1,THR,240.0,75.742,23.502,-1.916,0.43,0.2245,0.0
ATOM,3368.0,N,ARG,241.0,71.811,25.591,-1.062,-0.47,1.85,0.0
ATOM,3369.0,CA,ARG,241.0,70.746,26.584,-0.945,0.07,2.275,0.28
ATOM,3370.0,C,ARG,241.0,69.518,26.065,-0.197,0.51,2.0,0.38
ATOM,3371.0,O,ARG,241.0,68.835,26.826,0.493,-0.51,1.7,3.16
ATOM,3372.0,CB,ARG,241.0,70.393,27.138,-2.326,-0.18,2.175,9.52
ATOM,3373.0,CG,ARG,241.0,71.529,27.957,-2.928,-0.18,2.175,0.71
ATOM,3374.0,CD,ARG,241.0,71.29,28.295,-4.386,0.2,2.175,3.38
ATOM,3375.0,NE,ARG,241.0,72.372,29.113,-4.93,-0.7,1.85,0.0
ATOM,3376.0,CZ,ARG,241.0,72.436,29.553,-6.182,0.64,2.0,0.0
ATOM,3377.0,NH1,ARG,241.0,71.479,29.265,-7.052,-0.8,1.85,6.7
ATOM,3378.0,NH2,ARG,241.0,73.467,30.285,-6.566,-0.8,1.85,0.0
ATOM,3379.0,H,ARG,241.0,72.136,25.204,-1.966,0.31,0.2245,0.0
ATOM,3380.0,HA,ARG,241.0,71.108,27.391,-0.445,0.09,1.32,0.0
ATOM,3381.0,HB2,ARG,241.0,70.208,26.378,-2.93,0.09,1.32,0.08
ATOM,3382.0,HB3,ARG,241.0,69.605,27.727,-2.235,0.09,1.32,8.71
ATOM,3383.0,HG2,ARG,241.0,71.624,28.813,-2.419,0.09,1.32,0.42
ATOM,3384.0,HG3,ARG,241.0,72.381,27.436,-2.863,0.09,1.32,0.0
ATOM,3385.0,HD2,ARG,241.0,71.233,27.444,-4.898,0.09,1.32,0.04
ATOM,3386.0,HD3,ARG,241.0,70.434,28.797,-4.452,0.09,1.32,8.19
ATOM,3387.0,HE,ARG,241.0,73.128,29.362,-4.307,0.44,0.2245,0.0
ATOM,3388.0,HH11,ARG,241.0,70.683,28.729,-6.777,0.46,0.2245,11.17
ATOM,3389.0,HH12,ARG,241.0,71.552,29.59,-8.001,0.46,0.2245,0.0
ATOM,3390.0,HH21,ARG,241.0,74.187,30.523,-5.91,0.46,0.2245,0.0
ATOM,3391.0,HH22,ARG,241.0,73.534,30.606,-7.512,0.46,0.2245,1.13
ATOM,3392.0,N,LEU,242.0,69.263,24.767,-0.297,-0.47,1.85,0.49
ATOM,3393.0,CA,LEU,242.0,68.133,24.169,0.4,0.07,2.275,3.11
ATOM,3394.0,C,LEU,242.0,68.43,24.244,1.889,0.51,2.0,0.0
ATOM,3395.0,O,LEU,242.0,67.637,24.777,2.66,-0.51,1.7,0.0
ATOM,3396.0,CB,LEU,242.0,67.909,22.711,-0.049,-0.18,2.175,1.31
ATOM,3397.0,CG,LEU,242.0,66.713,21.94,0.544,-0.09,2.275,0.93
ATOM,3398.0,CD1,LEU,242.0,66.136,20.953,-0.461,-0.27,2.06,2.82
ATOM,3399.0,CD2,LEU,242.0,67.111,21.23,1.829,-0.27,2.06,0.0
ATOM,3400.0,H,LEU,242.0,69.917,24.234,-0.895,0.31,0.2245,0.0
ATOM,3401.0,HA,LEU,242.0,67.319,24.705,0.211,0.09,1.32,3.34
ATOM,3402.0,HB2,LEU,242.0,67.791,22.716,-1.045,0.09,1.32,1.32
ATOM,3403.0,HB3,LEU,242.0,68.736,22.193,0.18,0.09,1.32,0.0
ATOM,3404.0,HG,LEU,242.0,66.007,22.6,0.808,0.09,1.32,0.12
ATOM,3405.0,HD11,LEU,242.0,66.84,20.293,-0.723,0.09,1.32,0.0
ATOM,3406.0,HD12,LEU,242.0,65.364,20.469,-0.049,0.09,1.32,0.0
ATOM,3407.0,HD13,LEU,242.0,65.824,21.447,-1.273,0.09,1.32,6.0
ATOM,3408.0,HD21,LEU,242.0,67.425,21.903,2.5,0.09,1.32,0.0
ATOM,3409.0,HD22,LEU,242.0,66.322,20.736,2.197,0.09,1.32,0.0
ATOM,3410.0,HD23,LEU,242.0,67.849,20.582,1.639,0.09,1.32,0.0
ATOM,3411.0,N,ILE,243.0,69.608,23.766,2.277,-0.47,1.85,0.0
ATOM,3412.0,CA,ILE,243.0,70.025,23.778,3.67,0.07,2.275,0.0
ATOM,3413.0,C,ILE,243.0,69.995,25.207,4.216,0.51,2.0,0.0
ATOM,3414.0,O,ILE,243.0,69.463,25.462,5.302,-0.51,1.7,0.0
ATOM,3415.0,CB,ILE,243.0,71.448,23.197,3.819,-0.09,2.275,0.0
ATOM,3416.0,CG1,ILE,243.0,71.509,21.768,3.242,-0.18,2.175,0.0
ATOM,3417.0,CG2,ILE,243.0,71.897,23.239,5.272,-0.27,2.06,0.0
ATOM,3418.0,CD1,ILE,243.0,70.569,20.751,3.889,-0.27,2.06,0.0
ATOM,3419.0,H,ILE,243.0,70.197,23.388,1.505,0.31,0.2245,0.0
ATOM,3420.0,HA,ILE,243.0,69.332,23.266,4.18,0.09,1.32,0.0
ATOM,3421.0,HB,ILE,243.0,72.069,23.764,3.292,0.09,1.32,0.0
ATOM,3422.0,HG12,ILE,243.0,71.302,21.817,2.261,0.09,1.32,0.0
ATOM,3423.0,HG13,ILE,243.0,72.452,21.434,3.34,0.09,1.32,0.0
ATOM,3424.0,HG21,ILE,243.0,72.839,22.914,5.34,0.09,1.32,0.0
ATOM,3425.0,HG22,ILE,243.0,71.844,24.177,5.611,0.09,1.32,0.0
ATOM,3426.0,HG23,ILE,243.0,71.303,22.654,5.822,0.09,1.32,0.0
ATOM,3427.0,HD11,ILE,243.0,69.629,21.063,3.778,0.09,1.32,0.0
ATOM,3428.0,HD12,ILE,243.0,70.69,19.868,3.443,0.09,1.32,0.0
ATOM,3429.0,HD13,ILE,243.0,70.791,20.676,4.858,0.09,1.32,0.0
ATOM,3430.0,N,ALA,244.0,70.517,26.143,3.429,-0.47,1.85,0.0
ATOM,3431.0,CA,ALA,244.0,70.567,27.549,3.824,0.07,2.275,0.0
ATOM,3432.0,C,ALA,244.0,69.186,28.185,4.037,0.51,2.0,0.18
ATOM,3433.0,O,ALA,244.0,69.034,29.085,4.866,-0.51,1.7,10.21
ATOM,3434.0,CB,ALA,244.0,71.364,28.349,2.8,-0.27,2.06,3.52
ATOM,3435.0,H,ALA,244.0,70.882,25.793,2.52,0.31,0.2245,0.0
ATOM,3436.0,HA,ALA,244.0,71.088,27.623,4.696,0.09,1.32,0.0
ATOM,3437.0,HB1,ALA,244.0,70.74,28.743,2.126,0.09,1.32,3.82
ATOM,3438.0,HB2,ALA,244.0,71.86,29.082,3.263,0.09,1.32,0.0
ATOM,3439.0,HB3,ALA,244.0,72.014,27.746,2.339,0.09,1.32,0.0
ATOM,3440.0,N,SER,245.0,68.188,27.729,3.291,-0.47,1.85,0.01
ATOM,3441.0,CA,SER,245.0,66.854,28.287,3.436,0.07,2.275,2.23
ATOM,3442.0,C,SER,245.0,66.06,27.667,4.58,0.51,2.0,0.09
ATOM,3443.0,O,SER,245.0,65.146,28.294,5.108,-0.51,1.7,30.64
ATOM,3444.0,CB,SER,245.0,66.064,28.167,2.128,0.05,2.175,23.67
ATOM,3445.0,OG,SER,245.0,65.788,26.816,1.797,-0.66,1.77,8.89
ATOM,3446.0,H,SER,245.0,68.434,26.979,2.631,0.31,0.2245,0.0
ATOM,3447.0,HA,SER,245.0,66.948,29.281,3.629,0.09,1.32,5.29
ATOM,3448.0,HB2,SER,245.0,65.201,28.659,2.229,0.09,1.32,9.68
ATOM,3449.0,HB3,SER,245.0,66.6,28.578,1.392,0.09,1.32,7.0
ATOM,3450.0,HG,SER,245.0,66.49,26.226,2.193,0.43,0.2245,0.0
ATOM,3451.0,N,ARG,246.0,66.407,26.443,4.97,-0.47,1.85,0.0
ATOM,3452.0,CA,ARG,246.0,65.682,25.767,6.035,0.07,2.275,0.49
ATOM,3453.0,C,ARG,246.0,66.379,25.701,7.398,0.51,2.0,1.16
ATOM,3454.0,O,ARG,246.0,65.707,25.58,8.424,-0.51,1.7,12.35
ATOM,3455.0,CB,ARG,246.0,65.274,24.364,5.58,-0.18,2.175,1.49
ATOM,3456.0,CG,ARG,246.0,64.53,24.332,4.242,-0.18,2.175,3.07
ATOM,3457.0,CD,ARG,246.0,63.97,22.947,3.948,0.2,2.175,2.94
ATOM,3458.0,NE,ARG,246.0,63.546,22.796,2.556,-0.7,1.85,4.14
ATOM,3459.0,CZ,ARG,246.0,62.929,21.717,2.075,0.64,2.0,1.81
ATOM,3460.0,NH1,ARG,246.0,62.635,20.695,2.876,-0.8,1.85,12.46
ATOM,3461.0,NH2,ARG,246.0,62.589,21.664,0.792,-0.8,1.85,16.9
ATOM,3462.0,H,ARG,246.0,67.209,26.032,4.466,0.31,0.2245,0.0
ATOM,3463.0,HA,ARG,246.0,64.777,26.241,6.165,0.09,1.32,5.79
ATOM,3464.0,HB2,ARG,246.0,66.097,23.813,5.484,0.09,1.32,0.0
ATOM,3465.0,HB3,ARG,246.0,64.675,23.972,6.27,0.09,1.32,0.52
ATOM,3466.0,HG2,ARG,246.0,63.772,24.976,4.272,0.09,1.32,9.02
ATOM,3467.0,HG3,ARG,246.0,65.16,24.575,3.511,0.09,1.32,0.0
ATOM,3468.0,HD2,ARG,246.0,64.682,22.277,4.149,0.09,1.32,0.0
ATOM,3469.0,HD3,ARG,246.0,63.186,22.798,4.549,0.09,1.32,6.56
ATOM,3470.0,HE,ARG,246.0,63.732,23.554,1.922,0.44,0.2245,4.73
ATOM,3471.0,HH11,ARG,246.0,62.853,20.73,3.847,0.46,0.2245,2.21
ATOM,3472.0,HH12,ARG,246.0,62.187,19.88,2.496,0.46,0.2245,9.45
ATOM,3473.0,HH21,ARG,246.0,62.782,22.447,0.196,0.46,0.2245,14.42
ATOM,3474.0,HH22,ARG,246.0,62.144,20.852,0.423,0.46,0.2245,12.11
ATOM,3475.0,N,ILE,247.0,67.71,25.76,7.424,-0.47,1.85,0.03
ATOM,3476.0,CA,ILE,247.0,68.447,25.692,8.692,0.07,2.275,0.0
ATOM,3477.0,C,ILE,247.0,68.905,27.097,9.116,0.51,2.0,0.94
ATOM,3478.0,O,ILE,247.0,69.472,27.839,8.315,-0.51,1.7,4.48
ATOM,3479.0,CB,ILE,247.0,69.645,24.716,8.594,-0.09,2.275,0.0
ATOM,3480.0,CG1,ILE,247.0,69.206,23.408,7.924,-0.18,2.175,0.0
ATOM,3481.0,CG2,ILE,247.0,70.179,24.393,9.974,-0.27,2.06,5.5
ATOM,3482.0,CD1,ILE,247.0,68.078,22.67,8.642,-0.27,2.06,0.0
ATOM,3483.0,H,ILE,247.0,68.166,25.855,6.503,0.31,0.2245,0.0
ATOM,3484.0,HA,ILE,247.0,67.791,25.388,9.383,0.09,1.32,0.0
ATOM,3485.0,HB,ILE,247.0,70.335,25.139,8.022,0.09,1.32,0.0
ATOM,3486.0,HG12,ILE,247.0,68.91,23.613,6.991,0.09,1.32,0.0
ATOM,3487.0,HG13,ILE,247.0,70.0,22.799,7.875,0.09,1.32,0.0
ATOM,3488.0,HG21,ILE,247.0,70.959,23.773,9.897,0.09,1.32,0.0
ATOM,3489.0,HG22,ILE,247.0,70.471,25.235,10.428,0.09,1.32,0.0
ATOM,3490.0,HG23,ILE,247.0,69.463,23.956,10.519,0.09,1.32,1.54
ATOM,3491.0,HD11,ILE,247.0,67.277,23.262,8.681,0.09,1.32,0.0
ATOM,3492.0,HD12,ILE,247.0,67.862,21.838,8.137,0.09,1.32,0.0
ATOM,3493.0,HD13,ILE,247.0,68.377,22.44,9.565,0.09,1.32,0.0
ATOM,3494.0,N,PRO,248.0,68.66,27.474,10.388,-0.29,1.85,0.46
ATOM,3495.0,CA,PRO,248.0,69.013,28.78,10.972,0.02,2.275,1.4
ATOM,3496.0,C,PRO,248.0,70.505,29.126,10.961,0.51,2.0,0.0
ATOM,3497.0,O,PRO,248.0,70.882,30.269,10.678,-0.51,1.7,3.59
ATOM,3498.0,CB,PRO,248.0,68.493,28.666,12.412,-0.18,2.175,8.82
ATOM,3499.0,CG,PRO,248.0,67.432,27.604,12.329,-0.18,2.175,22.64
ATOM,3500.0,CD,PRO,248.0,68.054,26.606,11.411,0.0,2.175,7.4
ATOM,3501.0,HA,PRO,248.0,68.473,29.525,10.517,0.09,1.32,11.09
ATOM,3502.0,HB2,PRO,248.0,69.226,28.388,13.031,0.09,1.32,3.7
ATOM,3503.0,HB3,PRO,248.0,68.105,29.533,12.718,0.09,1.32,4.2
ATOM,3504.0,HG2,PRO,248.0,67.261,27.217,13.227,0.09,1.32,11.73
ATOM,3505.0,HG3,PRO,248.0,66.597,27.981,11.946,0.09,1.32,10.88
ATOM,3506.0,HD2,PRO,248.0,68.754,26.066,11.869,0.09,1.32,3.78
ATOM,3507.0,HD3,PRO,248.0,67.373,26.004,11.0,0.09,1.32,0.96
ATOM,3508.0,N,GLU,249.0,71.333,28.168,11.368,-0.47,1.85,0.0
ATOM,3509.0,CA,GLU,249.0,72.78,28.363,11.389,0.07,2.275,0.0
ATOM,3510.0,C,GLU,249.0,73.432,27.345,10.473,0.51,2.0,0.0
ATOM,3511.0,O,GLU,249.0,73.227,26.137,10.63,-0.51,1.7,0.48
ATOM,3512.0,CB,GLU,249.0,73.339,28.228,12.811,-0.18,2.175,0.36
ATOM,3513.0,CG,GLU,249.0,72.952,29.379,13.73,-0.28,2.175,4.09
ATOM,3514.0,CD,GLU,249.0,73.668,29.341,15.072,0.62,2.0,5.76
ATOM,3515.0,OE1,GLU,249.0,74.017,28.237,15.538,-0.76,1.7,30.39
ATOM,3516.0,OE2,GLU,249.0,73.873,30.418,15.669,-0.76,1.7,22.92
ATOM,3517.0,H,GLU,249.0,70.87,27.287,11.664,0.31,0.2245,1.14
ATOM,3518.0,HA,GLU,249.0,73.0,29.288,11.078,0.09,1.32,0.0
ATOM,3519.0,HB2,GLU,249.0,72.975,27.402,13.197,0.09,1.32,6.02
ATOM,3520.0,HB3,GLU,249.0,74.318,28.213,12.747,0.09,1.32,2.34
ATOM,3521.0,HG2,GLU,249.0,73.197,30.223,13.288,0.09,1.32,0.0
ATOM,3522.0,HG3,GLU,249.0,71.986,29.321,13.909,0.09,1.32,0.98
ATOM,3523.0,N,VAL,250.0,74.164,27.833,9.479,-0.47,1.85,0.0
ATOM,3524.0,CA,VAL,250.0,74.847,26.962,8.526,0.07,2.275,0.0
ATOM,3525.0,C,VAL,250.0,76.26,27.496,8.318,0.51,2.0,0.0
ATOM,3526.0,O,VAL,250.0,76.471,28.708,8.336,-0.51,1.7,0.0
ATOM,3527.0,CB,VAL,250.0,74.122,26.942,7.146,-0.09,2.275,0.0
ATOM,3528.0,CG1,VAL,250.0,74.743,25.91,6.244,-0.27,2.06,0.0
ATOM,3529.0,CG2,VAL,250.0,72.633,26.668,7.314,-0.27,2.06,0.0
ATOM,3530.0,H,VAL,250.0,74.209,28.871,9.438,0.31,0.2245,0.0
ATOM,3531.0,HA,VAL,250.0,74.916,26.053,8.927,0.09,1.32,0.0
ATOM,3532.0,HB,VAL,250.0,74.265,27.834,6.73,0.09,1.32,0.0
ATOM,3533.0,HG11,VAL,250.0,74.843,25.041,6.735,0.09,1.32,0.0
ATOM,3534.0,HG12,VAL,250.0,74.162,25.764,5.44,0.09,1.32,0.0
ATOM,3535.0,HG13,VAL,250.0,75.648,26.219,5.941,0.09,1.32,0.0
ATOM,3536.0,HG21,VAL,250.0,72.15,26.954,6.487,0.09,1.32,0.0
ATOM,3537.0,HG22,VAL,250.0,72.493,25.69,7.464,0.09,1.32,0.0
ATOM,3538.0,HG23,VAL,250.0,72.29,27.182,8.1,0.09,1.32,0.0
ATOM,3539.0,N,LEU,251.0,77.22,26.595,8.138,-0.47,1.85,0.0
ATOM,3540.0,CA,LEU,251.0,78.615,26.981,7.903,0.07,2.275,0.0
ATOM,3541.0,C,LEU,251.0,79.044,26.477,6.526,0.51,2.0,0.0
ATOM,3542.0,O,LEU,251.0,78.976,25.28,6.258,-0.51,1.7,0.0
ATOM,3543.0,CB,LEU,251.0,79.514,26.382,8.987,-0.18,2.175,0.0
ATOM,3544.0,CG,LEU,251.0,80.062,27.278,10.099,-0.09,2.275,0.0
ATOM,3545.0,CD1,LEU,251.0,79.099,28.399,10.46,-0.27,2.06,6.84
ATOM,3546.0,CD2,LEU,251.0,80.381,26.423,11.303,-0.27,2.06,0.56
ATOM,3547.0,H,LEU,251.0,76.904,25.605,8.177,0.31,0.2245,0.0
ATOM,3548.0,HA,LEU,251.0,78.676,27.977,7.909,0.09,1.32,0.0
ATOM,3549.0,HB2,LEU,251.0,78.994,25.638,9.436,0.09,1.32,0.0
ATOM,3550.0,HB3,LEU,251.0,80.31,25.963,8.525,0.09,1.32,0.0
ATOM,3551.0,HG,LEU,251.0,80.935,27.675,9.795,0.09,1.32,0.0
ATOM,3552.0,HD11,LEU,251.0,78.233,28.008,10.775,0.09,1.32,0.0
ATOM,3553.0,HD12,LEU,251.0,79.495,28.959,11.188,0.09,1.32,1.24
ATOM,3554.0,HD13,LEU,251.0,78.933,28.97,9.655,0.09,1.32,0.0
ATOM,3555.0,HD21,LEU,251.0,81.066,25.733,11.058,0.09,1.32,0.0
ATOM,3556.0,HD22,LEU,251.0,80.742,26.997,12.042,0.09,1.32,0.62
ATOM,3557.0,HD23,LEU,251.0,79.55,25.961,11.622,0.09,1.32,0.0
ATOM,3558.0,N,ILE,252.0,79.451,27.382,5.641,-0.47,1.85,0.0
ATOM,3559.0,CA,ILE,252.0,79.872,26.984,4.298,0.07,2.275,0.0
ATOM,3560.0,C,ILE,252.0,81.36,27.219,4.083,0.51,2.0,0.0
ATOM,3561.0,O,ILE,252.0,81.851,28.318,4.287,-0.51,1.7,0.0
ATOM,3562.0,CB,ILE,252.0,79.071,27.742,3.201,-0.09,2.275,0.0
ATOM,3563.0,CG1,ILE,252.0,77.577,27.43,3.328,-0.18,2.175,0.0
ATOM,3564.0,CG2,ILE,252.0,79.568,27.358,1.798,-0.27,2.06,0.0
ATOM,3565.0,CD1,ILE,252.0,76.723,28.148,2.32,-0.27,2.06,0.0
ATOM,3566.0,H,ILE,252.0,79.444,28.359,5.974,0.31,0.2245,0.0
ATOM,3567.0,HA,ILE,252.0,79.725,25.989,4.241,0.09,1.32,0.0
ATOM,3568.0,HB,ILE,252.0,79.2,28.713,3.352,0.09,1.32,0.0
ATOM,3569.0,HG12,ILE,252.0,77.453,26.444,3.223,0.09,1.32,0.0
ATOM,3570.0,HG13,ILE,252.0,77.284,27.691,4.248,0.09,1.32,0.0
ATOM,3571.0,HG21,ILE,252.0,79.061,27.881,1.118,0.09,1.32,0.0
ATOM,3572.0,HG22,ILE,252.0,80.54,27.566,1.728,0.09,1.32,0.0
ATOM,3573.0,HG23,ILE,252.0,79.419,26.384,1.655,0.09,1.32,0.0
ATOM,3574.0,HD11,ILE,252.0,77.003,27.887,1.396,0.09,1.32,0.0
ATOM,3575.0,HD12,ILE,252.0,75.763,27.902,2.457,0.09,1.32,0.0
ATOM,3576.0,HD13,ILE,252.0,76.83,29.136,2.432,0.09,1.32,0.0
ATOM,3577.0,N,ALA,253.0,82.08,26.168,3.706,-0.47,1.85,0.0
ATOM,3578.0,CA,ALA,253.0,83.523,26.261,3.443,0.07,2.275,0.0
ATOM,3579.0,C,ALA,253.0,83.763,26.088,1.942,0.51,2.0,0.0
ATOM,3580.0,O,ALA,253.0,83.816,24.963,1.431,-0.51,1.7,0.79
ATOM,3581.0,CB,ALA,253.0,84.262,25.187,4.223,-0.27,2.06,0.2
ATOM,3582.0,H,ALA,253.0,81.544,25.281,3.613,0.31,0.2245,0.0
ATOM,3583.0,HA,ALA,253.0,83.842,27.165,3.716,0.09,1.32,0.0
ATOM,3584.0,HB1,ALA,253.0,84.29,24.343,3.688,0.09,1.32,0.0
ATOM,3585.0,HB2,ALA,253.0,85.196,25.491,4.41,0.09,1.32,0.0
ATOM,3586.0,HB3,ALA,253.0,83.79,25.016,5.088,0.09,1.32,0.0
ATOM,3587.0,N,ALA,254.0,83.886,27.203,1.235,-0.47,1.85,0.0
ATOM,3588.0,CA,ALA,254.0,84.077,27.163,-0.21,0.07,2.275,0.0
ATOM,3589.0,C,ALA,254.0,85.527,27.223,-0.697,0.51,2.0,0.0
ATOM,3590.0,O,ALA,254.0,86.42,27.731,-0.009,-0.51,1.7,0.0
ATOM,3591.0,CB,ALA,254.0,83.273,28.277,-0.861,-0.27,2.06,0.0
ATOM,3592.0,H,ALA,254.0,83.836,28.08,1.783,0.31,0.2245,0.0
ATOM,3593.0,HA,ALA,254.0,83.658,26.296,-0.568,0.09,1.32,0.0
ATOM,3594.0,HB1,ALA,254.0,83.565,29.16,-0.493,0.09,1.32,0.0
ATOM,3595.0,HB2,ALA,254.0,83.422,28.264,-1.85,0.09,1.32,2.03
ATOM,3596.0,HB3,ALA,254.0,82.3,28.143,-0.671,0.09,1.32,0.0
ATOM,3597.0,N,SER,255.0,85.742,26.713,-1.904,-0.47,1.85,0.0
ATOM,3598.0,CA,SER,255.0,87.056,26.723,-2.535,0.07,2.275,0.0
ATOM,3599.0,C,SER,255.0,86.948,27.293,-3.951,0.51,2.0,0.0
ATOM,3600.0,O,SER,255.0,85.9,27.18,-4.6,-0.51,1.7,3.0
ATOM,3601.0,CB,SER,255.0,87.646,25.306,-2.596,0.05,2.175,2.4
ATOM,3602.0,OG,SER,255.0,88.899,25.297,-3.268,-0.66,1.77,2.29
ATOM,3603.0,H,SER,255.0,84.894,26.307,-2.359,0.31,0.2245,0.02
ATOM,3604.0,HA,SER,255.0,87.654,27.328,-2.007,0.09,1.32,0.0
ATOM,3605.0,HB2,SER,255.0,87.774,24.973,-1.667,0.09,1.32,0.48
ATOM,3606.0,HB3,SER,255.0,87.011,24.717,-3.088,0.09,1.32,0.0
ATOM,3607.0,HG,SER,255.0,89.322,26.198,-3.191,0.43,0.2245,0.0
ATOM,3608.0,N,CYS,256.0,88.02,27.935,-4.401,-0.47,1.85,0.0
ATOM,3609.0,CA,CYS,256.0,88.086,28.501,-5.739,0.07,2.275,0.0
ATOM,3610.0,C,CYS,256.0,89.193,27.794,-6.504,0.51,2.0,0.0
ATOM,3611.0,O,CYS,256.0,89.336,27.954,-7.715,-0.51,1.7,0.0
ATOM,3612.0,CB,CYS,256.0,88.402,29.991,-5.67,-0.11,2.175,0.0
ATOM,3613.0,SG,CYS,256.0,87.18,30.952,-4.79,-0.23,2.0,0.69
ATOM,3614.0,H,CYS,256.0,88.805,27.997,-3.715,0.31,0.2245,0.0
ATOM,3615.0,HA,CYS,256.0,87.222,28.321,-6.203,0.09,1.32,0.0
ATOM,3616.0,HB2,CYS,256.0,89.284,30.097,-5.214,0.09,1.32,0.0
ATOM,3617.0,HB3,CYS,256.0,88.467,30.334,-6.607,0.09,1.32,0.0
ATOM,3618.0,HG,CYS,256.0,87.394,31.93,-4.863,0.16,0.45,0.0
ATOM,3619.0,N,SER,257.0,89.979,27.012,-5.775,-0.47,1.85,0.0
ATOM,3620.0,CA,SER,257.0,91.097,26.275,-6.337,0.07,2.275,0.0
ATOM,3621.0,C,SER,257.0,90.786,25.521,-7.626,0.51,2.0,0.0
ATOM,3622.0,O,SER,257.0,91.501,25.669,-8.62,-0.51,1.7,0.0
ATOM,3623.0,CB,SER,257.0,91.661,25.316,-5.284,0.05,2.175,5.55
ATOM,3624.0,OG,SER,257.0,92.092,26.029,-4.134,-0.66,1.77,0.54
ATOM,3625.0,H,SER,257.0,89.722,26.973,-4.759,0.31,0.2245,0.0
ATOM,3626.0,HA,SER,257.0,91.842,26.944,-6.545,0.09,1.32,0.0
ATOM,3627.0,HB2,SER,257.0,90.949,24.675,-5.02,0.09,1.32,0.0
ATOM,3628.0,HB3,SER,257.0,92.437,24.833,-5.674,0.09,1.32,0.0
ATOM,3629.0,HG,SER,257.0,93.07,26.219,-4.209,0.43,0.2245,0.0
ATOM,3630.0,N,LYS,258.0,89.694,24.767,-7.644,-0.47,1.85,0.0
ATOM,3631.0,CA,LYS,258.0,89.363,23.991,-8.83,0.07,2.275,0.0
ATOM,3632.0,C,LYS,258.0,88.501,24.66,-9.881,0.51,2.0,0.0
ATOM,3633.0,O,LYS,258.0,88.889,24.703,-11.037,-0.51,1.7,2.92
ATOM,3634.0,CB,LYS,258.0,88.764,22.64,-8.449,-0.18,2.175,0.0
ATOM,3635.0,CG,LYS,258.0,89.695,21.802,-7.617,-0.18,2.175,0.0
ATOM,3636.0,CD,LYS,258.0,89.171,21.667,-6.206,-0.18,2.175,0.0
ATOM,3637.0,CE,LYS,258.0,90.023,20.71,-5.392,0.21,2.175,10.05
ATOM,3638.0,NZ,LYS,258.0,89.323,20.306,-4.18,-0.3,1.85,4.5
ATOM,3639.0,H,LYS,258.0,89.13,24.78,-6.785,0.31,0.2245,0.0
ATOM,3640.0,HA,LYS,258.0,90.249,23.694,-9.278,0.09,1.32,0.0
ATOM,3641.0,HB2,LYS,258.0,87.932,22.806,-7.93,0.09,1.32,0.0
ATOM,3642.0,HB3,LYS,258.0,88.552,22.148,-9.289,0.09,1.32,0.0
ATOM,3643.0,HG2,LYS,258.0,89.773,20.891,-8.022,0.09,1.32,0.0
ATOM,3644.0,HG3,LYS,258.0,90.595,22.234,-7.588,0.09,1.32,0.0
ATOM,3645.0,HD2,LYS,258.0,89.189,22.559,-5.765,0.09,1.32,0.0
ATOM,3646.0,HD3,LYS,258.0,88.241,21.315,-6.235,0.09,1.32,0.0
ATOM,3647.0,HE2,LYS,258.0,90.226,19.907,-5.955,0.05,1.32,0.01
ATOM,3648.0,HE3,LYS,258.0,90.882,21.17,-5.156,0.05,1.32,4.9
ATOM,3649.0,HZ1,LYS,258.0,89.184,19.311,-4.175,0.33,0.2245,2.38
ATOM,3650.0,HZ2,LYS,258.0,89.858,20.561,-3.368,0.33,0.2245,12.37
ATOM,3651.0,HZ3,LYS,258.0,88.426,20.757,-4.13,0.33,0.2245,0.0
ATOM,3652.0,N,ASN,259.0,87.337,25.178,-9.498,-0.47,1.85,0.0
ATOM,3653.0,CA,ASN,259.0,86.459,25.812,-10.484,0.07,2.275,0.0
ATOM,3654.0,C,ASN,259.0,87.008,27.099,-11.099,0.51,2.0,0.0
ATOM,3655.0,O,ASN,259.0,86.488,27.576,-12.107,-0.51,1.7,0.0
ATOM,3656.0,CB,ASN,259.0,85.019,25.976,-9.967,-0.18,2.175,0.0
ATOM,3657.0,CG,ASN,259.0,84.898,26.927,-8.791,0.55,2.0,0.0
ATOM,3658.0,H,ASN,259.0,87.119,25.098,-8.5,0.31,0.2245,0.0
ATOM,3659.0,HA,ASN,259.0,86.343,25.146,-11.248,0.09,1.32,0.0
ATOM,3660.0,HB2,ASN,259.0,84.457,26.322,-10.718,0.09,1.32,0.0
ATOM,3661.0,HB3,ASN,259.0,84.686,25.076,-9.687,0.09,1.32,0.0
ATOM,3662.0,OD1,ASN,259.0,85.881,27.509,-8.32,-0.55,1.7,0.0
ATOM,3663.0,ND2,ASN,259.0,83.674,27.087,-8.305,-0.62,1.85,0.51
ATOM,3664.0,HD22,ASN,259.0,82.9,26.596,-8.702,0.3,0.2245,0.0
ATOM,3665.0,HD21,ASN,259.0,83.521,27.707,-7.53,0.32,0.2245,4.23
ATOM,3666.0,N,PHE,260.0,88.084,27.622,-10.514,-0.47,1.85,0.0
ATOM,3667.0,CA,PHE,260.0,88.745,28.81,-11.028,0.07,2.275,0.0
ATOM,3668.0,C,PHE,260.0,90.148,28.477,-11.542,0.51,2.0,0.0
ATOM,3669.0,O,PHE,260.0,90.769,29.292,-12.217,-0.51,1.7,0.0
ATOM,3670.0,CB,PHE,260.0,88.839,29.896,-9.956,-0.18,2.175,0.0
ATOM,3671.0,CG,PHE,260.0,87.7,30.859,-9.972,0.0,1.9924,0.0
ATOM,3672.0,CD1,PHE,260.0,87.732,31.97,-10.801,-0.115,1.9924,0.0
ATOM,3673.0,CD2,PHE,260.0,86.586,30.654,-9.165,-0.115,1.9924,0.0
ATOM,3674.0,CE1,PHE,260.0,86.666,32.869,-10.83,-0.115,1.9924,0.0
ATOM,3675.0,CE2,PHE,260.0,85.517,31.543,-9.187,-0.115,1.9924,0.0
ATOM,3676.0,CZ,PHE,260.0,85.558,32.655,-10.023,-0.115,1.9924,0.0
ATOM,3677.0,H,PHE,260.0,88.405,27.109,-9.665,0.31,0.2245,0.0
ATOM,3678.0,HA,PHE,260.0,88.216,29.125,-11.824,0.09,1.32,0.0
ATOM,3679.0,HB2,PHE,260.0,88.854,29.447,-9.074,0.09,1.32,0.0
ATOM,3680.0,HB3,PHE,260.0,89.676,30.401,-10.113,0.09,1.32,0.0
ATOM,3681.0,HD1,PHE,260.0,88.52,32.134,-11.386,0.115,1.3582,0.0
ATOM,3682.0,HD2,PHE,260.0,86.553,29.857,-8.562,0.115,1.3582,0.01
ATOM,3683.0,HE1,PHE,260.0,86.711,33.669,-11.438,0.115,1.3582,0.0
ATOM,3684.0,HE2,PHE,260.0,84.715,31.378,-8.594,0.115,1.3582,0.57
ATOM,3685.0,HZ,PHE,260.0,84.794,33.297,-10.043,0.115,1.3582,0.0
ATOM,3686.0,N,GLY,261.0,90.656,27.298,-11.202,-0.47,1.85,0.0
ATOM,3687.0,CA,GLY,261.0,91.981,26.899,-11.647,-0.02,2.175,4.59
ATOM,3688.0,C,GLY,261.0,93.154,27.625,-11.002,0.51,2.0,0.0
ATOM,3689.0,O,GLY,261.0,94.219,27.745,-11.608,-0.51,1.7,9.42
ATOM,3690.0,H,GLY,261.0,90.044,26.709,-10.612,0.31,0.2245,0.0
ATOM,3691.0,HA2,GLY,261.0,92.095,25.887,-11.493,0.09,1.32,0.0
ATOM,3692.0,HA3,GLY,261.0,92.041,27.018,-12.669,0.09,1.32,0.12
ATOM,3693.0,N,ILE,262.0,92.965,28.111,-9.78,-0.47,1.85,0.0
ATOM,3694.0,CA,ILE,262.0,94.004,28.843,-9.047,0.07,2.275,0.0
ATOM,3695.0,C,ILE,262.0,94.402,28.08,-7.784,0.51,2.0,0.0
ATOM,3696.0,O,ILE,262.0,94.503,28.646,-6.695,-0.51,1.7,0.0
ATOM,3697.0,CB,ILE,262.0,93.55,30.301,-8.655,-0.09,2.275,0.0
ATOM,3698.0,CG1,ILE,262.0,92.153,30.285,-8.03,-0.18,2.175,0.0
ATOM,3699.0,CG2,ILE,262.0,93.581,31.242,-9.871,-0.27,2.06,0.07
ATOM,3700.0,CD1,ILE,262.0,91.708,31.624,-7.529,-0.27,2.06,0.0
ATOM,3701.0,H,ILE,262.0,92.016,27.929,-9.383,0.31,0.2245,0.0
ATOM,3702.0,HA,ILE,262.0,94.81,28.854,-9.641,0.09,1.32,3.47
ATOM,3703.0,HB,ILE,262.0,94.195,30.634,-7.98,0.09,1.32,0.0
ATOM,3704.0,HG12,ILE,262.0,91.508,29.956,-8.718,0.09,1.32,0.0
ATOM,3705.0,HG13,ILE,262.0,92.164,29.637,-7.269,0.09,1.32,0.0
ATOM,3706.0,HG21,ILE,262.0,93.343,32.163,-9.576,0.09,1.32,0.0
ATOM,3707.0,HG22,ILE,262.0,94.497,31.238,-10.262,0.09,1.32,5.57
ATOM,3708.0,HG23,ILE,262.0,92.923,30.922,-10.547,0.09,1.32,0.0
ATOM,3709.0,HD11,ILE,262.0,91.687,32.28,-8.286,0.09,1.32,0.0
ATOM,3710.0,HD12,ILE,262.0,90.791,31.55,-7.133,0.09,1.32,0.0
ATOM,3711.0,HD13,ILE,262.0,92.343,31.952,-6.828,0.09,1.32,0.0
ATOM,3712.0,N,TYR,263.0,94.616,26.781,-7.948,-0.47,1.85,0.0
ATOM,3713.0,CA,TYR,263.0,95.001,25.884,-6.865,0.07,2.275,0.09
ATOM,3714.0,C,TYR,263.0,96.081,26.441,-5.931,0.51,2.0,0.3
ATOM,3715.0,O,TYR,263.0,95.893,26.464,-4.721,-0.51,1.7,2.27
ATOM,3716.0,CB,TYR,263.0,95.511,24.568,-7.449,-0.18,2.175,10.52
ATOM,3717.0,CG,TYR,263.0,94.61,23.903,-8.473,0.0,1.9924,0.02
ATOM,3718.0,CD1,TYR,263.0,94.59,24.326,-9.798,-0.115,1.9924,3.31
ATOM,3719.0,CD2,TYR,263.0,93.822,22.808,-8.123,-0.115,1.9924,0.07
ATOM,3720.0,CE1,TYR,263.0,93.816,23.676,-10.745,-0.115,1.9924,0.0
ATOM,3721.0,CE2,TYR,263.0,93.045,22.154,-9.059,-0.115,1.9924,0.01
ATOM,3722.0,CZ,TYR,263.0,93.047,22.584,-10.366,0.11,1.9924,0.0
ATOM,3723.0,OH,TYR,263.0,92.302,21.896,-11.304,-0.54,1.77,1.91
ATOM,3724.0,H,TYR,263.0,94.483,26.448,-8.938,0.31,0.2245,0.0
ATOM,3725.0,HA,TYR,263.0,94.172,25.693,-6.3,0.09,1.32,0.0
ATOM,3726.0,HB2,TYR,263.0,96.4,24.741,-7.886,0.09,1.32,3.75
ATOM,3727.0,HB3,TYR,263.0,95.647,23.92,-6.692,0.09,1.32,8.77
ATOM,3728.0,HD1,TYR,263.0,95.144,25.115,-10.073,0.115,1.3582,4.65
ATOM,3729.0,HD2,TYR,263.0,93.823,22.492,-7.173,0.115,1.3582,5.96
ATOM,3730.0,HE1,TYR,263.0,93.81,23.988,-11.695,0.115,1.3582,1.37
ATOM,3731.0,HE2,TYR,263.0,92.482,21.37,-8.787,0.115,1.3582,0.0
ATOM,3732.0,HH,TYR,263.0,91.333,22.029,-11.11,0.43,0.2245,0.21
ATOM,3733.0,N,ARG,264.0,97.205,26.882,-6.499,-0.47,1.85,0.02
ATOM,3734.0,CA,ARG,264.0,98.34,27.407,-5.725,0.07,2.275,1.98
ATOM,3735.0,C,ARG,264.0,98.208,28.821,-5.154,0.51,2.0,0.0
ATOM,3736.0,O,ARG,264.0,99.081,29.271,-4.393,-0.51,1.7,16.98
ATOM,3737.0,CB,ARG,264.0,99.629,27.34,-6.554,-0.18,2.175,10.55
ATOM,3738.0,CG,ARG,264.0,99.696,28.35,-7.694,-0.18,2.175,2.72
ATOM,3739.0,CD,ARG,264.0,100.968,28.198,-8.493,0.2,2.175,11.33
ATOM,3740.0,NE,ARG,264.0,101.154,26.835,-8.981,-0.7,1.85,6.22
ATOM,3741.0,CZ,ARG,264.0,102.23,26.413,-9.64,0.64,2.0,3.35
ATOM,3742.0,NH1,ARG,264.0,103.231,27.249,-9.903,-0.8,1.85,27.17
ATOM,3743.0,NH2,ARG,264.0,102.304,25.152,-10.046,-0.8,1.85,29.01
ATOM,3744.0,H,ARG,264.0,97.212,26.823,-7.542,0.31,0.2245,0.86
ATOM,3745.0,HA,ARG,264.0,98.516,26.76,-4.94,0.09,1.32,5.2
ATOM,3746.0,HB2,ARG,264.0,100.399,27.51,-5.945,0.09,1.32,8.03
ATOM,3747.0,HB3,ARG,264.0,99.699,26.428,-6.947,0.09,1.32,3.83
ATOM,3748.0,HG2,ARG,264.0,98.92,28.209,-8.304,0.09,1.32,4.4
ATOM,3749.0,HG3,ARG,264.0,99.668,29.273,-7.317,0.09,1.32,1.75
ATOM,3750.0,HD2,ARG,264.0,100.926,28.822,-9.272,0.09,1.32,9.91
ATOM,3751.0,HD3,ARG,264.0,101.738,28.443,-7.906,0.09,1.32,8.32
ATOM,3752.0,HE,ARG,264.0,100.418,26.168,-8.808,0.44,0.2245,4.93
ATOM,3753.0,HH11,ARG,264.0,103.199,28.196,-9.594,0.46,0.2245,11.29
ATOM,3754.0,HH12,ARG,264.0,104.029,26.921,-10.418,0.46,0.2245,18.28
ATOM,3755.0,HH21,ARG,264.0,101.556,24.518,-9.836,0.46,0.2245,18.35
ATOM,3756.0,HH22,ARG,264.0,103.1,24.833,-10.557,0.46,0.2245,18.12
ATOM,3757.0,N,GLU,265.0,97.162,29.542,-5.543,-0.47,1.85,0.0
ATOM,3758.0,CA,GLU,265.0,96.976,30.897,-5.042,0.07,2.275,0.1
ATOM,3759.0,C,GLU,265.0,96.354,30.876,-3.65,0.51,2.0,0.0
ATOM,3760.0,O,GLU,265.0,96.454,31.855,-2.907,-0.51,1.7,6.02
ATOM,3761.0,CB,GLU,265.0,96.126,31.721,-6.011,-0.18,2.175,0.0
ATOM,3762.0,CG,GLU,265.0,96.76,31.91,-7.396,-0.28,2.175,2.1
ATOM,3763.0,CD,GLU,265.0,97.912,32.923,-7.432,0.62,2.0,1.04
ATOM,3764.0,OE1,GLU,265.0,98.092,33.698,-6.463,-0.76,1.7,11.11
ATOM,3765.0,OE2,GLU,265.0,98.627,32.959,-8.454,-0.76,1.7,24.23
ATOM,3766.0,H,GLU,265.0,96.523,29.077,-6.202,0.31,0.2245,0.0
ATOM,3767.0,HA,GLU,265.0,97.863,31.37,-5.005,0.09,1.32,3.02
ATOM,3768.0,HB2,GLU,265.0,95.273,31.25,-6.142,0.09,1.32,0.0
ATOM,3769.0,HB3,GLU,265.0,96.002,32.615,-5.622,0.09,1.32,0.0
ATOM,3770.0,HG2,GLU,265.0,97.125,31.041,-7.687,0.09,1.32,0.27
ATOM,3771.0,HG3,GLU,265.0,96.063,32.238,-8.012,0.09,1.32,0.0
ATOM,3772.0,N,ARG,266.0,95.766,29.738,-3.29,-0.47,1.85,0.0
ATOM,3773.0,CA,ARG,266.0,95.128,29.53,-1.988,0.07,2.275,0.0
ATOM,3774.0,C,ARG,266.0,93.963,30.487,-1.734,0.51,2.0,0.0
ATOM,3775.0,O,ARG,266.0,94.02,31.333,-0.846,-0.51,1.7,0.0
ATOM,3776.0,CB,ARG,266.0,96.163,29.627,-0.859,-0.18,2.175,0.2
ATOM,3777.0,CG,ARG,266.0,97.464,28.882,-1.133,-0.18,2.175,14.06
ATOM,3778.0,CD,ARG,266.0,97.227,27.457,-1.633,0.2,2.175,6.19
ATOM,3779.0,NE,ARG,266.0,96.591,26.639,-0.609,-0.7,1.85,4.57
ATOM,3780.0,CZ,ARG,266.0,95.493,25.916,-0.798,0.64,2.0,1.69
ATOM,3781.0,NH1,ARG,266.0,94.898,25.909,-1.98,-0.8,1.85,7.21
ATOM,3782.0,NH2,ARG,266.0,95.012,25.178,0.191,-0.8,1.85,11.4
ATOM,3783.0,H,ARG,266.0,95.798,28.99,-4.028,0.31,0.2245,0.0
ATOM,3784.0,HA,ARG,266.0,94.777,28.579,-1.949,0.09,1.32,0.0
ATOM,3785.0,HB2,ARG,266.0,96.381,30.589,-0.72,0.09,1.32,0.08
ATOM,3786.0,HB3,ARG,266.0,95.758,29.246,-0.033,0.09,1.32,0.0
ATOM,3787.0,HG2,ARG,266.0,97.987,29.37,-1.831,0.09,1.32,0.82
ATOM,3788.0,HG3,ARG,266.0,97.999,28.827,-0.291,0.09,1.32,6.0
ATOM,3789.0,HD2,ARG,266.0,96.64,27.508,-2.431,0.09,1.32,0.0
ATOM,3790.0,HD3,ARG,266.0,98.109,27.068,-1.871,0.09,1.32,8.09
ATOM,3791.0,HE,ARG,266.0,97.013,26.62,0.308,0.44,0.2245,8.58
ATOM,3792.0,HH11,ARG,266.0,95.267,26.423,-2.75,0.46,0.2245,0.0
ATOM,3793.0,HH12,ARG,266.0,94.053,25.372,-2.109,0.46,0.2245,4.9
ATOM,3794.0,HH21,ARG,266.0,95.489,25.152,1.073,0.46,0.2245,10.58
ATOM,3795.0,HH22,ARG,266.0,94.176,24.646,0.062,0.46,0.2245,3.24
ATOM,3796.0,N,THR,267.0,92.878,30.295,-2.474,-0.47,1.85,0.0
ATOM,3797.0,CA,THR,267.0,91.702,31.148,-2.356,0.07,2.275,0.0
ATOM,3798.0,C,THR,267.0,90.394,30.408,-2.043,0.51,2.0,0.0
ATOM,3799.0,O,THR,267.0,89.971,29.504,-2.769,-0.51,1.7,0.0
ATOM,3800.0,CB,THR,267.0,91.515,31.98,-3.647,0.14,2.275,0.0
ATOM,3801.0,OG1,THR,267.0,92.709,32.74,-3.9,-0.66,1.77,0.07
ATOM,3802.0,CG2,THR,267.0,90.306,32.905,-3.522,-0.27,2.06,0.39
ATOM,3803.0,H,THR,267.0,92.939,29.494,-3.136,0.31,0.2245,0.0
ATOM,3804.0,HA,THR,267.0,91.867,31.821,-1.604,0.09,1.32,0.94
ATOM,3805.0,HB,THR,267.0,91.372,31.343,-4.428,0.09,1.32,0.0
ATOM,3806.0,HG21,THR,267.0,90.61,33.825,-3.268,0.09,1.32,0.0
ATOM,3807.0,HG22,THR,267.0,89.821,32.947,-4.398,0.09,1.32,0.0
ATOM,3808.0,HG23,THR,267.0,89.686,32.556,-2.817,0.09,1.32,0.0
ATOM,3809.0,HG1,THR,267.0,92.536,33.433,-4.607,0.43,0.2245,0.0
ATOM,3810.0,N,GLY,268.0,89.754,30.831,-0.963,-0.47,1.85,0.0
ATOM,3811.0,CA,GLY,268.0,88.492,30.249,-0.541,-0.02,2.175,0.0
ATOM,3812.0,C,GLY,268.0,87.897,31.165,0.501,0.51,2.0,0.0
ATOM,3813.0,O,GLY,268.0,88.459,32.227,0.766,-0.51,1.7,0.16
ATOM,3814.0,H,GLY,268.0,90.228,31.605,-0.451,0.31,0.2245,0.41
ATOM,3815.0,HA2,GLY,268.0,87.877,30.18,-1.319,0.09,1.32,0.0
ATOM,3816.0,HA3,GLY,268.0,88.651,29.35,-0.147,0.09,1.32,0.0
ATOM,3817.0,N,CYS,269.0,86.753,30.791,1.068,-0.47,1.85,0.0
ATOM,3818.0,CA,CYS,269.0,86.116,31.601,2.102,0.07,2.275,0.0
ATOM,3819.0,C,CYS,269.0,85.094,30.81,2.916,0.51,2.0,0.0
ATOM,3820.0,O,CYS,269.0,84.512,29.842,2.426,-0.51,1.7,0.0
ATOM,3821.0,CB,CYS,269.0,85.466,32.859,1.503,-0.11,2.175,0.0
ATOM,3822.0,SG,CYS,269.0,83.927,32.576,0.603,-0.23,2.0,0.0
ATOM,3823.0,H,CYS,269.0,86.364,29.896,0.72,0.31,0.2245,0.0
ATOM,3824.0,HA,CYS,269.0,86.835,31.926,2.736,0.09,1.32,0.0
ATOM,3825.0,HB2,CYS,269.0,85.282,33.495,2.255,0.09,1.32,0.0
ATOM,3826.0,HB3,CYS,269.0,86.129,33.275,0.876,0.09,1.32,0.0
ATOM,3827.0,HG,CYS,269.0,83.667,33.41,0.115,0.16,0.45,0.0
ATOM,3828.0,N,LEU,270.0,84.918,31.212,4.17,-0.47,1.85,0.0
ATOM,3829.0,CA,LEU,270.0,83.972,30.583,5.081,0.07,2.275,0.0
ATOM,3830.0,C,LEU,270.0,82.768,31.504,5.2,0.51,2.0,0.0
ATOM,3831.0,O,LEU,270.0,82.917,32.722,5.378,-0.51,1.7,0.0
ATOM,3832.0,CB,LEU,270.0,84.597,30.416,6.474,-0.18,2.175,0.0
ATOM,3833.0,CG,LEU,270.0,84.115,29.367,7.487,-0.09,2.275,0.0
ATOM,3834.0,CD1,LEU,270.0,84.476,29.837,8.884,-0.27,2.06,0.07
ATOM,3835.0,CD2,LEU,270.0,82.63,29.121,7.407,-0.27,2.06,0.0
ATOM,3836.0,H,LEU,270.0,85.521,32.024,4.448,0.31,0.2245,0.0
ATOM,3837.0,HA,LEU,270.0,83.674,29.72,4.689,0.09,1.32,0.0
ATOM,3838.0,HB2,LEU,270.0,85.6,30.248,6.335,0.09,1.32,0.0
ATOM,3839.0,HB3,LEU,270.0,84.534,31.326,6.943,0.09,1.32,0.0
ATOM,3840.0,HG,LEU,270.0,84.567,28.505,7.296,0.09,1.32,0.0
ATOM,3841.0,HD11,LEU,270.0,84.032,30.715,9.069,0.09,1.32,0.0
ATOM,3842.0,HD12,LEU,270.0,84.168,29.162,9.556,0.09,1.32,0.0
ATOM,3843.0,HD13,LEU,270.0,85.468,29.946,8.956,0.09,1.32,0.0
ATOM,3844.0,HD21,LEU,270.0,82.387,28.792,6.491,0.09,1.32,0.0
ATOM,3845.0,HD22,LEU,270.0,82.361,28.431,8.084,0.09,1.32,0.0
ATOM,3846.0,HD23,LEU,270.0,82.132,29.972,7.592,0.09,1.32,0.0
ATOM,3847.0,N,LEU,271.0,81.582,30.925,5.064,-0.47,1.85,0.0
ATOM,3848.0,CA,LEU,271.0,80.335,31.666,5.193,0.07,2.275,0.0
ATOM,3849.0,C,LEU,271.0,79.627,31.184,6.456,0.51,2.0,0.0
ATOM,3850.0,O,LEU,271.0,79.411,29.979,6.641,-0.51,1.7,0.0
ATOM,3851.0,CB,LEU,271.0,79.432,31.46,3.972,-0.18,2.175,0.0
ATOM,3852.0,CG,LEU,271.0,79.892,32.054,2.637,-0.09,2.275,0.0
ATOM,3853.0,CD1,LEU,271.0,78.882,31.746,1.545,-0.27,2.06,0.0
ATOM,3854.0,CD2,LEU,271.0,80.055,33.551,2.761,-0.27,2.06,0.19
ATOM,3855.0,H,LEU,271.0,81.62,29.903,4.859,0.31,0.2245,0.0
ATOM,3856.0,HA,LEU,271.0,80.544,32.633,5.298,0.09,1.32,0.0
ATOM,3857.0,HB2,LEU,271.0,79.325,30.472,3.835,0.09,1.32,0.0
ATOM,3858.0,HB3,LEU,271.0,78.538,31.861,4.183,0.09,1.32,0.0
ATOM,3859.0,HG,LEU,271.0,80.777,31.658,2.395,0.09,1.32,0.0
ATOM,3860.0,HD11,LEU,271.0,77.995,32.14,1.788,0.09,1.32,0.0
ATOM,3861.0,HD12,LEU,271.0,79.194,32.139,0.679,0.09,1.32,0.0
ATOM,3862.0,HD13,LEU,271.0,78.788,30.755,1.444,0.09,1.32,0.0
ATOM,3863.0,HD21,LEU,271.0,80.739,33.762,3.463,0.09,1.32,0.0
ATOM,3864.0,HD22,LEU,271.0,80.356,33.934,1.885,0.09,1.32,0.0
ATOM,3865.0,HD23,LEU,271.0,79.18,33.968,3.018,0.09,1.32,0.0
ATOM,3866.0,N,ALA,272.0,79.37,32.117,7.365,-0.47,1.85,0.0
ATOM,3867.0,CA,ALA,272.0,78.665,31.822,8.605,0.07,2.275,0.0
ATOM,3868.0,C,ALA,272.0,77.228,32.37,8.499,0.51,2.0,0.0
ATOM,3869.0,O,ALA,272.0,77.021,33.582,8.384,-0.51,1.7,0.0
ATOM,3870.0,CB,ALA,272.0,79.399,32.447,9.795,-0.27,2.06,0.0
ATOM,3871.0,H,ALA,272.0,79.714,33.07,7.116,0.31,0.2245,0.0
ATOM,3872.0,HA,ALA,272.0,78.614,30.834,8.728,0.09,1.32,0.0
ATOM,3873.0,HB1,ALA,272.0,79.13,31.975,10.633,0.09,1.32,2.14
ATOM,3874.0,HB2,ALA,272.0,80.384,32.356,9.66,0.09,1.32,0.0
ATOM,3875.0,HB3,ALA,272.0,79.157,33.413,9.861,0.09,1.32,0.0
ATOM,3876.0,N,LEU,273.0,76.253,31.472,8.43,-0.47,1.85,0.07
ATOM,3877.0,CA,LEU,273.0,74.85,31.871,8.339,0.07,2.275,0.03
ATOM,3878.0,C,LEU,273.0,74.269,31.768,9.743,0.51,2.0,0.0
ATOM,3879.0,O,LEU,273.0,74.274,30.695,10.347,-0.51,1.7,1.58
ATOM,3880.0,CB,LEU,273.0,74.091,30.989,7.346,-0.18,2.175,1.49
ATOM,3881.0,CG,LEU,273.0,74.223,31.316,5.852,-0.09,2.275,1.36
ATOM,3882.0,CD1,LEU,273.0,75.679,31.3,5.397,-0.27,2.06,0.0
ATOM,3883.0,CD2,LEU,273.0,73.415,30.316,5.057,-0.27,2.06,4.63
ATOM,3884.0,H,LEU,273.0,76.566,30.483,8.446,0.31,0.2245,0.0
ATOM,3885.0,HA,LEU,273.0,74.805,32.816,8.046,0.09,1.32,0.0
ATOM,3886.0,HB2,LEU,273.0,74.408,30.045,7.469,0.09,1.32,0.0
ATOM,3887.0,HB3,LEU,273.0,73.116,31.039,7.574,0.09,1.32,3.59
ATOM,3888.0,HG,LEU,273.0,73.833,32.225,5.684,0.09,1.32,3.33
ATOM,3889.0,HD11,LEU,273.0,76.067,30.393,5.556,0.09,1.32,0.0
ATOM,3890.0,HD12,LEU,273.0,75.725,31.517,4.422,0.09,1.32,0.0
ATOM,3891.0,HD13,LEU,273.0,76.197,31.98,5.915,0.09,1.32,0.0
ATOM,3892.0,HD21,LEU,273.0,72.451,30.366,5.328,0.09,1.32,2.49
ATOM,3893.0,HD22,LEU,273.0,73.492,30.518,4.078,0.09,1.32,0.0
ATOM,3894.0,HD23,LEU,273.0,73.757,29.389,5.229,0.09,1.32,0.0
ATOM,3895.0,N,CYS,274.0,73.808,32.898,10.267,-0.47,1.85,0.18
ATOM,3896.0,CA,CYS,274.0,73.292,32.965,11.627,0.07,2.275,0.0
ATOM,3897.0,C,CYS,274.0,71.798,33.248,11.74,0.51,2.0,0.0
ATOM,3898.0,O,CYS,274.0,71.158,33.676,10.78,-0.51,1.7,8.05
ATOM,3899.0,CB,CYS,274.0,74.073,34.028,12.399,-0.11,2.175,0.0
ATOM,3900.0,SG,CYS,274.0,75.871,33.992,12.112,-0.23,2.0,5.56
ATOM,3901.0,H,CYS,274.0,73.847,33.72,9.629,0.31,0.2245,0.0
ATOM,3902.0,HA,CYS,274.0,73.474,32.064,12.079,0.09,1.32,0.0
ATOM,3903.0,HB2,CYS,274.0,73.736,34.925,12.126,0.09,1.32,0.0
ATOM,3904.0,HB3,CYS,274.0,73.914,33.887,13.374,0.09,1.32,0.0
ATOM,3905.0,HG,CYS,274.0,76.043,33.852,11.139,0.16,0.45,0.0
ATOM,3906.0,N,ALA,275.0,71.268,33.039,12.943,-0.47,1.85,0.0
ATOM,3907.0,CA,ALA,275.0,69.853,33.253,13.241,0.07,2.275,0.55
ATOM,3908.0,C,ALA,275.0,69.419,34.724,13.231,0.51,2.0,0.0
ATOM,3909.0,O,ALA,275.0,68.27,35.027,12.914,-0.51,1.7,25.58
ATOM,3910.0,CB,ALA,275.0,69.503,32.61,14.568,-0.27,2.06,21.43
ATOM,3911.0,H,ALA,275.0,71.954,32.706,13.662,0.31,0.2245,0.0
ATOM,3912.0,HA,ALA,275.0,69.296,32.753,12.547,0.09,1.32,4.21
ATOM,3913.0,HB1,ALA,275.0,68.538,32.774,14.779,0.09,1.32,9.31
ATOM,3914.0,HB2,ALA,275.0,69.667,31.624,14.519,0.09,1.32,1.31
ATOM,3915.0,HB3,ALA,275.0,70.07,33.002,15.293,0.09,1.32,2.47
ATOM,3916.0,N,ASP,276.0,70.318,35.629,13.613,-0.47,1.85,0.0
ATOM,3917.0,CA,ASP,276.0,70.007,37.059,13.613,0.07,2.275,0.19
ATOM,3918.0,C,ASP,276.0,71.243,37.933,13.403,0.51,2.0,0.0
ATOM,3919.0,O,ASP,276.0,72.358,37.423,13.279,-0.51,1.7,0.0
ATOM,3920.0,CB,ASP,276.0,69.249,37.469,14.885,-0.28,2.175,16.68
ATOM,3921.0,CG,ASP,276.0,69.865,36.907,16.146,0.62,2.0,2.52
ATOM,3922.0,OD1,ASP,276.0,71.035,37.228,16.43,-0.76,1.7,1.96
ATOM,3923.0,OD2,ASP,276.0,69.174,36.149,16.861,-0.76,1.7,34.41
ATOM,3924.0,H,ASP,276.0,71.233,35.243,13.903,0.31,0.2245,0.0
ATOM,3925.0,HA,ASP,276.0,69.389,37.229,12.829,0.09,1.32,2.54
ATOM,3926.0,HB2,ASP,276.0,69.257,38.462,14.936,0.09,1.32,3.25
ATOM,3927.0,HB3,ASP,276.0,68.317,37.135,14.803,0.09,1.32,6.66
ATOM,3928.0,N,ALA,277.0,71.043,39.248,13.358,-0.47,1.85,0.0
ATOM,3929.0,CA,ALA,277.0,72.143,40.184,13.14,0.07,2.275,0.0
ATOM,3930.0,C,ALA,277.0,73.141,40.267,14.296,0.51,2.0,0.0
ATOM,3931.0,O,ALA,277.0,74.349,40.315,14.073,-0.51,1.7,0.01
ATOM,3932.0,CB,ALA,277.0,71.606,41.571,12.785,-0.27,2.06,23.3
ATOM,3933.0,H,ALA,277.0,70.057,39.544,13.489,0.31,0.2245,4.46
ATOM,3934.0,HA,ALA,277.0,72.65,39.898,12.301,0.09,1.32,0.0
ATOM,3935.0,HB1,ALA,277.0,71.954,42.238,13.441,0.09,1.32,7.09
ATOM,3936.0,HB2,ALA,277.0,71.907,41.817,11.865,0.09,1.32,1.26
ATOM,3937.0,HB3,ALA,277.0,70.608,41.558,12.818,0.09,1.32,2.39
ATOM,3938.0,N,ALA,278.0,72.648,40.277,15.529,-0.47,1.85,1.05
ATOM,3939.0,CA,ALA,278.0,73.538,40.34,16.681,0.07,2.275,3.63
ATOM,3940.0,C,ALA,278.0,74.513,39.163,16.625,0.51,2.0,0.0
ATOM,3941.0,O,ALA,278.0,75.702,39.306,16.939,-0.51,1.7,0.15
ATOM,3942.0,CB,ALA,278.0,72.739,40.311,17.974,-0.27,2.06,35.73
ATOM,3943.0,H,ALA,278.0,71.62,40.238,15.596,0.31,0.2245,3.11
ATOM,3944.0,HA,ALA,278.0,74.063,41.19,16.642,0.09,1.32,2.7
ATOM,3945.0,HB1,ALA,278.0,71.86,40.768,17.835,0.09,1.32,9.36
ATOM,3946.0,HB2,ALA,278.0,72.58,39.363,18.248,0.09,1.32,4.64
ATOM,3947.0,HB3,ALA,278.0,73.248,40.783,18.693,0.09,1.32,11.14
ATOM,3948.0,N,THR,279.0,74.015,38.008,16.186,-0.47,1.85,0.04
ATOM,3949.0,CA,THR,279.0,74.847,36.819,16.079,0.07,2.275,0.99
ATOM,3950.0,C,THR,279.0,75.851,37.001,14.943,0.51,2.0,0.0
ATOM,3951.0,O,THR,279.0,77.018,36.641,15.09,-0.51,1.7,0.0
ATOM,3952.0,CB,THR,279.0,74.013,35.543,15.839,0.14,2.275,0.0
ATOM,3953.0,OG1,THR,279.0,72.976,35.447,16.824,-0.66,1.77,15.75
ATOM,3954.0,CG2,THR,279.0,74.897,34.317,15.946,-0.27,2.06,12.6
ATOM,3955.0,H,THR,279.0,73.01,38.033,15.935,0.31,0.2245,0.0
ATOM,3956.0,HA,THR,279.0,75.357,36.704,16.933,0.09,1.32,0.0
ATOM,3957.0,HB,THR,279.0,73.574,35.607,14.919,0.09,1.32,0.0
ATOM,3958.0,HG21,THR,279.0,75.859,34.593,16.024,0.09,1.32,0.8
ATOM,3959.0,HG22,THR,279.0,74.645,33.782,16.757,0.09,1.32,7.58
ATOM,3960.0,HG23,THR,279.0,74.788,33.743,15.13,0.09,1.32,0.0
ATOM,3961.0,HG1,THR,279.0,72.244,36.107,16.626,0.43,0.2245,0.0
ATOM,3962.0,N,ARG,280.0,75.405,37.579,13.827,-0.47,1.85,0.0
ATOM,3963.0,CA,ARG,280.0,76.286,37.821,12.685,0.07,2.275,0.0
ATOM,3964.0,C,ARG,280.0,77.479,38.636,13.168,0.51,2.0,0.0
ATOM,3965.0,O,ARG,280.0,78.619,38.355,12.809,-0.51,1.7,0.0
ATOM,3966.0,CB,ARG,280.0,75.553,38.598,11.585,-0.18,2.175,0.0
ATOM,3967.0,CG,ARG,280.0,76.318,38.709,10.264,-0.18,2.175,0.0
ATOM,3968.0,CD,ARG,280.0,76.619,40.152,9.859,0.2,2.175,5.75
ATOM,3969.0,NE,ARG,280.0,77.645,40.766,10.705,-0.7,1.85,0.23
ATOM,3970.0,CZ,ARG,280.0,78.783,41.303,10.254,0.64,2.0,0.94
ATOM,3971.0,NH1,ARG,280.0,79.055,41.328,8.95,-0.8,1.85,15.38
ATOM,3972.0,NH2,ARG,280.0,79.651,41.833,11.111,-0.8,1.85,9.21
ATOM,3973.0,H,ARG,280.0,74.401,37.836,13.84,0.31,0.2245,0.0
ATOM,3974.0,HA,ARG,280.0,76.613,36.947,12.338,0.09,1.32,0.0
ATOM,3975.0,HB2,ARG,280.0,74.689,38.137,11.4,0.09,1.32,0.0
ATOM,3976.0,HB3,ARG,280.0,75.381,39.522,11.916,0.09,1.32,0.0
ATOM,3977.0,HG2,ARG,280.0,77.19,38.222,10.346,0.09,1.32,0.0
ATOM,3978.0,HG3,ARG,280.0,75.776,38.29,9.533,0.09,1.32,0.0
ATOM,3979.0,HD2,ARG,280.0,76.932,40.146,8.913,0.09,1.32,0.0
ATOM,3980.0,HD3,ARG,280.0,75.773,40.674,9.935,0.09,1.32,2.35
ATOM,3981.0,HE,ARG,280.0,77.483,40.786,11.7,0.44,0.2245,0.0
ATOM,3982.0,HH11,ARG,280.0,78.402,40.963,8.291,0.46,0.2245,5.39
ATOM,3983.0,HH12,ARG,280.0,79.922,41.718,8.631,0.46,0.2245,11.5
ATOM,3984.0,HH21,ARG,280.0,79.435,41.843,12.09,0.46,0.2245,1.5
ATOM,3985.0,HH22,ARG,280.0,80.509,42.218,10.783,0.46,0.2245,9.19
ATOM,3986.0,N,GLU,281.0,77.202,39.626,14.009,-0.47,1.85,0.0
ATOM,3987.0,CA,GLU,281.0,78.229,40.496,14.563,0.07,2.275,0.22
ATOM,3988.0,C,GLU,281.0,79.239,39.702,15.398,0.51,2.0,0.06
ATOM,3989.0,O,GLU,281.0,80.444,39.952,15.325,-0.51,1.7,9.56
ATOM,3990.0,CB,GLU,281.0,77.58,41.595,15.415,-0.18,2.175,9.76
ATOM,3991.0,CG,GLU,281.0,76.56,42.47,14.676,-0.28,2.175,5.59
ATOM,3992.0,CD,GLU,281.0,77.186,43.393,13.632,0.62,2.0,4.29
ATOM,3993.0,OE1,GLU,281.0,77.662,42.896,12.591,-0.76,1.7,7.8
ATOM,3994.0,OE2,GLU,281.0,77.183,44.626,13.845,-0.76,1.7,48.06
ATOM,3995.0,H,GLU,281.0,76.186,39.725,14.237,0.31,0.2245,0.0
ATOM,3996.0,HA,GLU,281.0,78.716,40.969,13.817,0.09,1.32,0.0
ATOM,3997.0,HB2,GLU,281.0,77.105,41.157,16.16,0.09,1.32,0.04
ATOM,3998.0,HB3,GLU,281.0,78.297,42.189,15.738,0.09,1.32,9.18
ATOM,3999.0,HG2,GLU,281.0,75.932,41.876,14.207,0.09,1.32,0.0
ATOM,4000.0,HG3,GLU,281.0,76.107,43.039,15.339,0.09,1.32,8.53
ATOM,4001.0,N,LEU,282.0,78.741,38.748,16.183,-0.47,1.85,0.0
ATOM,4002.0,CA,LEU,282.0,79.597,37.907,17.019,0.07,2.275,0.35
ATOM,4003.0,C,LEU,282.0,80.447,36.984,16.162,0.51,2.0,0.04
ATOM,4004.0,O,LEU,282.0,81.649,36.828,16.398,-0.51,1.7,4.97
ATOM,4005.0,CB,LEU,282.0,78.757,37.061,17.978,-0.18,2.175,2.19
ATOM,4006.0,CG,LEU,282.0,78.53,37.566,19.403,-0.09,2.275,3.55
ATOM,4007.0,CD1,LEU,282.0,78.032,39.007,19.408,-0.27,2.06,26.06
ATOM,4008.0,CD2,LEU,282.0,77.54,36.646,20.095,-0.27,2.06,35.99
ATOM,4009.0,H,LEU,282.0,77.706,38.655,16.15,0.31,0.2245,0.0
ATOM,4010.0,HA,LEU,282.0,80.208,38.504,17.551,0.09,1.32,5.48
ATOM,4011.0,HB2,LEU,282.0,77.848,36.939,17.559,0.09,1.32,0.0
ATOM,4012.0,HB3,LEU,282.0,79.195,36.157,18.05,0.09,1.32,7.52
ATOM,4013.0,HG,LEU,282.0,79.394,37.513,19.909,0.09,1.32,11.75
ATOM,4014.0,HD11,LEU,282.0,77.167,39.062,18.91,0.09,1.32,0.0
ATOM,4015.0,HD12,LEU,282.0,77.893,39.308,20.351,0.09,1.32,10.29
ATOM,4016.0,HD13,LEU,282.0,78.71,39.595,18.966,0.09,1.32,4.25
ATOM,4017.0,HD21,LEU,282.0,77.907,35.715,20.12,0.09,1.32,10.43
ATOM,4018.0,HD22,LEU,282.0,77.382,36.965,21.031,0.09,1.32,10.4
ATOM,4019.0,HD23,LEU,282.0,76.673,36.647,19.594,0.09,1.32,2.43
ATOM,4020.0,N,ALA,283.0,79.815,36.373,15.169,-0.47,1.85,0.25
ATOM,4021.0,CA,ALA,283.0,80.496,35.456,14.27,0.07,2.275,2.41
ATOM,4022.0,C,ALA,283.0,81.574,36.184,13.482,0.51,2.0,0.0
ATOM,4023.0,O,ALA,283.0,82.741,35.798,13.528,-0.51,1.7,0.0
ATOM,4024.0,CB,ALA,283.0,79.495,34.795,13.328,-0.27,2.06,4.38
ATOM,4025.0,H,ALA,283.0,78.802,36.605,15.091,0.31,0.2245,0.0
ATOM,4026.0,HA,ALA,283.0,80.931,34.729,14.814,0.09,1.32,2.18
ATOM,4027.0,HB1,ALA,283.0,79.571,33.802,13.405,0.09,1.32,4.13
ATOM,4028.0,HB2,ALA,283.0,78.569,35.078,13.574,0.09,1.32,0.0
ATOM,4029.0,HB3,ALA,283.0,79.69,35.072,12.388,0.09,1.32,0.0
ATOM,4030.0,N,GLN,284.0,81.194,37.266,12.81,-0.47,1.85,0.0
ATOM,4031.0,CA,GLN,284.0,82.134,38.045,12.017,0.07,2.275,0.0
ATOM,4032.0,C,GLN,284.0,83.364,38.449,12.835,0.51,2.0,0.0
ATOM,4033.0,O,GLN,284.0,84.499,38.304,12.375,-0.51,1.7,0.0
ATOM,4034.0,CB,GLN,284.0,81.445,39.284,11.436,-0.18,2.175,0.11
ATOM,4035.0,CG,GLN,284.0,82.296,40.086,10.443,-0.18,2.175,12.79
ATOM,4036.0,CD,GLN,284.0,82.675,39.298,9.193,0.55,2.0,1.54
ATOM,4037.0,H,GLN,284.0,80.185,37.502,12.899,0.31,0.2245,0.0
ATOM,4038.0,HA,GLN,284.0,82.453,37.469,11.253,0.09,1.32,0.0
ATOM,4039.0,HB2,GLN,284.0,80.61,38.997,10.96,0.09,1.32,0.0
ATOM,4040.0,HB3,GLN,284.0,81.195,39.898,12.19,0.09,1.32,0.44
ATOM,4041.0,HG2,GLN,284.0,81.778,40.895,10.163,0.09,1.32,0.19
ATOM,4042.0,HG3,GLN,284.0,83.136,40.373,10.905,0.09,1.32,3.99
ATOM,4043.0,OE1,GLN,284.0,81.88,39.166,8.262,-0.55,1.7,5.47
ATOM,4044.0,NE2,GLN,284.0,83.9,38.791,9.161,-0.62,1.85,0.13
ATOM,4045.0,HE21,GLN,284.0,84.217,38.243,8.367,0.32,0.2245,0.0
ATOM,4046.0,HE22,GLN,284.0,84.523,38.961,9.95,0.3,0.2245,0.13
ATOM,4047.0,N,GLY,285.0,83.134,38.929,14.053,-0.47,1.85,0.44
ATOM,4048.0,CA,GLY,285.0,84.232,39.336,14.91,-0.02,2.175,18.04
ATOM,4049.0,C,GLY,285.0,85.123,38.168,15.282,0.51,2.0,2.27
ATOM,4050.0,O,GLY,285.0,86.349,38.283,15.258,-0.51,1.7,4.91
ATOM,4051.0,H,GLY,285.0,82.138,38.983,14.323,0.31,0.2245,0.0
ATOM,4052.0,HA2,GLY,285.0,84.785,40.041,14.438,0.09,1.32,6.2
ATOM,4053.0,HA3,GLY,285.0,83.863,39.757,15.754,0.09,1.32,9.05
ATOM,4054.0,N,ALA,286.0,84.511,37.038,15.617,-0.47,1.85,2.29
ATOM,4055.0,CA,ALA,286.0,85.252,35.835,15.996,0.07,2.275,2.59
ATOM,4056.0,C,ALA,286.0,86.016,35.273,14.799,0.51,2.0,0.0
ATOM,4057.0,O,ALA,286.0,87.039,34.606,14.952,-0.51,1.7,0.0
ATOM,4058.0,CB,ALA,286.0,84.306,34.79,16.556,-0.27,2.06,14.1
ATOM,4059.0,H,ALA,286.0,83.471,37.08,15.587,0.31,0.2245,0.0
ATOM,4060.0,HA,ALA,286.0,85.913,36.075,16.714,0.09,1.32,2.6
ATOM,4061.0,HB1,ALA,286.0,83.362,35.11,16.47,0.09,1.32,0.0
ATOM,4062.0,HB2,ALA,286.0,84.412,33.934,16.05,0.09,1.32,0.0
ATOM,4063.0,HB3,ALA,286.0,84.514,34.631,17.522,0.09,1.32,4.09
ATOM,4064.0,N,MET,287.0,85.5,35.53,13.608,-0.47,1.85,0.0
ATOM,4065.0,CA,MET,287.0,86.141,35.057,12.402,0.07,2.275,0.0
ATOM,4066.0,C,MET,287.0,87.408,35.876,12.148,0.51,2.0,0.0
ATOM,4067.0,O,MET,287.0,88.496,35.313,11.99,-0.51,1.7,0.0
ATOM,4068.0,CB,MET,287.0,85.167,35.137,11.221,-0.18,2.175,0.0
ATOM,4069.0,CG,MET,287.0,84.054,34.094,11.301,-0.14,2.175,0.0
ATOM,4070.0,SD,MET,287.0,82.706,34.343,10.12,-0.09,2.0,0.0
ATOM,4071.0,CE,MET,287.0,83.143,33.204,8.839,-0.22,2.06,0.0
ATOM,4072.0,H,MET,287.0,84.623,36.083,13.619,0.31,0.2245,0.0
ATOM,4073.0,HA,MET,287.0,86.416,34.104,12.536,0.09,1.32,0.0
ATOM,4074.0,HB2,MET,287.0,84.747,36.047,11.204,0.09,1.32,0.0
ATOM,4075.0,HB3,MET,287.0,85.674,34.994,10.368,0.09,1.32,0.0
ATOM,4076.0,HG2,MET,287.0,84.479,33.161,11.176,0.09,1.32,0.22
ATOM,4077.0,HG3,MET,287.0,83.692,34.083,12.269,0.09,1.32,0.0
ATOM,4078.0,HE1,MET,287.0,84.044,33.438,8.459,0.09,1.32,0.0
ATOM,4079.0,HE2,MET,287.0,83.179,32.269,9.204,0.09,1.32,0.0
ATOM,4080.0,HE3,MET,287.0,82.463,33.236,8.1,0.09,1.32,0.0
ATOM,4081.0,N,ALA,288.0,87.278,37.202,12.173,-0.47,1.85,0.0
ATOM,4082.0,CA,ALA,288.0,88.416,38.074,11.95,0.07,2.275,0.0
ATOM,4083.0,C,ALA,288.0,89.477,37.815,13.019,0.51,2.0,0.0
ATOM,4084.0,O,ALA,288.0,90.682,37.864,12.746,-0.51,1.7,0.0
ATOM,4085.0,CB,ALA,288.0,87.974,39.532,11.962,-0.27,2.06,13.16
ATOM,4086.0,H,ALA,288.0,86.317,37.541,12.361,0.31,0.2245,0.0
ATOM,4087.0,HA,ALA,288.0,88.815,37.873,11.053,0.09,1.32,0.0
ATOM,4088.0,HB1,ALA,288.0,88.221,39.948,12.836,0.09,1.32,5.65
ATOM,4089.0,HB2,ALA,288.0,88.427,40.024,11.219,0.09,1.32,0.01
ATOM,4090.0,HB3,ALA,288.0,86.984,39.581,11.838,0.09,1.32,0.11
ATOM,4091.0,N,PHE,289.0,89.02,37.505,14.227,-0.47,1.85,0.16
ATOM,4092.0,CA,PHE,289.0,89.905,37.216,15.35,0.07,2.275,0.56
ATOM,4093.0,C,PHE,289.0,90.742,35.969,15.063,0.51,2.0,0.0
ATOM,4094.0,O,PHE,289.0,91.938,35.924,15.366,-0.51,1.7,0.0
ATOM,4095.0,CB,PHE,289.0,89.078,37.008,16.623,-0.18,2.175,3.4
ATOM,4096.0,CG,PHE,289.0,89.874,36.513,17.797,0.0,1.9924,0.46
ATOM,4097.0,CD1,PHE,289.0,90.628,37.395,18.565,-0.115,1.9924,8.75
ATOM,4098.0,CD2,PHE,289.0,89.866,35.157,18.138,-0.115,1.9924,2.31
ATOM,4099.0,CE1,PHE,289.0,91.37,36.934,19.664,-0.115,1.9924,10.26
ATOM,4100.0,CE2,PHE,289.0,90.601,34.685,19.23,-0.115,1.9924,5.5
ATOM,4101.0,CZ,PHE,289.0,91.353,35.57,19.994,-0.115,1.9924,12.13
ATOM,4102.0,H,PHE,289.0,87.978,37.486,14.303,0.31,0.2245,0.0
ATOM,4103.0,HA,PHE,289.0,90.548,37.983,15.424,0.09,1.32,0.0
ATOM,4104.0,HB2,PHE,289.0,88.678,37.879,16.869,0.09,1.32,5.14
ATOM,4105.0,HB3,PHE,289.0,88.379,36.337,16.422,0.09,1.32,0.0
ATOM,4106.0,HD1,PHE,289.0,90.647,38.362,18.342,0.115,1.3582,0.9
ATOM,4107.0,HD2,PHE,289.0,89.327,34.516,17.594,0.115,1.3582,0.0
ATOM,4108.0,HE1,PHE,289.0,91.908,37.581,20.205,0.115,1.3582,8.92
ATOM,4109.0,HE2,PHE,289.0,90.581,33.7,19.455,0.115,1.3582,9.45
ATOM,4110.0,HZ,PHE,289.0,91.88,35.247,20.774,0.115,1.3582,17.9
ATOM,4111.0,N,LEU,290.0,90.097,34.958,14.491,-0.47,1.85,0.0
ATOM,4112.0,CA,LEU,290.0,90.753,33.7,14.159,0.07,2.275,0.1
ATOM,4113.0,C,LEU,290.0,91.849,33.933,13.117,0.51,2.0,0.0
ATOM,4114.0,O,LEU,290.0,92.975,33.452,13.276,-0.51,1.7,0.14
ATOM,4115.0,CB,LEU,290.0,89.714,32.673,13.682,-0.18,2.175,0.0
ATOM,4116.0,CG,LEU,290.0,89.509,31.377,14.491,-0.09,2.275,0.62
ATOM,4117.0,CD1,LEU,290.0,89.49,31.619,15.982,-0.27,2.06,9.84
ATOM,4118.0,CD2,LEU,290.0,88.221,30.726,14.065,-0.27,2.06,0.23
ATOM,4119.0,H,LEU,290.0,89.087,35.142,14.302,0.31,0.2245,0.0
ATOM,4120.0,HA,LEU,290.0,91.181,33.33,14.988,0.09,1.32,0.07
ATOM,4121.0,HB2,LEU,290.0,88.82,33.139,13.645,0.09,1.32,0.0
ATOM,4122.0,HB3,LEU,290.0,89.965,32.398,12.746,0.09,1.32,0.0
ATOM,4123.0,HG,LEU,290.0,90.254,30.738,14.26,0.09,1.32,1.6
ATOM,4124.0,HD11,LEU,290.0,88.743,32.245,16.215,0.09,1.32,0.0
ATOM,4125.0,HD12,LEU,290.0,89.355,30.752,16.465,0.09,1.32,1.09
ATOM,4126.0,HD13,LEU,290.0,90.36,32.024,16.272,0.09,1.32,1.92
ATOM,4127.0,HD21,LEU,290.0,88.255,30.505,13.087,0.09,1.32,0.0
ATOM,4128.0,HD22,LEU,290.0,88.076,29.88,14.585,0.09,1.32,0.0
ATOM,4129.0,HD23,LEU,290.0,87.451,31.347,14.232,0.09,1.32,0.0
ATOM,4130.0,N,ASN,291.0,91.546,34.701,12.073,-0.47,1.85,0.0
ATOM,4131.0,CA,ASN,291.0,92.551,35.003,11.052,0.07,2.275,0.0
ATOM,4132.0,C,ASN,291.0,93.79,35.625,11.696,0.51,2.0,0.0
ATOM,4133.0,O,ASN,291.0,94.896,35.094,11.583,-0.51,1.7,0.0
ATOM,4134.0,CB,ASN,291.0,91.999,35.98,10.008,-0.18,2.175,0.0
ATOM,4135.0,CG,ASN,291.0,91.451,35.277,8.78,0.55,2.0,0.0
ATOM,4136.0,H,ASN,291.0,90.578,35.052,12.047,0.31,0.2245,0.0
ATOM,4137.0,HA,ASN,291.0,92.837,34.13,10.65,0.09,1.32,0.0
ATOM,4138.0,HB2,ASN,291.0,91.265,36.506,10.428,0.09,1.32,0.0
ATOM,4139.0,HB3,ASN,291.0,92.737,36.586,9.725,0.09,1.32,0.0
ATOM,4140.0,OD1,ASN,291.0,91.319,34.046,8.75,-0.55,1.7,0.0
ATOM,4141.0,ND2,ASN,291.0,91.135,36.055,7.756,-0.62,1.85,0.0
ATOM,4142.0,HD22,ASN,291.0,91.266,37.045,7.814,0.3,0.2245,0.0
ATOM,4143.0,HD21,ASN,291.0,90.763,35.654,6.916,0.32,0.2245,0.0
ATOM,4144.0,N,ARG,292.0,93.569,36.724,12.414,-0.47,1.85,0.0
ATOM,4145.0,CA,ARG,292.0,94.608,37.482,13.103,0.07,2.275,0.0
ATOM,4146.0,C,ARG,292.0,95.553,36.654,13.973,0.51,2.0,0.0
ATOM,4147.0,O,ARG,292.0,96.76,36.91,14.001,-0.51,1.7,14.03
ATOM,4148.0,CB,ARG,292.0,93.95,38.57,13.954,-0.18,2.175,0.0
ATOM,4149.0,CG,ARG,292.0,94.916,39.568,14.571,-0.18,2.175,7.89
ATOM,4150.0,CD,ARG,292.0,94.166,40.723,15.21,0.2,2.175,8.89
ATOM,4151.0,NE,ARG,292.0,94.197,40.67,16.669,-0.7,1.85,4.45
ATOM,4152.0,CZ,ARG,292.0,93.121,40.764,17.447,0.64,2.0,1.74
ATOM,4153.0,NH1,ARG,292.0,91.916,40.902,16.906,-0.8,1.85,14.61
ATOM,4154.0,NH2,ARG,292.0,93.254,40.768,18.768,-0.8,1.85,16.67
ATOM,4155.0,H,ARG,292.0,92.551,37.009,12.444,0.31,0.2245,0.0
ATOM,4156.0,HA,ARG,292.0,95.169,37.974,12.401,0.09,1.32,0.0
ATOM,4157.0,HB2,ARG,292.0,93.312,39.075,13.375,0.09,1.32,0.0
ATOM,4158.0,HB3,ARG,292.0,93.45,38.126,14.695,0.09,1.32,0.0
ATOM,4159.0,HG2,ARG,292.0,95.454,39.118,15.275,0.09,1.32,1.22
ATOM,4160.0,HG3,ARG,292.0,95.51,39.936,13.863,0.09,1.32,3.0
ATOM,4161.0,HD2,ARG,292.0,94.587,41.575,14.903,0.09,1.32,11.72
ATOM,4162.0,HD3,ARG,292.0,93.217,40.686,14.899,0.09,1.32,0.0
ATOM,4163.0,HE,ARG,292.0,95.092,40.555,17.117,0.44,0.2245,10.44
ATOM,4164.0,HH11,ARG,292.0,91.794,40.917,15.918,0.46,0.2245,2.41
ATOM,4165.0,HH12,ARG,292.0,91.111,40.992,17.505,0.46,0.2245,13.14
ATOM,4166.0,HH21,ARG,292.0,94.168,40.68,19.173,0.46,0.2245,13.38
ATOM,4167.0,HH22,ARG,292.0,92.453,40.857,19.355,0.46,0.2245,13.55
ATOM,4168.0,N,GLN,293.0,95.007,35.664,14.674,-0.47,1.85,0.0
ATOM,4169.0,CA,GLN,293.0,95.814,34.815,15.543,0.07,2.275,1.09
ATOM,4170.0,C,GLN,293.0,96.492,33.666,14.794,0.51,2.0,1.1
ATOM,4171.0,O,GLN,293.0,97.258,32.895,15.378,-0.51,1.7,30.62
ATOM,4172.0,CB,GLN,293.0,94.971,34.273,16.704,-0.18,2.175,10.77
ATOM,4173.0,CG,GLN,293.0,94.131,35.322,17.447,-0.18,2.175,3.35
ATOM,4174.0,CD,GLN,293.0,94.918,36.544,17.938,0.55,2.0,2.25
ATOM,4175.0,H,GLN,293.0,93.984,35.553,14.551,0.31,0.2245,0.0
ATOM,4176.0,HA,GLN,293.0,96.545,35.389,15.948,0.09,1.32,2.66
ATOM,4177.0,HB2,GLN,293.0,94.342,33.575,16.348,0.09,1.32,2.85
ATOM,4178.0,HB3,GLN,293.0,95.584,33.842,17.375,0.09,1.32,9.12
ATOM,4179.0,HG2,GLN,293.0,93.405,35.643,16.83,0.09,1.32,0.0
ATOM,4180.0,HG3,GLN,293.0,93.704,34.882,18.244,0.09,1.32,2.35
ATOM,4181.0,OE1,GLN,293.0,96.148,36.547,18.003,-0.55,1.7,27.85
ATOM,4182.0,NE2,GLN,293.0,94.193,37.582,18.307,-0.62,1.85,4.33
ATOM,4183.0,HE21,GLN,293.0,94.643,38.429,18.659,0.32,0.2245,4.74
ATOM,4184.0,HE22,GLN,293.0,93.18,37.533,18.238,0.3,0.2245,0.0
ATOM,4185.0,N,THR,294.0,96.199,33.546,13.505,-0.47,1.85,0.0
ATOM,4186.0,CA,THR,294.0,96.789,32.494,12.698,0.07,2.275,0.06
ATOM,4187.0,C,THR,294.0,97.852,33.028,11.728,0.51,2.0,1.18
ATOM,4188.0,O,THR,294.0,98.982,32.531,11.699,-0.51,1.7,26.99
ATOM,4189.0,CB,THR,294.0,95.704,31.729,11.929,0.14,2.275,0.0
ATOM,4190.0,OG1,THR,294.0,94.671,31.335,12.84,-0.66,1.77,12.63
ATOM,4191.0,CG2,THR,294.0,96.28,30.484,11.298,-0.27,2.06,26.94
ATOM,4192.0,H,THR,294.0,95.532,34.249,13.14,0.31,0.2245,0.0
ATOM,4193.0,HA,THR,294.0,97.238,31.825,13.312,0.09,1.32,4.26
ATOM,4194.0,HB,THR,294.0,95.293,32.349,11.232,0.09,1.32,0.0
ATOM,4195.0,HG21,THR,294.0,95.599,29.746,11.305,0.09,1.32,5.69
ATOM,4196.0,HG22,THR,294.0,96.547,30.67,10.347,0.09,1.32,0.0
ATOM,4197.0,HG23,THR,294.0,97.091,30.181,11.808,0.09,1.32,7.18
ATOM,4198.0,HG1,THR,294.0,94.047,32.104,13.015,0.43,0.2245,0.0
ATOM,4199.0,N,TYR,295.0,97.499,34.06,10.965,-0.47,1.85,0.03
ATOM,4200.0,CA,TYR,295.0,98.406,34.646,9.983,0.07,2.275,4.93
ATOM,4201.0,C,TYR,295.0,98.052,36.098,9.653,0.51,2.0,0.59
ATOM,4202.0,O,TYR,295.0,98.581,36.673,8.705,-0.51,1.7,13.71
ATOM,4203.0,CB,TYR,295.0,98.368,33.813,8.698,-0.18,2.175,16.91
ATOM,4204.0,CG,TYR,295.0,96.964,33.472,8.225,0.0,1.9924,0.36
ATOM,4205.0,CD1,TYR,295.0,96.093,34.464,7.748,-0.115,1.9924,0.78
ATOM,4206.0,CD2,TYR,295.0,96.495,32.163,8.286,-0.115,1.9924,4.63
ATOM,4207.0,CE1,TYR,295.0,94.784,34.151,7.356,-0.115,1.9924,0.0
ATOM,4208.0,CE2,TYR,295.0,95.199,31.84,7.894,-0.115,1.9924,0.89
ATOM,4209.0,CZ,TYR,295.0,94.349,32.837,7.435,0.11,1.9924,0.0
ATOM,4210.0,OH,TYR,295.0,93.068,32.496,7.062,-0.54,1.77,0.02
ATOM,4211.0,H,TYR,295.0,96.531,34.408,11.128,0.31,0.2245,0.0
ATOM,4212.0,HA,TYR,295.0,99.342,34.634,10.369,0.09,1.32,9.1
ATOM,4213.0,HB2,TYR,295.0,98.821,34.329,7.976,0.09,1.32,6.56
ATOM,4214.0,HB3,TYR,295.0,98.853,32.959,8.864,0.09,1.32,5.49
ATOM,4215.0,HD1,TYR,295.0,96.408,35.409,7.686,0.115,1.3582,0.0
ATOM,4216.0,HD2,TYR,295.0,97.1,31.439,8.617,0.115,1.3582,6.06
ATOM,4217.0,HE1,TYR,295.0,94.178,34.869,7.024,0.115,1.3582,0.0
ATOM,4218.0,HE2,TYR,295.0,94.881,30.894,7.943,0.115,1.3582,7.8
ATOM,4219.0,HH,TYR,295.0,92.418,32.981,7.644,0.43,0.2245,0.0
ATOM,4220.0,N,SER,296.0,97.192,36.694,10.469,-0.47,1.85,0.31
ATOM,4221.0,CA,SER,296.0,96.75,38.052,10.251,0.07,2.275,0.0
ATOM,4222.0,C,SER,296.0,95.945,38.095,8.942,0.51,2.0,0.0
ATOM,4223.0,O,SER,296.0,95.039,37.286,8.744,-0.51,1.7,0.0
ATOM,4224.0,CB,SER,296.0,97.948,39.011,10.212,0.05,2.175,16.39
ATOM,4225.0,OG,SER,296.0,97.527,40.367,10.172,-0.66,1.77,8.69
ATOM,4226.0,H,SER,296.0,96.872,36.103,11.266,0.31,0.2245,0.0
ATOM,4227.0,HA,SER,296.0,96.133,38.312,10.99,0.09,1.32,0.0
ATOM,4228.0,HB2,SER,296.0,98.499,38.867,11.029,0.09,1.32,9.05
ATOM,4229.0,HB3,SER,296.0,98.487,38.815,9.397,0.09,1.32,2.54
ATOM,4230.0,HG,SER,296.0,96.646,40.427,9.705,0.43,0.2245,0.0
ATOM,4231.0,N,PHE,297.0,96.291,39.018,8.05,-0.47,1.85,0.11
ATOM,4232.0,CA,PHE,297.0,95.594,39.192,6.782,0.07,2.275,0.0
ATOM,4233.0,C,PHE,297.0,95.675,37.967,5.877,0.51,2.0,0.0
ATOM,4234.0,O,PHE,297.0,96.682,37.261,5.868,-0.51,1.7,11.42
ATOM,4235.0,CB,PHE,297.0,96.166,40.409,6.036,-0.18,2.175,5.74
ATOM,4236.0,CG,PHE,297.0,96.257,41.649,6.875,0.0,1.9924,0.0
ATOM,4237.0,CD1,PHE,297.0,97.375,41.888,7.665,-0.115,1.9924,0.01
ATOM,4238.0,CD2,PHE,297.0,95.216,42.565,6.897,-0.115,1.9924,0.0
ATOM,4239.0,CE1,PHE,297.0,97.454,43.022,8.47,-0.115,1.9924,1.43
ATOM,4240.0,CE2,PHE,297.0,95.289,43.702,7.7,-0.115,1.9924,1.97
ATOM,4241.0,CZ,PHE,297.0,96.413,43.928,8.487,-0.115,1.9924,6.8
ATOM,4242.0,H,PHE,297.0,97.107,39.608,8.337,0.31,0.2245,0.0
ATOM,4243.0,HA,PHE,297.0,94.612,39.327,7.001,0.09,1.32,0.0
ATOM,4244.0,HB2,PHE,297.0,97.077,40.172,5.734,0.09,1.32,7.36
ATOM,4245.0,HB3,PHE,297.0,95.57,40.597,5.27,0.09,1.32,2.32
ATOM,4246.0,HD1,PHE,297.0,98.135,41.243,7.659,0.115,1.3582,3.58
ATOM,4247.0,HD2,PHE,297.0,94.406,42.412,6.333,0.115,1.3582,0.0
ATOM,4248.0,HE1,PHE,297.0,98.274,43.169,9.035,0.115,1.3582,10.24
ATOM,4249.0,HE2,PHE,297.0,94.519,44.359,7.707,0.115,1.3582,7.07
ATOM,4250.0,HZ,PHE,297.0,96.466,44.744,9.062,0.115,1.3582,16.63
ATOM,4251.0,N,PRO,298.0,94.589,37.674,5.14,-0.29,1.85,0.0
ATOM,4252.0,CA,PRO,298.0,94.566,36.528,4.231,0.02,2.275,0.0
ATOM,4253.0,C,PRO,298.0,95.238,36.865,2.898,0.51,2.0,0.23
ATOM,4254.0,O,PRO,298.0,95.403,38.033,2.548,-0.51,1.7,8.88
ATOM,4255.0,CB,PRO,298.0,93.06,36.253,4.071,-0.18,2.175,0.0
ATOM,4256.0,CG,PRO,298.0,92.454,37.596,4.204,-0.18,2.175,0.15
ATOM,4257.0,CD,PRO,298.0,93.219,38.177,5.368,0.0,2.175,0.13
ATOM,4258.0,HA,PRO,298.0,95.002,35.725,4.654,0.09,1.32,0.0
ATOM,4259.0,HB2,PRO,298.0,92.875,35.853,3.174,0.09,1.32,0.29
ATOM,4260.0,HB3,PRO,298.0,92.743,35.634,4.787,0.09,1.32,0.0
ATOM,4261.0,HG2,PRO,298.0,92.597,38.138,3.384,0.09,1.32,4.29
ATOM,4262.0,HG3,PRO,298.0,91.485,37.534,4.416,0.09,1.32,0.0
ATOM,4263.0,HD2,PRO,298.0,93.205,39.173,5.353,0.09,1.32,0.0
ATOM,4264.0,HD3,PRO,298.0,92.864,37.846,6.24,0.09,1.32,0.0
ATOM,4265.0,N,PRO,299.0,95.645,35.838,2.139,-0.29,1.85,0.41
ATOM,4266.0,CA,PRO,299.0,96.3,36.061,0.846,0.02,2.275,2.91
ATOM,4267.0,C,PRO,299.0,95.387,36.752,-0.168,0.51,2.0,0.0
ATOM,4268.0,O,PRO,299.0,94.333,36.23,-0.543,-0.51,1.7,3.17
ATOM,4269.0,CB,PRO,299.0,96.725,34.645,0.423,-0.18,2.175,15.06
ATOM,4270.0,CG,PRO,299.0,95.707,33.756,1.104,-0.18,2.175,0.45
ATOM,4271.0,CD,PRO,299.0,95.579,34.399,2.463,0.0,2.175,1.0
ATOM,4272.0,HA,PRO,299.0,97.158,36.588,0.968,0.09,1.32,8.04
ATOM,4273.0,HB2,PRO,299.0,96.676,34.541,-0.566,0.09,1.32,1.3
ATOM,4274.0,HB3,PRO,299.0,97.643,34.439,0.746,0.09,1.32,11.32
ATOM,4275.0,HG2,PRO,299.0,94.848,33.779,0.614,0.09,1.32,0.26
ATOM,4276.0,HG3,PRO,299.0,96.052,32.831,1.175,0.09,1.32,0.0
ATOM,4277.0,HD2,PRO,299.0,94.709,34.176,2.891,0.09,1.32,0.0
ATOM,4278.0,HD3,PRO,299.0,96.332,34.139,3.062,0.09,1.32,5.41
ATOM,4279.0,N,PHE,300.0,95.851,37.898,-0.648,-0.47,1.85,0.0
ATOM,4280.0,CA,PHE,300.0,95.131,38.754,-1.579,0.07,2.275,0.15
ATOM,4281.0,C,PHE,300.0,95.057,38.4,-3.064,0.51,2.0,0.0
ATOM,4282.0,O,PHE,300.0,93.983,38.476,-3.663,-0.51,1.7,0.0
ATOM,4283.0,CB,PHE,300.0,95.657,40.192,-1.406,-0.18,2.175,12.18
ATOM,4284.0,CG,PHE,300.0,95.11,41.181,-2.401,0.0,1.9924,0.44
ATOM,4285.0,CD1,PHE,300.0,93.942,41.882,-2.137,-0.115,1.9924,1.97
ATOM,4286.0,CD2,PHE,300.0,95.779,41.428,-3.596,-0.115,1.9924,7.01
ATOM,4287.0,CE1,PHE,300.0,93.449,42.817,-3.05,-0.115,1.9924,6.82
ATOM,4288.0,CE2,PHE,300.0,95.29,42.36,-4.514,-0.115,1.9924,5.15
ATOM,4289.0,CZ,PHE,300.0,94.127,43.053,-4.238,-0.115,1.9924,7.86
ATOM,4290.0,H,PHE,300.0,96.816,38.145,-0.287,0.31,0.2245,8.03
ATOM,4291.0,HA,PHE,300.0,94.143,38.788,-1.242,0.09,1.32,3.52
ATOM,4292.0,HB2,PHE,300.0,95.402,40.496,-0.499,0.09,1.32,4.21
ATOM,4293.0,HB3,PHE,300.0,96.641,40.164,-1.51,0.09,1.32,6.55
ATOM,4294.0,HD1,PHE,300.0,93.445,41.724,-1.29,0.115,1.3582,2.07
ATOM,4295.0,HD2,PHE,300.0,96.623,40.933,-3.802,0.115,1.3582,4.49
ATOM,4296.0,HE1,PHE,300.0,92.6,43.313,-2.837,0.115,1.3582,3.62
ATOM,4297.0,HE2,PHE,300.0,95.795,42.518,-5.377,0.115,1.3582,1.88
ATOM,4298.0,HZ,PHE,300.0,93.77,43.724,-4.887,0.115,1.3582,1.26
ATOM,4299.0,N,HIS,301.0,96.168,37.99,-3.663,-0.47,1.85,0.02
ATOM,4300.0,CA,HIS,301.0,96.181,37.737,-5.099,0.07,2.275,0.0
ATOM,4301.0,C,HIS,301.0,95.045,36.943,-5.743,0.51,2.0,0.0
ATOM,4302.0,O,HIS,301.0,94.369,37.464,-6.632,-0.51,1.7,0.0
ATOM,4303.0,CB,HIS,301.0,97.539,37.202,-5.568,-0.08,2.175,12.47
ATOM,4304.0,CG,HIS,301.0,97.756,37.344,-7.042,0.22,1.8,0.78
ATOM,4305.0,H,HIS,301.0,96.986,37.871,-3.049,0.31,0.2245,5.92
ATOM,4306.0,HA,HIS,301.0,96.226,38.662,-5.581,0.09,1.32,0.0
ATOM,4307.0,HB2,HIS,301.0,98.268,37.701,-5.09,0.09,1.32,9.7
ATOM,4308.0,HB3,HIS,301.0,97.604,36.228,-5.33,0.09,1.32,1.27
ATOM,4309.0,ND1,HIS,301.0,97.879,38.569,-7.658,-0.7,1.85,8.58
ATOM,4310.0,CD2,HIS,301.0,97.843,36.421,-8.027,-0.05,1.8,5.85
ATOM,4311.0,CE1,HIS,301.0,98.034,38.397,-8.957,0.25,1.8,14.01
ATOM,4312.0,NE2,HIS,301.0,98.017,37.101,-9.207,-0.36,1.85,5.21
ATOM,4313.0,HD2,HIS,301.0,97.79,35.431,-7.919,0.09,1.468,0.0
ATOM,4314.0,HE1,HIS,301.0,98.144,39.119,-9.633,0.13,0.9,7.46
ATOM,4315.0,HE2,HIS,301.0,98.116,36.681,-10.112,0.32,0.2245,0.17
ATOM,4316.0,N,GLY,302.0,94.872,35.684,-5.349,-0.47,1.85,0.0
ATOM,4317.0,CA,GLY,302.0,93.825,34.859,-5.93,-0.02,2.175,0.0
ATOM,4318.0,C,GLY,302.0,92.424,35.393,-5.685,0.51,2.0,0.0
ATOM,4319.0,O,GLY,302.0,91.556,35.3,-6.555,-0.51,1.7,0.0
ATOM,4320.0,H,GLY,302.0,95.526,35.358,-4.619,0.31,0.2245,0.42
ATOM,4321.0,HA2,GLY,302.0,93.98,34.778,-6.934,0.09,1.32,0.0
ATOM,4322.0,HA3,GLY,302.0,93.893,33.915,-5.551,0.09,1.32,0.0
ATOM,4323.0,N,ALA,303.0,92.206,35.962,-4.504,-0.47,1.85,0.0
ATOM,4324.0,CA,ALA,303.0,90.91,36.517,-4.134,0.07,2.275,0.0
ATOM,4325.0,C,ALA,303.0,90.52,37.648,-5.072,0.51,2.0,0.0
ATOM,4326.0,O,ALA,303.0,89.367,37.736,-5.502,-0.51,1.7,0.0
ATOM,4327.0,CB,ALA,303.0,90.933,37.015,-2.702,-0.27,2.06,5.95
ATOM,4328.0,H,ALA,303.0,93.035,35.977,-3.871,0.31,0.2245,0.0
ATOM,4329.0,HA,ALA,303.0,90.216,35.79,-4.199,0.09,1.32,0.0
ATOM,4330.0,HB1,ALA,303.0,91.748,36.668,-2.237,0.09,1.32,0.0
ATOM,4331.0,HB2,ALA,303.0,90.949,38.015,-2.693,0.09,1.32,1.35
ATOM,4332.0,HB3,ALA,303.0,90.117,36.694,-2.22,0.09,1.32,0.0
ATOM,4333.0,N,LYS,304.0,91.492,38.478,-5.441,-0.47,1.85,0.06
ATOM,4334.0,CA,LYS,304.0,91.229,39.605,-6.331,0.07,2.275,1.61
ATOM,4335.0,C,LYS,304.0,90.962,39.166,-7.764,0.51,2.0,0.0
ATOM,4336.0,O,LYS,304.0,90.319,39.881,-8.534,-0.51,1.7,0.0
ATOM,4337.0,CB,LYS,304.0,92.381,40.605,-6.29,-0.18,2.175,0.01
ATOM,4338.0,CG,LYS,304.0,92.161,41.844,-7.156,-0.18,2.175,0.0
ATOM,4339.0,CD,LYS,304.0,90.995,42.683,-6.655,-0.18,2.175,1.35
ATOM,4340.0,CE,LYS,304.0,90.913,44.023,-7.37,0.21,2.175,6.27
ATOM,4341.0,NZ,LYS,304.0,89.873,44.884,-6.753,-0.3,1.85,10.23
ATOM,4342.0,H,LYS,304.0,92.426,38.26,-5.052,0.31,0.2245,0.0
ATOM,4343.0,HA,LYS,304.0,90.417,40.106,-5.989,0.09,1.32,0.53
ATOM,4344.0,HB2,LYS,304.0,92.505,40.905,-5.346,0.09,1.32,0.0
ATOM,4345.0,HB3,LYS,304.0,93.208,40.146,-6.609,0.09,1.32,0.0
ATOM,4346.0,HG2,LYS,304.0,92.992,42.401,-7.14,0.09,1.32,0.0
ATOM,4347.0,HG3,LYS,304.0,91.973,41.554,-8.095,0.09,1.32,0.0
ATOM,4348.0,HD2,LYS,304.0,90.147,42.185,-6.817,0.09,1.32,0.0
ATOM,4349.0,HD3,LYS,304.0,91.113,42.851,-5.68,0.09,1.32,0.09
ATOM,4350.0,HE2,LYS,304.0,91.8,44.478,-7.308,0.05,1.32,0.0
ATOM,4351.0,HE3,LYS,304.0,90.685,43.865,-8.33,0.05,1.32,3.45
ATOM,4352.0,HZ1,LYS,304.0,89.383,44.365,-6.053,0.33,0.2245,3.86
ATOM,4353.0,HZ2,LYS,304.0,90.306,45.682,-6.334,0.33,0.2245,18.39
ATOM,4354.0,HZ3,LYS,304.0,89.229,45.185,-7.457,0.33,0.2245,12.15
ATOM,4355.0,N,ILE,305.0,91.485,38.003,-8.135,-0.47,1.85,0.0
ATOM,4356.0,CA,ILE,305.0,91.273,37.478,-9.477,0.07,2.275,0.0
ATOM,4357.0,C,ILE,305.0,89.815,37.05,-9.56,0.51,2.0,0.0
ATOM,4358.0,O,ILE,305.0,89.113,37.377,-10.513,-0.51,1.7,0.0
ATOM,4359.0,CB,ILE,305.0,92.197,36.273,-9.766,-0.09,2.275,0.0
ATOM,4360.0,CG1,ILE,305.0,93.647,36.743,-9.881,-0.18,2.175,0.0
ATOM,4361.0,CG2,ILE,305.0,91.755,35.54,-11.038,-0.27,2.06,0.0
ATOM,4362.0,CD1,ILE,305.0,94.595,35.643,-10.242,-0.27,2.06,0.39
ATOM,4363.0,H,ILE,305.0,92.039,37.518,-7.408,0.31,0.2245,0.0
ATOM,4364.0,HA,ILE,305.0,91.381,38.243,-10.098,0.09,1.32,0.0
ATOM,4365.0,HB,ILE,305.0,92.133,35.65,-8.997,0.09,1.32,0.0
ATOM,4366.0,HG12,ILE,305.0,93.689,37.459,-10.575,0.09,1.32,0.0
ATOM,4367.0,HG13,ILE,305.0,93.916,37.132,-9.001,0.09,1.32,0.0
ATOM,4368.0,HG21,ILE,305.0,92.341,34.746,-11.179,0.09,1.32,0.0
ATOM,4369.0,HG22,ILE,305.0,90.808,35.246,-10.935,0.09,1.32,0.0
ATOM,4370.0,HG23,ILE,305.0,91.832,36.158,-11.816,0.09,1.32,0.0
ATOM,4371.0,HD11,ILE,305.0,94.337,35.248,-11.126,0.09,1.32,0.0
ATOM,4372.0,HD12,ILE,305.0,95.527,36.005,-10.304,0.09,1.32,0.0
ATOM,4373.0,HD13,ILE,305.0,94.567,34.927,-9.542,0.09,1.32,0.0
ATOM,4374.0,N,VAL,306.0,89.357,36.39,-8.504,-0.47,1.85,0.0
ATOM,4375.0,CA,VAL,306.0,87.988,35.905,-8.414,0.07,2.275,0.0
ATOM,4376.0,C,VAL,306.0,86.965,37.043,-8.452,0.51,2.0,0.0
ATOM,4377.0,O,VAL,306.0,86.056,37.021,-9.28,-0.51,1.7,0.0
ATOM,4378.0,CB,VAL,306.0,87.802,35.031,-7.148,-0.09,2.275,0.0
ATOM,4379.0,CG1,VAL,306.0,86.351,34.576,-7.015,-0.27,2.06,0.0
ATOM,4380.0,CG2,VAL,306.0,88.735,33.833,-7.212,-0.27,2.06,0.0
ATOM,4381.0,H,VAL,306.0,90.063,36.249,-7.744,0.31,0.2245,0.0
ATOM,4382.0,HA,VAL,306.0,87.811,35.307,-9.211,0.09,1.32,0.0
ATOM,4383.0,HB,VAL,306.0,88.002,35.601,-6.358,0.09,1.32,0.0
ATOM,4384.0,HG11,VAL,306.0,85.746,35.366,-7.108,0.09,1.32,0.0
ATOM,4385.0,HG12,VAL,306.0,86.145,33.91,-7.731,0.09,1.32,0.0
ATOM,4386.0,HG13,VAL,306.0,86.216,34.155,-6.119,0.09,1.32,0.0
ATOM,4387.0,HG21,VAL,306.0,89.279,33.792,-6.374,0.09,1.32,0.0
ATOM,4388.0,HG22,VAL,306.0,88.194,32.997,-7.302,0.09,1.32,0.0
ATOM,4389.0,HG23,VAL,306.0,89.341,33.927,-8.002,0.09,1.32,0.0
ATOM,4390.0,N,SER,307.0,87.153,38.058,-7.606,-0.47,1.85,0.0
ATOM,4391.0,CA,SER,307.0,86.244,39.202,-7.555,0.07,2.275,0.0
ATOM,4392.0,C,SER,307.0,86.18,39.951,-8.888,0.51,2.0,0.0
ATOM,4393.0,O,SER,307.0,85.109,40.381,-9.314,-0.51,1.7,0.0
ATOM,4394.0,CB,SER,307.0,86.623,40.154,-6.411,0.05,2.175,0.0
ATOM,4395.0,OG,SER,307.0,87.915,40.718,-6.577,-0.66,1.77,1.42
ATOM,4396.0,H,SER,307.0,87.989,37.965,-6.996,0.31,0.2245,0.0
ATOM,4397.0,HA,SER,307.0,85.316,38.855,-7.352,0.09,1.32,0.0
ATOM,4398.0,HB2,SER,307.0,85.949,40.893,-6.374,0.09,1.32,0.0
ATOM,4399.0,HB3,SER,307.0,86.601,39.643,-5.551,0.09,1.32,0.0
ATOM,4400.0,HG,SER,307.0,87.828,41.688,-6.799,0.43,0.2245,0.0
ATOM,4401.0,N,THR,308.0,87.329,40.074,-9.548,-0.47,1.85,0.0
ATOM,4402.0,CA,THR,308.0,87.454,40.729,-10.85,0.07,2.275,0.16
ATOM,4403.0,C,THR,308.0,86.629,40.02,-11.928,0.51,2.0,0.0
ATOM,4404.0,O,THR,308.0,85.945,40.668,-12.727,-0.51,1.7,0.0
ATOM,4405.0,CB,THR,308.0,88.931,40.704,-11.318,0.14,2.275,0.0
ATOM,4406.0,OG1,THR,308.0,89.736,41.397,-10.368,-0.66,1.77,2.24
ATOM,4407.0,CG2,THR,308.0,89.099,41.346,-12.679,-0.27,2.06,9.31
ATOM,4408.0,H,THR,308.0,88.154,39.654,-9.047,0.31,0.2245,0.0
ATOM,4409.0,HA,THR,308.0,87.113,41.676,-10.766,0.09,1.32,2.9
ATOM,4410.0,HB,THR,308.0,89.24,39.734,-11.359,0.09,1.32,0.0
ATOM,4411.0,HG21,THR,308.0,88.325,41.957,-12.869,0.09,1.32,0.91
ATOM,4412.0,HG22,THR,308.0,89.949,41.879,-12.705,0.09,1.32,0.95
ATOM,4413.0,HG23,THR,308.0,89.137,40.639,-13.39,0.09,1.32,0.0
ATOM,4414.0,HG1,THR,308.0,90.019,40.778,-9.626,0.43,0.2245,0.0
ATOM,4415.0,N,VAL,309.0,86.755,38.695,-11.984,-0.47,1.85,0.0
ATOM,4416.0,CA,VAL,309.0,86.06,37.881,-12.97,0.07,2.275,0.0
ATOM,4417.0,C,VAL,309.0,84.556,37.946,-12.755,0.51,2.0,0.0
ATOM,4418.0,O,VAL,309.0,83.8,38.234,-13.674,-0.51,1.7,0.0
ATOM,4419.0,CB,VAL,309.0,86.55,36.406,-12.901,-0.09,2.275,0.0
ATOM,4420.0,CG1,VAL,309.0,85.771,35.521,-13.856,-0.27,2.06,0.0
ATOM,4421.0,CG2,VAL,309.0,88.042,36.331,-13.224,-0.27,2.06,0.0
ATOM,4422.0,H,VAL,309.0,87.394,38.294,-11.26,0.31,0.2245,0.0
ATOM,4423.0,HA,VAL,309.0,86.26,38.254,-13.883,0.09,1.32,0.0
ATOM,4424.0,HB,VAL,309.0,86.369,36.078,-11.977,0.09,1.32,0.0
ATOM,4425.0,HG11,VAL,309.0,84.922,35.979,-14.122,0.09,1.32,0.0
ATOM,4426.0,HG12,VAL,309.0,86.32,35.343,-14.673,0.09,1.32,0.0
ATOM,4427.0,HG13,VAL,309.0,85.553,34.653,-13.408,0.09,1.32,0.0
ATOM,4428.0,HG21,VAL,309.0,88.452,35.585,-12.701,0.09,1.32,0.0
ATOM,4429.0,HG22,VAL,309.0,88.157,36.163,-14.202,0.09,1.32,0.0
ATOM,4430.0,HG23,VAL,309.0,88.474,37.197,-12.976,0.09,1.32,0.0
ATOM,4431.0,N,LEU,310.0,84.144,37.721,-11.516,-0.47,1.85,0.0
ATOM,4432.0,CA,LEU,310.0,82.741,37.729,-11.135,0.07,2.275,0.0
ATOM,4433.0,C,LEU,310.0,82.035,39.072,-11.313,0.51,2.0,0.0
ATOM,4434.0,O,LEU,310.0,80.859,39.106,-11.677,-0.51,1.7,9.08
ATOM,4435.0,CB,LEU,310.0,82.608,37.242,-9.687,-0.18,2.175,0.0
ATOM,4436.0,CG,LEU,310.0,82.304,35.758,-9.429,-0.09,2.275,0.01
ATOM,4437.0,CD1,LEU,310.0,82.986,34.855,-10.443,-0.27,2.06,0.0
ATOM,4438.0,CD2,LEU,310.0,82.706,35.397,-8.004,-0.27,2.06,0.0
ATOM,4439.0,H,LEU,310.0,84.918,37.536,-10.833,0.31,0.2245,0.0
ATOM,4440.0,HA,LEU,310.0,82.248,37.037,-11.704,0.09,1.32,0.0
ATOM,4441.0,HB2,LEU,310.0,83.473,37.451,-9.214,0.09,1.32,0.0
ATOM,4442.0,HB3,LEU,310.0,81.872,37.773,-9.253,0.09,1.32,2.02
ATOM,4443.0,HG,LEU,310.0,81.31,35.621,-9.475,0.09,1.32,0.0
ATOM,4444.0,HD11,LEU,310.0,83.977,34.984,-10.394,0.09,1.32,0.0
ATOM,4445.0,HD12,LEU,310.0,82.765,33.9,-10.243,0.09,1.32,0.0
ATOM,4446.0,HD13,LEU,310.0,82.667,35.083,-11.364,0.09,1.32,0.0
ATOM,4447.0,HD21,LEU,310.0,82.189,35.96,-7.359,0.09,1.32,0.0
ATOM,4448.0,HD22,LEU,310.0,82.508,34.431,-7.836,0.09,1.32,0.0
ATOM,4449.0,HD23,LEU,310.0,83.685,35.563,-7.881,0.09,1.32,0.0
ATOM,4450.0,N,THR,311.0,82.744,40.172,-11.056,-0.47,1.85,0.0
ATOM,4451.0,CA,THR,311.0,82.155,41.507,-11.178,0.07,2.275,0.79
ATOM,4452.0,C,THR,311.0,82.258,42.116,-12.572,0.51,2.0,0.26
ATOM,4453.0,O,THR,311.0,81.573,43.096,-12.877,-0.51,1.7,20.57
ATOM,4454.0,CB,THR,311.0,82.748,42.497,-10.144,0.14,2.275,4.03
ATOM,4455.0,OG1,THR,311.0,84.151,42.666,-10.384,-0.66,1.77,5.64
ATOM,4456.0,CG2,THR,311.0,82.531,41.982,-8.72,-0.27,2.06,9.13
ATOM,4457.0,H,THR,311.0,83.724,40.003,-10.769,0.31,0.2245,0.0
ATOM,4458.0,HA,THR,311.0,81.167,41.44,-10.933,0.09,1.32,7.08
ATOM,4459.0,HB,THR,311.0,82.292,43.401,-10.262,0.09,1.32,9.29
ATOM,4460.0,HG21,THR,311.0,81.792,42.499,-8.285,0.09,1.32,11.0
ATOM,4461.0,HG22,THR,311.0,82.285,41.012,-8.747,0.09,1.32,0.1
ATOM,4462.0,HG23,THR,311.0,83.372,42.096,-8.19,0.09,1.32,0.0
ATOM,4463.0,HG1,THR,311.0,84.666,41.889,-10.006,0.43,0.2245,0.0
ATOM,4464.0,N,THR,312.0,83.126,41.56,-13.408,-0.47,1.85,0.0
ATOM,4465.0,CA,THR,312.0,83.3,42.054,-14.768,0.07,2.275,0.48
ATOM,4466.0,C,THR,312.0,82.549,41.126,-15.724,0.51,2.0,0.0
ATOM,4467.0,O,THR,312.0,83.065,40.076,-16.11,-0.51,1.7,0.0
ATOM,4468.0,CB,THR,312.0,84.791,42.096,-15.16,0.14,2.275,0.0
ATOM,4469.0,OG1,THR,312.0,85.521,42.87,-14.2,-0.66,1.77,14.47
ATOM,4470.0,CG2,THR,312.0,84.966,42.71,-16.544,-0.27,2.06,13.19
ATOM,4471.0,H,THR,312.0,83.659,40.759,-13.017,0.31,0.2245,0.0
ATOM,4472.0,HA,THR,312.0,82.897,42.964,-14.834,0.09,1.32,1.55
ATOM,4473.0,HB,THR,312.0,85.16,41.145,-15.149,0.09,1.32,0.0
ATOM,4474.0,HG21,THR,312.0,85.835,42.408,-16.941,0.09,1.32,1.61
ATOM,4475.0,HG22,THR,312.0,84.214,42.422,-17.14,0.09,1.32,0.0
ATOM,4476.0,HG23,THR,312.0,84.966,43.71,-16.474,0.09,1.32,10.69
ATOM,4477.0,HG1,THR,312.0,85.135,42.741,-13.281,0.43,0.2245,1.9
ATOM,4478.0,N,PRO,313.0,81.358,41.55,-16.187,-0.29,1.85,0.28
ATOM,4479.0,CA,PRO,313.0,80.461,40.828,-17.101,0.02,2.275,2.3
ATOM,4480.0,C,PRO,313.0,81.202,40.076,-18.195,0.51,2.0,0.84
ATOM,4481.0,O,PRO,313.0,80.98,38.889,-18.421,-0.51,1.7,3.46
ATOM,4482.0,CB,PRO,313.0,79.623,41.953,-17.703,-0.18,2.175,13.97
ATOM,4483.0,CG,PRO,313.0,79.509,42.92,-16.577,-0.18,2.175,21.56
ATOM,4484.0,CD,PRO,313.0,80.921,42.952,-16.034,0.0,2.175,10.03
ATOM,4485.0,HA,PRO,313.0,79.857,40.199,-16.578,0.09,1.32,3.81
ATOM,4486.0,HB2,PRO,313.0,80.09,42.363,-18.484,0.09,1.32,0.0
ATOM,4487.0,HB3,PRO,313.0,78.727,41.617,-17.982,0.09,1.32,11.72
ATOM,4488.0,HG2,PRO,313.0,79.237,43.817,-16.904,0.09,1.32,11.0
ATOM,4489.0,HG3,PRO,313.0,78.875,42.591,-15.888,0.09,1.32,11.12
ATOM,4490.0,HD2,PRO,313.0,81.501,43.561,-16.568,0.09,1.32,1.55
ATOM,4491.0,HD3,PRO,313.0,80.935,43.222,-15.074,0.09,1.32,0.0
ATOM,4492.0,N,GLU,314.0,82.126,40.785,-18.829,-0.47,1.85,0.07
ATOM,4493.0,CA,GLU,314.0,82.94,40.264,-19.916,0.07,2.275,1.3
ATOM,4494.0,C,GLU,314.0,83.74,39.037,-19.496,0.51,2.0,0.0
ATOM,4495.0,O,GLU,314.0,83.788,38.043,-20.217,-0.51,1.7,8.65
ATOM,4496.0,CB,GLU,314.0,83.886,41.363,-20.412,-0.18,2.175,9.04
ATOM,4497.0,CG,GLU,314.0,83.188,42.605,-20.987,-0.28,2.175,21.35
ATOM,4498.0,CD,GLU,314.0,82.298,43.331,-19.98,0.62,2.0,3.22
ATOM,4499.0,OE1,GLU,314.0,82.783,43.671,-18.876,-0.76,1.7,12.14
ATOM,4500.0,OE2,GLU,314.0,81.105,43.553,-20.293,-0.76,1.7,30.48
ATOM,4501.0,H,GLU,314.0,82.222,41.773,-18.473,0.31,0.2245,0.0
ATOM,4502.0,HA,GLU,314.0,82.346,40.023,-20.7,0.09,1.32,7.45
ATOM,4503.0,HB2,GLU,314.0,84.43,41.662,-19.646,0.09,1.32,0.03
ATOM,4504.0,HB3,GLU,314.0,84.443,40.982,-21.13,0.09,1.32,9.47
ATOM,4505.0,HG2,GLU,314.0,83.884,43.237,-21.278,0.09,1.32,11.04
ATOM,4506.0,HG3,GLU,314.0,82.616,42.316,-21.733,0.09,1.32,8.95
ATOM,4507.0,N,LEU,315.0,84.364,39.105,-18.327,-0.47,1.85,0.0
ATOM,4508.0,CA,LEU,315.0,85.161,37.992,-17.829,0.07,2.275,0.0
ATOM,4509.0,C,LEU,315.0,84.269,36.869,-17.333,0.51,2.0,0.0
ATOM,4510.0,O,LEU,315.0,84.432,35.713,-17.74,-0.51,1.7,0.0
ATOM,4511.0,CB,LEU,315.0,86.095,38.454,-16.709,-0.18,2.175,0.0
ATOM,4512.0,CG,LEU,315.0,87.503,38.947,-17.058,-0.09,2.275,0.0
ATOM,4513.0,CD1,LEU,315.0,87.656,39.186,-18.541,-0.27,2.06,15.08
ATOM,4514.0,CD2,LEU,315.0,87.807,40.202,-16.259,-0.27,2.06,1.08
ATOM,4515.0,H,LEU,315.0,84.238,39.996,-17.813,0.31,0.2245,0.0
ATOM,4516.0,HA,LEU,315.0,85.728,37.641,-18.583,0.09,1.32,0.0
ATOM,4517.0,HB2,LEU,315.0,85.633,39.207,-16.218,0.09,1.32,0.0
ATOM,4518.0,HB3,LEU,315.0,86.203,37.684,-16.065,0.09,1.32,0.0
ATOM,4519.0,HG,LEU,315.0,88.168,38.257,-16.756,0.09,1.32,0.0
ATOM,4520.0,HD11,LEU,315.0,86.998,39.879,-18.844,0.09,1.32,0.25
ATOM,4521.0,HD12,LEU,315.0,88.584,39.507,-18.74,0.09,1.32,0.0
ATOM,4522.0,HD13,LEU,315.0,87.489,38.334,-19.042,0.09,1.32,1.82
ATOM,4523.0,HD21,LEU,315.0,87.758,39.998,-15.28,0.09,1.32,0.0
ATOM,4524.0,HD22,LEU,315.0,88.726,40.529,-16.483,0.09,1.32,0.0
ATOM,4525.0,HD23,LEU,315.0,87.139,40.913,-16.483,0.09,1.32,0.0
ATOM,4526.0,N,ARG,316.0,83.315,37.221,-16.474,-0.47,1.85,0.0
ATOM,4527.0,CA,ARG,316.0,82.374,36.264,-15.896,0.07,2.275,0.0
ATOM,4528.0,C,ARG,316.0,81.794,35.358,-16.977,0.51,2.0,0.0
ATOM,4529.0,O,ARG,316.0,81.776,34.127,-16.836,-0.51,1.7,0.0
ATOM,4530.0,CB,ARG,316.0,81.244,37.009,-15.184,-0.18,2.175,0.05
ATOM,4531.0,CG,ARG,316.0,80.319,36.126,-14.361,-0.18,2.175,0.5
ATOM,4532.0,CD,ARG,316.0,79.195,36.949,-13.738,0.2,2.175,13.56
ATOM,4533.0,NE,ARG,316.0,78.956,36.576,-12.343,-0.7,1.85,4.33
ATOM,4534.0,CZ,ARG,316.0,78.183,35.565,-11.955,0.64,2.0,2.01
ATOM,4535.0,NH1,ARG,316.0,77.557,34.816,-12.857,-0.8,1.85,11.42
ATOM,4536.0,NH2,ARG,316.0,78.054,35.288,-10.662,-0.8,1.85,11.28
ATOM,4537.0,H,ARG,316.0,83.297,38.243,-16.248,0.31,0.2245,0.0
ATOM,4538.0,HA,ARG,316.0,82.862,35.694,-15.226,0.09,1.32,0.0
ATOM,4539.0,HB2,ARG,316.0,81.653,37.684,-14.571,0.09,1.32,0.0
ATOM,4540.0,HB3,ARG,316.0,80.693,37.474,-15.875,0.09,1.32,0.59
ATOM,4541.0,HG2,ARG,316.0,79.909,35.436,-14.946,0.09,1.32,0.0
ATOM,4542.0,HG3,ARG,316.0,80.832,35.7,-13.625,0.09,1.32,0.0
ATOM,4543.0,HD2,ARG,316.0,79.455,37.908,-13.783,0.09,1.32,1.3
ATOM,4544.0,HD3,ARG,316.0,78.368,36.79,-14.268,0.09,1.32,6.75
ATOM,4545.0,HE,ARG,316.0,79.408,37.123,-11.628,0.44,0.2245,1.26
ATOM,4546.0,HH11,ARG,316.0,77.671,34.984,-13.832,0.46,0.2245,2.25
ATOM,4547.0,HH12,ARG,316.0,76.96,34.066,-12.55,0.46,0.2245,6.12
ATOM,4548.0,HH21,ARG,316.0,78.557,35.832,-9.986,0.46,0.2245,4.85
ATOM,4549.0,HH22,ARG,316.0,77.462,34.543,-10.364,0.46,0.2245,7.4
ATOM,4550.0,N,ALA,317.0,81.357,35.974,-18.071,-0.47,1.85,0.29
ATOM,4551.0,CA,ALA,317.0,80.783,35.238,-19.181,0.07,2.275,3.59
ATOM,4552.0,C,ALA,317.0,81.796,34.241,-19.717,0.51,2.0,0.19
ATOM,4553.0,O,ALA,317.0,81.493,33.055,-19.837,-0.51,1.7,4.31
ATOM,4554.0,CB,ALA,317.0,80.346,36.193,-20.279,-0.27,2.06,30.94
ATOM,4555.0,H,ALA,317.0,81.462,37.008,-18.058,0.31,0.2245,0.0
ATOM,4556.0,HA,ALA,317.0,79.977,34.734,-18.858,0.09,1.32,4.14
ATOM,4557.0,HB1,ALA,317.0,80.901,37.024,-20.242,0.09,1.32,0.0
ATOM,4558.0,HB2,ALA,317.0,80.464,35.756,-21.171,0.09,1.32,9.88
ATOM,4559.0,HB3,ALA,317.0,79.383,36.432,-20.152,0.09,1.32,11.77
ATOM,4560.0,N,ASP,318.0,83.012,34.71,-19.986,-0.47,1.85,0.57
ATOM,4561.0,CA,ASP,318.0,84.058,33.841,-20.517,0.07,2.275,2.54
ATOM,4562.0,C,ASP,318.0,84.416,32.695,-19.554,0.51,2.0,0.0
ATOM,4563.0,O,ASP,318.0,84.646,31.556,-19.987,-0.51,1.7,0.0
ATOM,4564.0,CB,ASP,318.0,85.303,34.663,-20.88,-0.28,2.175,5.83
ATOM,4565.0,CG,ASP,318.0,86.29,33.891,-21.756,0.62,2.0,3.36
ATOM,4566.0,OD1,ASP,318.0,85.888,33.394,-22.837,-0.76,1.7,23.15
ATOM,4567.0,OD2,ASP,318.0,87.475,33.783,-21.367,-0.76,1.7,7.06
ATOM,4568.0,H,ASP,318.0,83.147,35.717,-19.791,0.31,0.2245,0.0
ATOM,4569.0,HA,ASP,318.0,83.695,33.41,-21.357,0.09,1.32,2.69
ATOM,4570.0,HB2,ASP,318.0,85.005,35.469,-21.376,0.09,1.32,5.19
ATOM,4571.0,HB3,ASP,318.0,85.76,34.918,-20.038,0.09,1.32,0.0
ATOM,4572.0,N,TRP,319.0,84.434,32.992,-18.256,-0.47,1.85,0.0
ATOM,4573.0,CA,TRP,319.0,84.76,31.997,-17.24,0.07,2.275,0.0
ATOM,4574.0,C,TRP,319.0,83.73,30.878,-17.192,0.51,2.0,0.0
ATOM,4575.0,O,TRP,319.0,84.088,29.704,-17.281,-0.51,1.7,0.0
ATOM,4576.0,CB,TRP,319.0,84.881,32.65,-15.863,-0.18,2.175,0.0
ATOM,4577.0,CG,TRP,319.0,84.948,31.66,-14.727,-0.03,1.9924,0.0
ATOM,4578.0,CD1,TRP,319.0,85.962,30.779,-14.455,0.035,1.9924,0.0
ATOM,4579.0,CD2,TRP,319.0,83.951,31.446,-13.724,-0.02,1.8,0.0
ATOM,4580.0,NE1,TRP,319.0,85.65,30.032,-13.351,-0.61,1.85,0.0
ATOM,4581.0,CE2,TRP,319.0,84.422,30.419,-12.878,0.13,1.8,0.0
ATOM,4582.0,CE3,TRP,319.0,82.703,32.024,-13.454,-0.115,1.9924,0.0
ATOM,4583.0,CZ2,TRP,319.0,83.689,29.956,-11.779,-0.115,1.9924,0.0
ATOM,4584.0,CZ3,TRP,319.0,81.97,31.562,-12.354,-0.115,1.9924,0.0
ATOM,4585.0,CH2,TRP,319.0,82.469,30.538,-11.534,-0.115,1.9924,0.0
ATOM,4586.0,H,TRP,319.0,84.199,33.981,-18.034,0.31,0.2245,0.0
ATOM,4587.0,HA,TRP,319.0,85.647,31.584,-17.489,0.09,1.32,0.0
ATOM,4588.0,HB2,TRP,319.0,85.715,33.187,-15.83,0.09,1.32,0.0
ATOM,4589.0,HB3,TRP,319.0,84.086,33.223,-15.704,0.09,1.32,0.0
ATOM,4590.0,HD1,TRP,319.0,86.803,30.696,-14.985,0.115,1.3582,0.0
ATOM,4591.0,HE1,TRP,319.0,86.223,29.316,-12.949,0.38,0.2245,0.0
ATOM,4592.0,HE3,TRP,319.0,82.336,32.75,-14.026,0.115,1.3582,0.0
ATOM,4593.0,HZ2,TRP,319.0,84.057,29.222,-11.2,0.115,1.3582,0.0
ATOM,4594.0,HZ3,TRP,319.0,81.087,31.97,-12.16,0.115,1.3582,0.0
ATOM,4595.0,HH2,TRP,319.0,81.919,30.233,-10.758,0.115,1.3582,0.0
ATOM,4596.0,N,MET,320.0,82.459,31.248,-17.035,-0.47,1.85,0.0
ATOM,4597.0,CA,MET,320.0,81.369,30.276,-16.986,0.07,2.275,0.21
ATOM,4598.0,C,MET,320.0,81.417,29.408,-18.243,0.51,2.0,0.39
ATOM,4599.0,O,MET,320.0,81.163,28.203,-18.189,-0.51,1.7,0.51
ATOM,4600.0,CB,MET,320.0,80.002,30.984,-16.889,-0.18,2.175,7.24
ATOM,4601.0,CG,MET,320.0,79.754,31.744,-15.584,-0.14,2.175,0.0
ATOM,4602.0,SD,MET,320.0,78.185,32.663,-15.541,-0.09,2.0,18.45
ATOM,4603.0,CE,MET,320.0,77.434,31.996,-14.094,-0.22,2.06,17.48
ATOM,4604.0,H,MET,320.0,82.314,32.274,-16.952,0.31,0.2245,0.0
ATOM,4605.0,HA,MET,320.0,81.512,29.683,-16.196,0.09,1.32,0.0
ATOM,4606.0,HB2,MET,320.0,79.921,31.638,-17.657,0.09,1.32,1.21
ATOM,4607.0,HB3,MET,320.0,79.272,30.292,-16.997,0.09,1.32,7.32
ATOM,4608.0,HG2,MET,320.0,79.798,31.07,-14.806,0.09,1.32,0.0
ATOM,4609.0,HG3,MET,320.0,80.549,32.381,-15.425,0.09,1.32,0.0
ATOM,4610.0,HE1,MET,320.0,76.582,31.516,-14.331,0.09,1.32,11.52
ATOM,4611.0,HE2,MET,320.0,78.055,31.343,-13.646,0.09,1.32,0.0
ATOM,4612.0,HE3,MET,320.0,77.217,32.73,-13.441,0.09,1.32,0.0
ATOM,4613.0,N,ALA,321.0,81.773,30.025,-19.365,-0.47,1.85,0.42
ATOM,4614.0,CA,ALA,321.0,81.863,29.313,-20.631,0.07,2.275,3.21
ATOM,4615.0,C,ALA,321.0,82.953,28.242,-20.607,0.51,2.0,0.0
ATOM,4616.0,O,ALA,321.0,82.768,27.134,-21.127,-0.51,1.7,5.78
ATOM,4617.0,CB,ALA,321.0,82.114,30.289,-21.766,-0.27,2.06,21.92
ATOM,4618.0,H,ALA,321.0,81.977,31.038,-19.26,0.31,0.2245,0.0
ATOM,4619.0,HA,ALA,321.0,80.977,28.861,-20.816,0.09,1.32,6.01
ATOM,4620.0,HB1,ALA,321.0,82.489,29.799,-22.554,0.09,1.32,6.93
ATOM,4621.0,HB2,ALA,321.0,81.254,30.728,-22.028,0.09,1.32,10.42
ATOM,4622.0,HB3,ALA,321.0,82.766,30.988,-21.471,0.09,1.32,0.0
ATOM,4623.0,N,GLU,322.0,84.093,28.571,-20.008,-0.47,1.85,0.0
ATOM,4624.0,CA,GLU,322.0,85.191,27.623,-19.946,0.07,2.275,0.0
ATOM,4625.0,C,GLU,322.0,84.876,26.517,-18.963,0.51,2.0,0.0
ATOM,4626.0,O,GLU,322.0,85.096,25.345,-19.264,-0.51,1.7,0.0
ATOM,4627.0,CB,GLU,322.0,86.505,28.317,-19.589,-0.18,2.175,0.0
ATOM,4628.0,CG,GLU,322.0,87.716,27.402,-19.656,-0.28,2.175,1.68
ATOM,4629.0,CD,GLU,322.0,89.03,28.154,-19.727,0.62,2.0,0.0
ATOM,4630.0,OE1,GLU,322.0,89.036,29.384,-19.535,-0.76,1.7,0.0
ATOM,4631.0,OE2,GLU,322.0,90.063,27.515,-19.984,-0.76,1.7,18.56
ATOM,4632.0,H,GLU,322.0,84.124,29.521,-19.609,0.31,0.2245,0.0
ATOM,4633.0,HA,GLU,322.0,85.352,27.229,-20.858,0.09,1.32,0.47
ATOM,4634.0,HB2,GLU,322.0,86.645,29.045,-20.235,0.09,1.32,0.0
ATOM,4635.0,HB3,GLU,322.0,86.43,28.646,-18.666,0.09,1.32,0.0
ATOM,4636.0,HG2,GLU,322.0,87.732,26.851,-18.84,0.09,1.32,0.0
ATOM,4637.0,HG3,GLU,322.0,87.644,26.852,-20.47,0.09,1.32,5.88
ATOM,4638.0,N,LEU,323.0,84.333,26.88,-17.806,-0.47,1.85,0.0
ATOM,4639.0,CA,LEU,323.0,83.973,25.891,-16.792,0.07,2.275,0.0
ATOM,4640.0,C,LEU,323.0,82.968,24.896,-17.385,0.51,2.0,0.0
ATOM,4641.0,O,LEU,323.0,83.107,23.682,-17.204,-0.51,1.7,0.0
ATOM,4642.0,CB,LEU,323.0,83.365,26.571,-15.562,-0.18,2.175,0.0
ATOM,4643.0,CG,LEU,323.0,83.925,26.249,-14.171,-0.09,2.275,0.0
ATOM,4644.0,CD1,LEU,323.0,82.952,26.739,-13.127,-0.27,2.06,0.0
ATOM,4645.0,CD2,LEU,323.0,84.162,24.763,-14.003,-0.27,2.06,0.0
ATOM,4646.0,H,LEU,323.0,84.19,27.899,-17.688,0.31,0.2245,0.0
ATOM,4647.0,HA,LEU,323.0,84.794,25.387,-16.527,0.09,1.32,0.0
ATOM,4648.0,HB2,LEU,323.0,83.453,27.569,-15.691,0.09,1.32,0.0
ATOM,4649.0,HB3,LEU,323.0,82.382,26.345,-15.543,0.09,1.32,2.31
ATOM,4650.0,HG,LEU,323.0,84.798,26.71,-14.063,0.09,1.32,0.0
ATOM,4651.0,HD11,LEU,323.0,82.067,26.284,-13.246,0.09,1.32,0.21
ATOM,4652.0,HD12,LEU,323.0,83.304,26.536,-12.211,0.09,1.32,0.0
ATOM,4653.0,HD13,LEU,323.0,82.826,27.729,-13.217,0.09,1.32,0.0
ATOM,4654.0,HD21,LEU,323.0,84.819,24.445,-14.69,0.09,1.32,0.05
ATOM,4655.0,HD22,LEU,323.0,84.527,24.58,-13.088,0.09,1.32,0.0
ATOM,4656.0,HD23,LEU,323.0,83.299,24.267,-14.119,0.09,1.32,0.0
ATOM,4657.0,N,GLU,324.0,81.984,25.409,-18.128,-0.47,1.85,0.0
ATOM,4658.0,CA,GLU,324.0,80.968,24.564,-18.753,0.07,2.275,0.0
ATOM,4659.0,C,GLU,324.0,81.543,23.574,-19.741,0.51,2.0,0.04
ATOM,4660.0,O,GLU,324.0,81.095,22.425,-19.806,-0.51,1.7,0.0
ATOM,4661.0,CB,GLU,324.0,79.915,25.406,-19.465,-0.18,2.175,6.14
ATOM,4662.0,CG,GLU,324.0,78.597,25.503,-18.718,-0.28,2.175,18.07
ATOM,4663.0,CD,GLU,324.0,78.087,24.146,-18.26,0.62,2.0,3.14
ATOM,4664.0,OE1,GLU,324.0,77.641,23.343,-19.12,-0.76,1.7,13.34
ATOM,4665.0,OE2,GLU,324.0,78.135,23.894,-17.037,-0.76,1.7,5.38
ATOM,4666.0,H,GLU,324.0,82.005,26.443,-18.22,0.31,0.2245,0.0
ATOM,4667.0,HA,GLU,324.0,80.458,24.065,-18.028,0.09,1.32,0.0
ATOM,4668.0,HB2,GLU,324.0,80.272,26.318,-19.559,0.09,1.32,0.0
ATOM,4669.0,HB3,GLU,324.0,79.734,24.988,-20.337,0.09,1.32,6.23
ATOM,4670.0,HG2,GLU,324.0,78.735,26.052,-17.917,0.09,1.32,5.22
ATOM,4671.0,HG3,GLU,324.0,77.923,25.882,-19.323,0.09,1.32,11.13
ATOM,4672.0,N,ALA,325.0,82.509,24.03,-20.534,-0.47,1.85,0.34
ATOM,4673.0,CA,ALA,325.0,83.158,23.176,-21.525,0.07,2.275,3.89
ATOM,4674.0,C,ALA,325.0,83.842,22.02,-20.799,0.51,2.0,0.44
ATOM,4675.0,O,ALA,325.0,83.727,20.856,-21.206,-0.51,1.7,6.47
ATOM,4676.0,CB,ALA,325.0,84.171,23.983,-22.338,-0.27,2.06,30.53
ATOM,4677.0,H,ALA,325.0,82.757,25.028,-20.389,0.31,0.2245,0.0
ATOM,4678.0,HA,ALA,325.0,82.464,22.803,-22.137,0.09,1.32,5.01
ATOM,4679.0,HB1,ALA,325.0,83.686,24.646,-22.906,0.09,1.32,8.43
ATOM,4680.0,HB2,ALA,325.0,84.788,24.462,-21.716,0.09,1.32,0.02
ATOM,4681.0,HB3,ALA,325.0,84.696,23.364,-22.919,0.09,1.32,10.8
ATOM,4682.0,N,VAL,326.0,84.529,22.352,-19.707,-0.47,1.85,0.08
ATOM,4683.0,CA,VAL,326.0,85.224,21.369,-18.881,0.07,2.275,0.68
ATOM,4684.0,C,VAL,326.0,84.226,20.331,-18.35,0.51,2.0,0.0
ATOM,4685.0,O,VAL,326.0,84.438,19.125,-18.484,-0.51,1.7,0.0
ATOM,4686.0,CB,VAL,326.0,85.93,22.061,-17.684,-0.09,2.275,0.0
ATOM,4687.0,CG1,VAL,326.0,86.514,21.021,-16.733,-0.27,2.06,0.23
ATOM,4688.0,CG2,VAL,326.0,87.005,23.007,-18.19,-0.27,2.06,7.91
ATOM,4689.0,H,VAL,326.0,84.527,23.376,-19.493,0.31,0.2245,0.0
ATOM,4690.0,HA,VAL,326.0,85.889,20.887,-19.455,0.09,1.32,2.83
ATOM,4691.0,HB,VAL,326.0,85.237,22.563,-17.179,0.09,1.32,0.0
ATOM,4692.0,HG11,VAL,326.0,86.723,21.453,-15.856,0.09,1.32,0.65
ATOM,4693.0,HG12,VAL,326.0,85.85,20.288,-16.594,0.09,1.32,0.0
ATOM,4694.0,HG13,VAL,326.0,87.351,20.643,-17.127,0.09,1.32,0.0
ATOM,4695.0,HG21,VAL,326.0,87.541,22.55,-18.901,0.09,1.32,3.69
ATOM,4696.0,HG22,VAL,326.0,86.574,23.826,-18.569,0.09,1.32,0.0
ATOM,4697.0,HG23,VAL,326.0,87.604,23.264,-17.431,0.09,1.32,2.14
ATOM,4698.0,N,ARG,327.0,83.13,20.82,-17.776,-0.47,1.85,0.0
ATOM,4699.0,CA,ARG,327.0,82.077,19.973,-17.227,0.07,2.275,0.0
ATOM,4700.0,C,ARG,327.0,81.49,19.047,-18.304,0.51,2.0,0.0
ATOM,4701.0,O,ARG,327.0,81.339,17.84,-18.089,-0.51,1.7,0.84
ATOM,4702.0,CB,ARG,327.0,80.971,20.848,-16.633,-0.18,2.175,0.0
ATOM,4703.0,CG,ARG,327.0,80.07,20.134,-15.645,-0.18,2.175,0.37
ATOM,4704.0,CD,ARG,327.0,78.81,20.942,-15.369,0.2,2.175,0.0
ATOM,4705.0,NE,ARG,327.0,77.988,21.071,-16.572,-0.7,1.85,0.0
ATOM,4706.0,CZ,ARG,327.0,77.215,20.108,-17.071,0.64,2.0,0.0
ATOM,4707.0,NH1,ARG,327.0,77.124,18.927,-16.471,-0.8,1.85,0.55
ATOM,4708.0,NH2,ARG,327.0,76.521,20.334,-18.178,-0.8,1.85,12.76
ATOM,4709.0,H,ARG,327.0,83.089,21.866,-17.752,0.31,0.2245,0.0
ATOM,4710.0,HA,ARG,327.0,82.465,19.4,-16.495,0.09,1.32,0.0
ATOM,4711.0,HB2,ARG,327.0,81.402,21.616,-16.163,0.09,1.32,0.0
ATOM,4712.0,HB3,ARG,327.0,80.405,21.185,-17.382,0.09,1.32,0.0
ATOM,4713.0,HG2,ARG,327.0,79.797,19.252,-16.017,0.09,1.32,0.24
ATOM,4714.0,HG3,ARG,327.0,80.551,20.009,-14.783,0.09,1.32,0.0
ATOM,4715.0,HD2,ARG,327.0,78.29,20.474,-14.664,0.09,1.32,0.0
ATOM,4716.0,HD3,ARG,327.0,79.084,21.845,-15.059,0.09,1.32,0.0
ATOM,4717.0,HE,ARG,327.0,78.008,21.955,-17.06,0.44,0.2245,0.0
ATOM,4718.0,HH11,ARG,327.0,77.62,18.75,-15.623,0.46,0.2245,0.0
ATOM,4719.0,HH12,ARG,327.0,76.551,18.207,-16.872,0.46,0.2245,2.35
ATOM,4720.0,HH21,ARG,327.0,76.565,21.231,-18.622,0.46,0.2245,4.05
ATOM,4721.0,HH22,ARG,327.0,75.952,19.612,-18.571,0.46,0.2245,14.82
ATOM,4722.0,N,SER,328.0,81.181,19.612,-19.469,-0.47,1.85,0.0
ATOM,4723.0,CA,SER,328.0,80.625,18.836,-20.575,0.07,2.275,1.12
ATOM,4724.0,C,SER,328.0,81.619,17.781,-21.033,0.51,2.0,0.0
ATOM,4725.0,O,SER,328.0,81.253,16.626,-21.228,-0.51,1.7,0.16
ATOM,4726.0,CB,SER,328.0,80.264,19.74,-21.753,0.05,2.175,6.29
ATOM,4727.0,OG,SER,328.0,79.238,20.651,-21.402,-0.66,1.77,16.69
ATOM,4728.0,H,SER,328.0,81.366,20.632,-19.522,0.31,0.2245,0.0
ATOM,4729.0,HA,SER,328.0,79.803,18.365,-20.242,0.09,1.32,1.0
ATOM,4730.0,HB2,SER,328.0,81.074,20.252,-22.025,0.09,1.32,0.81
ATOM,4731.0,HB3,SER,328.0,79.949,19.172,-22.508,0.09,1.32,0.2
ATOM,4732.0,HG,SER,328.0,79.622,21.387,-20.846,0.43,0.2245,0.23
ATOM,4733.0,N,GLY,329.0,82.879,18.181,-21.186,-0.47,1.85,0.26
ATOM,4734.0,CA,GLY,329.0,83.909,17.251,-21.607,-0.02,2.175,14.09
ATOM,4735.0,C,GLY,329.0,84.033,16.055,-20.676,0.51,2.0,0.06
ATOM,4736.0,O,GLY,329.0,84.015,14.913,-21.14,-0.51,1.7,0.17
ATOM,4737.0,H,GLY,329.0,83.048,19.181,-20.984,0.31,0.2245,0.0
ATOM,4738.0,HA2,GLY,329.0,83.704,16.921,-22.545,0.09,1.32,0.19
ATOM,4739.0,HA3,GLY,329.0,84.802,17.732,-21.65,0.09,1.32,7.56
ATOM,4740.0,N,MET,330.0,84.122,16.305,-19.37,-0.47,1.85,0.67
ATOM,4741.0,CA,MET,330.0,84.243,15.225,-18.391,0.07,2.275,0.0
ATOM,4742.0,C,MET,330.0,83.052,14.28,-18.444,0.51,2.0,0.0
ATOM,4743.0,O,MET,330.0,83.217,13.056,-18.399,-0.51,1.7,0.0
ATOM,4744.0,CB,MET,330.0,84.395,15.771,-16.965,-0.18,2.175,0.84
ATOM,4745.0,CG,MET,330.0,85.694,16.526,-16.704,-0.14,2.175,0.65
ATOM,4746.0,SD,MET,330.0,86.006,16.908,-14.962,-0.09,2.0,0.0
ATOM,4747.0,CE,MET,330.0,84.324,17.367,-14.385,-0.22,2.06,0.64
ATOM,4748.0,H,MET,330.0,84.098,17.309,-19.115,0.31,0.2245,0.0
ATOM,4749.0,HA,MET,330.0,85.073,14.695,-18.612,0.09,1.32,0.0
ATOM,4750.0,HB2,MET,330.0,83.622,16.393,-16.77,0.09,1.32,0.1
ATOM,4751.0,HB3,MET,330.0,84.34,14.999,-16.314,0.09,1.32,0.0
ATOM,4752.0,HG2,MET,330.0,86.473,15.973,-17.099,0.09,1.32,0.46
ATOM,4753.0,HG3,MET,330.0,85.683,17.392,-17.269,0.09,1.32,0.0
ATOM,4754.0,HE1,MET,330.0,83.755,16.552,-14.398,0.09,1.32,1.18
ATOM,4755.0,HE2,MET,330.0,84.397,17.726,-13.461,0.09,1.32,0.0
ATOM,4756.0,HE3,MET,330.0,83.959,18.057,-15.0,0.09,1.32,0.0
ATOM,4757.0,N,LEU,331.0,81.853,14.848,-18.54,-0.47,1.85,0.37
ATOM,4758.0,CA,LEU,331.0,80.628,14.059,-18.591,0.07,2.275,1.47
ATOM,4759.0,C,LEU,331.0,80.645,13.133,-19.809,0.51,2.0,0.0
ATOM,4760.0,O,LEU,331.0,80.232,11.976,-19.719,-0.51,1.7,0.0
ATOM,4761.0,CB,LEU,331.0,79.41,14.982,-18.633,-0.18,2.175,1.73
ATOM,4762.0,CG,LEU,331.0,78.078,14.487,-18.043,-0.09,2.275,0.97
ATOM,4763.0,CD1,LEU,331.0,77.102,15.648,-17.948,-0.27,2.06,9.67
ATOM,4764.0,CD2,LEU,331.0,77.492,13.367,-18.874,-0.27,2.06,5.76
ATOM,4765.0,H,LEU,331.0,81.866,15.887,-18.575,0.31,0.2245,0.0
ATOM,4766.0,HA,LEU,331.0,80.574,13.492,-17.765,0.09,1.32,0.0
ATOM,4767.0,HB2,LEU,331.0,79.649,15.829,-18.142,0.09,1.32,0.71
ATOM,4768.0,HB3,LEU,331.0,79.234,15.215,-19.597,0.09,1.32,1.35
ATOM,4769.0,HG,LEU,331.0,78.248,14.117,-17.136,0.09,1.32,0.05
ATOM,4770.0,HD11,LEU,331.0,76.941,16.026,-18.86,0.09,1.32,7.33
ATOM,4771.0,HD12,LEU,331.0,76.235,15.327,-17.564,0.09,1.32,1.84
ATOM,4772.0,HD13,LEU,331.0,77.483,16.359,-17.356,0.09,1.32,0.02
ATOM,4773.0,HD21,LEU,331.0,78.131,12.596,-18.903,0.09,1.32,0.0
ATOM,4774.0,HD22,LEU,331.0,76.627,13.062,-18.47,0.09,1.32,4.45
ATOM,4775.0,HD23,LEU,331.0,77.324,13.69,-19.808,0.09,1.32,1.65
ATOM,4776.0,N,ARG,332.0,81.15,13.629,-20.933,-0.47,1.85,0.0
ATOM,4777.0,CA,ARG,332.0,81.226,12.821,-22.143,0.07,2.275,0.74
ATOM,4778.0,C,ARG,332.0,82.138,11.623,-21.895,0.51,2.0,0.0
ATOM,4779.0,O,ARG,332.0,81.799,10.506,-22.278,-0.51,1.7,0.26
ATOM,4780.0,CB,ARG,332.0,81.736,13.649,-23.322,-0.18,2.175,5.65
ATOM,4781.0,CG,ARG,332.0,80.899,14.894,-23.618,-0.18,2.175,4.99
ATOM,4782.0,CD,ARG,332.0,81.638,15.843,-24.573,0.2,2.175,13.81
ATOM,4783.0,NE,ARG,332.0,81.064,17.19,-24.603,-0.7,1.85,4.57
ATOM,4784.0,CZ,ARG,332.0,80.11,17.588,-25.44,0.64,2.0,3.01
ATOM,4785.0,NH1,ARG,332.0,79.592,16.741,-26.326,-0.8,1.85,24.71
ATOM,4786.0,NH2,ARG,332.0,79.664,18.839,-25.387,-0.8,1.85,24.25
ATOM,4787.0,H,ARG,332.0,81.474,14.609,-20.875,0.31,0.2245,0.0
ATOM,4788.0,HA,ARG,332.0,80.311,12.485,-22.369,0.09,1.32,0.39
ATOM,4789.0,HB2,ARG,332.0,82.664,13.946,-23.119,0.09,1.32,0.45
ATOM,4790.0,HB3,ARG,332.0,81.728,13.076,-24.135,0.09,1.32,6.87
ATOM,4791.0,HG2,ARG,332.0,80.047,14.627,-24.051,0.09,1.32,5.09
ATOM,4792.0,HG3,ARG,332.0,80.725,15.385,-22.774,0.09,1.32,0.0
ATOM,4793.0,HD2,ARG,332.0,82.59,15.895,-24.273,0.09,1.32,2.67
ATOM,4794.0,HD3,ARG,332.0,81.596,15.444,-25.488,0.09,1.32,6.0
ATOM,4795.0,HE,ARG,332.0,81.419,17.864,-23.941,0.44,0.2245,1.57
ATOM,4796.0,HH11,ARG,332.0,79.896,15.793,-26.362,0.46,0.2245,9.29
ATOM,4797.0,HH12,ARG,332.0,78.886,17.062,-26.965,0.46,0.2245,18.32
ATOM,4798.0,HH21,ARG,332.0,80.036,19.469,-24.703,0.46,0.2245,5.78
ATOM,4799.0,HH22,ARG,332.0,78.962,19.149,-26.024,0.46,0.2245,18.04
ATOM,4800.0,N,LEU,333.0,83.283,11.854,-21.25,-0.47,1.85,0.0
ATOM,4801.0,CA,LEU,333.0,84.227,10.782,-20.928,0.07,2.275,0.0
ATOM,4802.0,C,LEU,333.0,83.521,9.724,-20.086,0.51,2.0,0.0
ATOM,4803.0,O,LEU,333.0,83.74,8.52,-20.269,-0.51,1.7,0.45
ATOM,4804.0,CB,LEU,333.0,85.429,11.308,-20.132,-0.18,2.175,0.0
ATOM,4805.0,CG,LEU,333.0,86.68,11.861,-20.824,-0.09,2.275,0.0
ATOM,4806.0,CD1,LEU,333.0,86.952,11.083,-22.106,-0.27,2.06,5.19
ATOM,4807.0,CD2,LEU,333.0,86.527,13.339,-21.112,-0.27,2.06,15.73
ATOM,4808.0,H,LEU,333.0,83.445,12.85,-20.999,0.31,0.2245,0.0
ATOM,4809.0,HA,LEU,333.0,84.532,10.358,-21.78,0.09,1.32,0.0
ATOM,4810.0,HB2,LEU,333.0,85.083,12.047,-19.517,0.09,1.32,0.0
ATOM,4811.0,HB3,LEU,333.0,85.741,10.552,-19.522,0.09,1.32,0.43
ATOM,4812.0,HG,LEU,333.0,87.458,11.769,-20.209,0.09,1.32,0.0
ATOM,4813.0,HD11,LEU,333.0,86.169,11.171,-22.722,0.09,1.32,0.36
ATOM,4814.0,HD12,LEU,333.0,87.769,11.449,-22.551,0.09,1.32,2.21
ATOM,4815.0,HD13,LEU,333.0,87.096,10.118,-21.886,0.09,1.32,0.0
ATOM,4816.0,HD21,LEU,333.0,86.388,13.839,-20.254,0.09,1.32,0.0
ATOM,4817.0,HD22,LEU,333.0,87.353,13.683,-21.564,0.09,1.32,9.24
ATOM,4818.0,HD23,LEU,333.0,85.738,13.487,-21.711,0.09,1.32,1.39
ATOM,4819.0,N,ARG,334.0,82.69,10.184,-19.151,-0.47,1.85,0.0
ATOM,4820.0,CA,ARG,334.0,81.932,9.287,-18.286,0.07,2.275,0.0
ATOM,4821.0,C,ARG,334.0,81.029,8.399,-19.13,0.51,2.0,0.0
ATOM,4822.0,O,ARG,334.0,81.091,7.173,-19.033,-0.51,1.7,0.0
ATOM,4823.0,CB,ARG,334.0,81.1,10.073,-17.261,-0.18,2.175,0.0
ATOM,4824.0,CG,ARG,334.0,81.909,10.672,-16.111,-0.18,2.175,0.0
ATOM,4825.0,CD,ARG,334.0,81.01,11.371,-15.111,0.2,2.175,0.34
ATOM,4826.0,NE,ARG,334.0,81.705,11.753,-13.882,-0.7,1.85,0.0
ATOM,4827.0,CZ,ARG,334.0,82.09,10.897,-12.935,0.64,2.0,0.0
ATOM,4828.0,NH1,ARG,334.0,81.899,9.59,-13.083,-0.8,1.85,0.0
ATOM,4829.0,NH2,ARG,334.0,82.705,11.346,-11.848,-0.8,1.85,0.0
ATOM,4830.0,H,ARG,334.0,82.632,11.22,-19.094,0.31,0.2245,0.0
ATOM,4831.0,HA,ARG,334.0,82.573,8.706,-17.779,0.09,1.32,0.03
ATOM,4832.0,HB2,ARG,334.0,80.645,10.82,-17.738,0.09,1.32,0.0
ATOM,4833.0,HB3,ARG,334.0,80.423,9.455,-16.871,0.09,1.32,0.0
ATOM,4834.0,HG2,ARG,334.0,82.398,9.944,-15.64,0.09,1.32,0.0
ATOM,4835.0,HG3,ARG,334.0,82.552,11.339,-16.475,0.09,1.32,0.0
ATOM,4836.0,HD2,ARG,334.0,80.639,12.193,-15.546,0.09,1.32,0.49
ATOM,4837.0,HD3,ARG,334.0,80.258,10.751,-14.882,0.09,1.32,0.0
ATOM,4838.0,HE,ARG,334.0,81.907,12.73,-13.74,0.44,0.2245,1.4
ATOM,4839.0,HH11,ARG,334.0,81.483,9.228,-13.914,0.46,0.2245,0.0
ATOM,4840.0,HH12,ARG,334.0,82.177,8.961,-12.352,0.46,0.2245,0.0
ATOM,4841.0,HH21,ARG,334.0,82.894,12.326,-11.754,0.46,0.2245,0.0
ATOM,4842.0,HH22,ARG,334.0,82.979,10.713,-11.127,0.46,0.2245,0.0
ATOM,4843.0,N,GLU,335.0,80.229,9.025,-19.991,-0.47,1.85,0.0
ATOM,4844.0,CA,GLU,335.0,79.318,8.296,-20.868,0.07,2.275,0.77
ATOM,4845.0,C,GLU,335.0,80.092,7.314,-21.746,0.51,2.0,0.71
ATOM,4846.0,O,GLU,335.0,79.637,6.194,-21.992,-0.51,1.7,7.18
ATOM,4847.0,CB,GLU,335.0,78.529,9.265,-21.756,-0.18,2.175,9.51
ATOM,4848.0,CG,GLU,335.0,77.596,10.223,-21.012,-0.28,2.175,4.16
ATOM,4849.0,CD,GLU,335.0,76.891,11.194,-21.957,0.62,2.0,3.14
ATOM,4850.0,OE1,GLU,335.0,76.026,10.744,-22.745,-0.76,1.7,42.42
ATOM,4851.0,OE2,GLU,335.0,77.212,12.408,-21.927,-0.76,1.7,17.0
ATOM,4852.0,H,GLU,335.0,80.309,10.061,-19.984,0.31,0.2245,0.0
ATOM,4853.0,HA,GLU,335.0,78.646,7.792,-20.316,0.09,1.32,0.64
ATOM,4854.0,HB2,GLU,335.0,79.182,9.816,-22.253,0.09,1.32,0.83
ATOM,4855.0,HB3,GLU,335.0,77.971,8.726,-22.368,0.09,1.32,7.8
ATOM,4856.0,HG2,GLU,335.0,76.906,9.693,-20.565,0.09,1.32,5.76
ATOM,4857.0,HG3,GLU,335.0,78.133,10.755,-20.39,0.09,1.32,0.0
ATOM,4858.0,N,GLN,336.0,81.264,7.736,-22.212,-0.47,1.85,0.0
ATOM,4859.0,CA,GLN,336.0,82.101,6.888,-23.051,0.07,2.275,0.86
ATOM,4860.0,C,GLN,336.0,82.589,5.667,-22.304,0.51,2.0,0.0
ATOM,4861.0,O,GLN,336.0,82.503,4.553,-22.815,-0.51,1.7,3.27
ATOM,4862.0,CB,GLN,336.0,83.301,7.653,-23.581,-0.18,2.175,0.06
ATOM,4863.0,CG,GLN,336.0,83.051,8.344,-24.884,-0.18,2.175,13.97
ATOM,4864.0,CD,GLN,336.0,84.332,8.873,-25.487,0.55,2.0,2.06
ATOM,4865.0,OE1,GLN,336.0,84.609,10.075,-25.422,-0.55,1.7,16.23
ATOM,4866.0,NE2,GLN,336.0,85.109,7.985,-26.109,-0.62,1.85,14.4
ATOM,4867.0,H,GLN,336.0,81.523,8.701,-21.931,0.31,0.2245,0.0
ATOM,4868.0,HA,GLN,336.0,81.539,6.574,-23.83,0.09,1.32,5.59
ATOM,4869.0,HB2,GLN,336.0,83.568,8.342,-22.9,0.09,1.32,0.0
ATOM,4870.0,HB3,GLN,336.0,84.064,7.008,-23.702,0.09,1.32,0.0
ATOM,4871.0,HG2,GLN,336.0,82.643,7.699,-25.528,0.09,1.32,8.58
ATOM,4872.0,HG3,GLN,336.0,82.43,9.112,-24.737,0.09,1.32,2.9
ATOM,4873.0,HE21,GLN,336.0,85.978,8.27,-26.549,0.32,0.2245,0.18
ATOM,4874.0,HE22,GLN,336.0,84.814,7.01,-26.133,0.3,0.2245,13.55
ATOM,4875.0,N,LEU,337.0,83.115,5.877,-21.101,-0.47,1.85,0.0
ATOM,4876.0,CA,LEU,337.0,83.607,4.773,-20.286,0.07,2.275,0.0
ATOM,4877.0,C,LEU,337.0,82.467,3.796,-20.008,0.51,2.0,0.0
ATOM,4878.0,O,LEU,337.0,82.601,2.588,-20.241,-0.51,1.7,0.0
ATOM,4879.0,CB,LEU,337.0,84.204,5.29,-18.973,-0.18,2.175,0.22
ATOM,4880.0,CG,LEU,337.0,84.765,4.259,-17.986,-0.09,2.275,0.0
ATOM,4881.0,CD1,LEU,337.0,85.736,3.303,-18.664,-0.27,2.06,0.0
ATOM,4882.0,CD2,LEU,337.0,85.451,4.997,-16.85,-0.27,2.06,0.61
ATOM,4883.0,H,LEU,337.0,83.143,6.869,-20.802,0.31,0.2245,0.0
ATOM,4884.0,HA,LEU,337.0,84.32,4.289,-20.795,0.09,1.32,0.0
ATOM,4885.0,HB2,LEU,337.0,84.954,5.916,-19.204,0.09,1.32,0.27
ATOM,4886.0,HB3,LEU,337.0,83.488,5.801,-18.492,0.09,1.32,0.0
ATOM,4887.0,HG,LEU,337.0,84.002,3.737,-17.596,0.09,1.32,0.0
ATOM,4888.0,HD11,LEU,337.0,86.501,3.82,-19.048,0.09,1.32,0.0
ATOM,4889.0,HD12,LEU,337.0,86.082,2.646,-17.993,0.09,1.32,0.0
ATOM,4890.0,HD13,LEU,337.0,85.265,2.813,-19.398,0.09,1.32,0.0
ATOM,4891.0,HD21,LEU,337.0,84.79,5.587,-16.384,0.09,1.32,0.0
ATOM,4892.0,HD22,LEU,337.0,85.823,4.336,-16.196,0.09,1.32,0.0
ATOM,4893.0,HD23,LEU,337.0,86.196,5.558,-17.215,0.09,1.32,0.0
ATOM,4894.0,N,ALA,338.0,81.333,4.331,-19.568,-0.47,1.85,0.0
ATOM,4895.0,CA,ALA,338.0,80.167,3.51,-19.272,0.07,2.275,0.0
ATOM,4896.0,C,ALA,338.0,79.767,2.697,-20.505,0.51,2.0,0.37
ATOM,4897.0,O,ALA,338.0,79.539,1.49,-20.413,-0.51,1.7,3.37
ATOM,4898.0,CB,ALA,338.0,79.014,4.385,-18.804,-0.27,2.06,5.81
ATOM,4899.0,H,ALA,338.0,81.352,5.363,-19.456,0.31,0.2245,0.0
ATOM,4900.0,HA,ALA,338.0,80.396,2.872,-18.531,0.09,1.32,0.0
ATOM,4901.0,HB1,ALA,338.0,78.402,4.571,-19.572,0.09,1.32,4.88
ATOM,4902.0,HB2,ALA,338.0,78.507,3.913,-18.083,0.09,1.32,0.0
ATOM,4903.0,HB3,ALA,338.0,79.372,5.248,-18.448,0.09,1.32,0.0
ATOM,4904.0,N,GLY,339.0,79.737,3.355,-21.662,-0.47,1.85,0.15
ATOM,4905.0,CA,GLY,339.0,79.379,2.687,-22.899,-0.02,2.175,18.14
ATOM,4906.0,C,GLY,339.0,80.351,1.574,-23.226,0.51,2.0,1.12
ATOM,4907.0,O,GLY,339.0,79.94,0.449,-23.528,-0.51,1.7,0.69
ATOM,4908.0,H,GLY,339.0,79.986,4.359,-21.598,0.31,0.2245,0.0
ATOM,4909.0,HA2,GLY,339.0,78.447,2.305,-22.818,0.09,1.32,4.62
ATOM,4910.0,HA3,GLY,339.0,79.372,3.358,-23.654,0.09,1.32,8.4
ATOM,4911.0,N,GLU,340.0,81.645,1.877,-23.137,-0.47,1.85,2.29
ATOM,4912.0,CA,GLU,340.0,82.689,0.901,-23.419,0.07,2.275,2.23
ATOM,4913.0,C,GLU,340.0,82.527,-0.291,-22.479,0.51,2.0,0.0
ATOM,4914.0,O,GLU,340.0,82.564,-1.442,-22.912,-0.51,1.7,0.0
ATOM,4915.0,CB,GLU,340.0,84.066,1.546,-23.254,-0.18,2.175,0.02
ATOM,4916.0,CG,GLU,340.0,85.271,0.609,-23.458,-0.28,2.175,0.0
ATOM,4917.0,CD,GLU,340.0,85.701,0.422,-24.918,0.62,2.0,0.46
ATOM,4918.0,OE1,GLU,340.0,85.257,1.193,-25.799,-0.76,1.7,29.25
ATOM,4919.0,OE2,GLU,340.0,86.519,-0.494,-25.178,-0.76,1.7,14.39
ATOM,4920.0,H,GLU,340.0,81.84,2.859,-22.852,0.31,0.2245,0.0
ATOM,4921.0,HA,GLU,340.0,82.618,0.59,-24.366,0.09,1.32,0.55
ATOM,4922.0,HB2,GLU,340.0,84.146,2.27,-23.924,0.09,1.32,2.6
ATOM,4923.0,HB3,GLU,340.0,84.128,1.901,-22.333,0.09,1.32,0.0
ATOM,4924.0,HG2,GLU,340.0,86.04,0.992,-22.971,0.09,1.32,0.0
ATOM,4925.0,HG3,GLU,340.0,85.028,-0.282,-23.106,0.09,1.32,0.0
ATOM,4926.0,N,LEU,341.0,82.276,-0.009,-21.203,-0.47,1.85,0.0
ATOM,4927.0,CA,LEU,341.0,82.088,-1.053,-20.2,0.07,2.275,0.0
ATOM,4928.0,C,LEU,341.0,80.841,-1.906,-20.423,0.51,2.0,0.0
ATOM,4929.0,O,LEU,341.0,80.812,-3.082,-20.05,-0.51,1.7,0.0
ATOM,4930.0,CB,LEU,341.0,82.079,-0.454,-18.792,-0.18,2.175,0.0
ATOM,4931.0,CG,LEU,341.0,83.477,-0.205,-18.218,-0.09,2.275,0.0
ATOM,4932.0,CD1,LEU,341.0,83.392,0.662,-16.975,-0.27,2.06,0.0
ATOM,4933.0,CD2,LEU,341.0,84.149,-1.534,-17.914,-0.27,2.06,0.0
ATOM,4934.0,H,LEU,341.0,82.226,1.008,-20.985,0.31,0.2245,0.0
ATOM,4935.0,HA,LEU,341.0,82.899,-1.667,-20.221,0.09,1.32,0.0
ATOM,4936.0,HB2,LEU,341.0,81.616,0.416,-18.833,0.09,1.32,0.0
ATOM,4937.0,HB3,LEU,341.0,81.62,-1.087,-18.193,0.09,1.32,0.0
ATOM,4938.0,HG,LEU,341.0,84.033,0.255,-18.909,0.09,1.32,0.0
ATOM,4939.0,HD11,LEU,341.0,82.834,0.203,-16.282,0.09,1.32,0.0
ATOM,4940.0,HD12,LEU,341.0,84.311,0.817,-16.61,0.09,1.32,0.0
ATOM,4941.0,HD13,LEU,341.0,82.975,1.542,-17.207,0.09,1.32,0.0
ATOM,4942.0,HD21,LEU,341.0,84.227,-2.071,-18.755,0.09,1.32,0.0
ATOM,4943.0,HD22,LEU,341.0,85.063,-1.37,-17.539,0.09,1.32,0.0
ATOM,4944.0,HD23,LEU,341.0,83.602,-2.041,-17.246,0.09,1.32,0.0
ATOM,4945.0,N,ARG,342.0,79.814,-1.326,-21.036,-0.47,1.85,0.12
ATOM,4946.0,CA,ARG,342.0,78.593,-2.074,-21.31,0.07,2.275,0.97
ATOM,4947.0,C,ARG,342.0,78.827,-3.092,-22.434,0.51,2.0,0.0
ATOM,4948.0,O,ARG,342.0,78.378,-4.235,-22.344,-0.51,1.7,1.32
ATOM,4949.0,CB,ARG,342.0,77.438,-1.136,-21.671,-0.18,2.175,1.28
ATOM,4950.0,CG,ARG,342.0,76.091,-1.817,-21.556,-0.18,2.175,1.06
ATOM,4951.0,CD,ARG,342.0,74.933,-0.94,-21.994,0.2,2.175,16.67
ATOM,4952.0,NE,ARG,342.0,73.659,-1.504,-21.54,-0.7,1.85,4.82
ATOM,4953.0,CZ,ARG,342.0,73.035,-1.124,-20.428,0.64,2.0,1.75
ATOM,4954.0,NH1,ARG,342.0,73.541,-0.149,-19.676,-0.8,1.85,13.26
ATOM,4955.0,NH2,ARG,342.0,71.887,-1.694,-20.08,-0.8,1.85,15.57
ATOM,4956.0,H,ARG,342.0,79.953,-0.336,-21.291,0.31,0.2245,0.0
ATOM,4957.0,HA,ARG,342.0,78.321,-2.574,-20.482,0.09,1.32,0.0
ATOM,4958.0,HB2,ARG,342.0,77.455,-0.37,-21.047,0.09,1.32,1.93
ATOM,4959.0,HB3,ARG,342.0,77.56,-0.841,-22.606,0.09,1.32,0.9
ATOM,4960.0,HG2,ARG,342.0,76.085,-2.646,-22.125,0.09,1.32,4.78
ATOM,4961.0,HG3,ARG,342.0,75.932,-2.085,-20.6,0.09,1.32,0.0
ATOM,4962.0,HD2,ARG,342.0,75.053,-0.042,-21.595,0.09,1.32,3.15
ATOM,4963.0,HD3,ARG,342.0,74.935,-0.893,-22.984,0.09,1.32,10.32
ATOM,4964.0,HE,ARG,342.0,73.234,-2.218,-22.101,0.44,0.2245,15.56
ATOM,4965.0,HH11,ARG,342.0,74.377,0.322,-19.942,0.46,0.2245,7.52
ATOM,4966.0,HH12,ARG,342.0,73.07,0.116,-18.827,0.46,0.2245,7.32
ATOM,4967.0,HH21,ARG,342.0,71.486,-2.398,-20.672,0.46,0.2245,18.55
ATOM,4968.0,HH22,ARG,342.0,71.426,-1.425,-19.239,0.46,0.2245,4.32
ATOM,4969.0,N,ASP,343.0,79.555,-2.684,-23.473,-0.47,1.85,0.0
ATOM,4970.0,CA,ASP,343.0,79.864,-3.563,-24.6,0.07,2.275,0.66
ATOM,4971.0,C,ASP,343.0,80.752,-4.734,-24.186,0.51,2.0,0.0
ATOM,4972.0,O,ASP,343.0,80.611,-5.848,-24.689,-0.51,1.7,25.83
ATOM,4973.0,CB,ASP,343.0,80.573,-2.785,-25.711,-0.28,2.175,8.11
ATOM,4974.0,CG,ASP,343.0,79.682,-1.745,-26.372,0.62,2.0,3.24
ATOM,4975.0,OD1,ASP,343.0,78.439,-1.816,-26.22,-0.76,1.7,29.75
ATOM,4976.0,OD2,ASP,343.0,80.234,-0.855,-27.057,-0.76,1.7,38.28
ATOM,4977.0,H,ASP,343.0,79.881,-1.697,-23.413,0.31,0.2245,0.0
ATOM,4978.0,HA,ASP,343.0,78.99,-3.955,-24.92,0.09,1.32,7.47
ATOM,4979.0,HB2,ASP,343.0,81.358,-2.323,-25.311,0.09,1.32,0.0
ATOM,4980.0,HB3,ASP,343.0,80.87,-3.435,-26.402,0.09,1.32,9.33
ATOM,4981.0,N,LEU,344.0,81.684,-4.463,-23.283,-0.47,1.85,0.0
ATOM,4982.0,CA,LEU,344.0,82.614,-5.473,-22.803,0.07,2.275,0.0
ATOM,4983.0,C,LEU,344.0,82.02,-6.456,-21.78,0.51,2.0,0.0
ATOM,4984.0,O,LEU,344.0,82.438,-7.617,-21.718,-0.51,1.7,24.43
ATOM,4985.0,CB,LEU,344.0,83.856,-4.793,-22.216,-0.18,2.175,0.0
ATOM,4986.0,CG,LEU,344.0,84.959,-4.193,-23.098,-0.09,2.275,0.01
ATOM,4987.0,CD1,LEU,344.0,85.92,-5.268,-23.553,-0.27,2.06,24.37
ATOM,4988.0,CD2,LEU,344.0,84.374,-3.444,-24.286,-0.27,2.06,10.63
ATOM,4989.0,H,LEU,344.0,81.692,-3.474,-22.951,0.31,0.2245,0.0
ATOM,4990.0,HA,LEU,344.0,82.943,-6.017,-23.601,0.09,1.32,4.07
ATOM,4991.0,HB2,LEU,344.0,83.528,-4.039,-21.606,0.09,1.32,0.0
ATOM,4992.0,HB3,LEU,344.0,84.31,-5.472,-21.601,0.09,1.32,0.0
ATOM,4993.0,HG,LEU,344.0,85.452,-3.502,-22.569,0.09,1.32,0.0
ATOM,4994.0,HD11,LEU,344.0,85.427,-5.962,-24.082,0.09,1.32,7.57
ATOM,4995.0,HD12,LEU,344.0,86.634,-4.863,-24.127,0.09,1.32,8.36
ATOM,4996.0,HD13,LEU,344.0,86.345,-5.702,-22.756,0.09,1.32,1.66
ATOM,4997.0,HD21,LEU,344.0,83.79,-2.7,-23.958,0.09,1.32,0.0
ATOM,4998.0,HD22,LEU,344.0,85.116,-3.065,-24.841,0.09,1.32,2.52
ATOM,4999.0,HD23,LEU,344.0,83.83,-4.073,-24.843,0.09,1.32,3.29
ATOM,5000.0,N,SER,345.0,81.046,-6.004,-20.987,-0.47,1.85,0.0
ATOM,5001.0,CA,SER,345.0,80.441,-6.86,-19.964,0.07,2.275,0.43
ATOM,5002.0,C,SER,345.0,79.08,-7.465,-20.31,0.51,2.0,1.51
ATOM,5003.0,O,SER,345.0,78.67,-8.456,-19.715,-0.51,1.7,21.89
ATOM,5004.0,CB,SER,345.0,80.328,-6.096,-18.644,0.05,2.175,0.11
ATOM,5005.0,OG,SER,345.0,79.483,-4.97,-18.789,-0.66,1.77,0.0
ATOM,5006.0,H,SER,345.0,80.764,-5.024,-21.154,0.31,0.2245,0.0
ATOM,5007.0,HA,SER,345.0,81.088,-7.637,-19.788,0.09,1.32,5.73
ATOM,5008.0,HB2,SER,345.0,79.947,-6.702,-17.954,0.09,1.32,0.0
ATOM,5009.0,HB3,SER,345.0,81.234,-5.789,-18.373,0.09,1.32,0.0
ATOM,5010.0,HG,SER,345.0,79.963,-4.255,-19.295,0.43,0.2245,0.0
ATOM,5011.0,N,GLY,346.0,78.368,-6.852,-21.245,-0.47,1.85,0.82
ATOM,5012.0,CA,GLY,346.0,77.06,-7.359,-21.618,-0.02,2.175,18.2
ATOM,5013.0,C,GLY,346.0,76.008,-7.062,-20.558,0.51,2.0,1.89
ATOM,5014.0,O,GLY,346.0,75.004,-7.77,-20.46,-0.51,1.7,31.93
ATOM,5015.0,H,GLY,346.0,78.808,-6.02,-21.664,0.31,0.2245,0.0
ATOM,5016.0,HA2,GLY,346.0,76.773,-6.943,-22.495,0.09,1.32,9.4
ATOM,5017.0,HA3,GLY,346.0,77.113,-8.36,-21.761,0.09,1.32,10.02
ATOM,5018.0,N,SER,347.0,76.226,-6.003,-19.779,-0.47,1.85,0.3
ATOM,5019.0,CA,SER,347.0,75.3,-5.609,-18.723,0.07,2.275,1.4
ATOM,5020.0,C,SER,347.0,75.453,-4.13,-18.38,0.51,2.0,0.0
ATOM,5021.0,O,SER,347.0,76.342,-3.45,-18.898,-0.51,1.7,0.18
ATOM,5022.0,CB,SER,347.0,75.533,-6.459,-17.463,0.05,2.175,19.78
ATOM,5023.0,OG,SER,347.0,76.872,-6.367,-16.993,-0.66,1.77,0.0
ATOM,5024.0,H,SER,347.0,77.107,-5.487,-19.989,0.31,0.2245,0.0
ATOM,5025.0,HA,SER,347.0,74.362,-5.752,-19.06,0.09,1.32,7.81
ATOM,5026.0,HB2,SER,347.0,74.916,-6.141,-16.745,0.09,1.32,4.33
ATOM,5027.0,HB3,SER,347.0,75.332,-7.413,-17.681,0.09,1.32,6.89
ATOM,5028.0,HG,SER,347.0,77.473,-6.881,-17.603,0.43,0.2245,0.18
ATOM,5029.0,N,ASP,348.0,74.563,-3.635,-17.522,-0.47,1.85,0.01
ATOM,5030.0,CA,ASP,348.0,74.599,-2.25,-17.071,0.07,2.275,0.0
ATOM,5031.0,C,ASP,348.0,75.106,-2.203,-15.632,0.51,2.0,0.0
ATOM,5032.0,O,ASP,348.0,74.695,-1.356,-14.835,-0.51,1.7,11.79
ATOM,5033.0,CB,ASP,348.0,73.214,-1.596,-17.17,-0.28,2.175,3.9
ATOM,5034.0,CG,ASP,348.0,72.094,-2.462,-16.605,0.62,2.0,3.18
ATOM,5035.0,OD1,ASP,348.0,72.292,-3.143,-15.568,-0.76,1.7,28.67
ATOM,5036.0,OD2,ASP,348.0,70.998,-2.446,-17.212,-0.76,1.7,34.67
ATOM,5037.0,H,ASP,348.0,73.844,-4.321,-17.204,0.31,0.2245,2.44
ATOM,5038.0,HA,ASP,348.0,75.272,-1.769,-17.634,0.09,1.32,1.43
ATOM,5039.0,HB2,ASP,348.0,73.241,-0.741,-16.661,0.09,1.32,3.89
ATOM,5040.0,HB3,ASP,348.0,73.026,-1.42,-18.13,0.09,1.32,0.0
ATOM,5041.0,N,ARG,349.0,76.001,-3.131,-15.312,-0.47,1.85,0.05
ATOM,5042.0,CA,ARG,349.0,76.582,-3.245,-13.98,0.07,2.275,2.02
ATOM,5043.0,C,ARG,349.0,77.392,-1.999,-13.623,0.51,2.0,0.0
ATOM,5044.0,O,ARG,349.0,77.396,-1.555,-12.475,-0.51,1.7,10.05
ATOM,5045.0,CB,ARG,349.0,77.498,-4.47,-13.945,-0.18,2.175,1.74
ATOM,5046.0,CG,ARG,349.0,77.931,-4.921,-12.558,-0.18,2.175,14.08
ATOM,5047.0,CD,ARG,349.0,79.223,-5.729,-12.636,0.2,2.175,6.53
ATOM,5048.0,NE,ARG,349.0,79.158,-6.745,-13.684,-0.7,1.85,4.38
ATOM,5049.0,CZ,ARG,349.0,80.218,-7.279,-14.289,0.64,2.0,2.04
ATOM,5050.0,NH1,ARG,349.0,81.451,-6.898,-13.961,-0.8,1.85,5.59
ATOM,5051.0,NH2,ARG,349.0,80.039,-8.199,-15.232,-0.8,1.85,15.15
ATOM,5052.0,H,ARG,349.0,76.253,-3.774,-16.099,0.31,0.2245,0.0
ATOM,5053.0,HA,ARG,349.0,75.839,-3.346,-13.307,0.09,1.32,9.05
ATOM,5054.0,HB2,ARG,349.0,77.016,-5.232,-14.381,0.09,1.32,0.77
ATOM,5055.0,HB3,ARG,349.0,78.323,-4.258,-14.471,0.09,1.32,0.0
ATOM,5056.0,HG2,ARG,349.0,78.097,-4.128,-11.986,0.09,1.32,3.46
ATOM,5057.0,HG3,ARG,349.0,77.229,-5.5,-12.162,0.09,1.32,11.24
ATOM,5058.0,HD2,ARG,349.0,79.967,-5.1,-12.831,0.09,1.32,0.0
ATOM,5059.0,HD3,ARG,349.0,79.362,-6.17,-11.756,0.09,1.32,9.87
ATOM,5060.0,HE,ARG,349.0,78.245,-7.066,-13.971,0.44,0.2245,6.34
ATOM,5061.0,HH11,ARG,349.0,81.598,-6.222,-13.244,0.46,0.2245,0.0
ATOM,5062.0,HH12,ARG,349.0,82.238,-7.296,-14.44,0.46,0.2245,5.15
ATOM,5063.0,HH21,ARG,349.0,79.113,-8.498,-15.467,0.46,0.2245,10.26
ATOM,5064.0,HH22,ARG,349.0,80.827,-8.592,-15.704,0.46,0.2245,13.16
ATOM,5065.0,N,PHE,350.0,78.056,-1.436,-14.627,-0.47,1.85,0.0
ATOM,5066.0,CA,PHE,350.0,78.908,-0.267,-14.451,0.07,2.275,0.18
ATOM,5067.0,C,PHE,350.0,78.285,1.059,-14.87,0.51,2.0,0.28
ATOM,5068.0,O,PHE,350.0,78.993,2.056,-15.048,-0.51,1.7,0.0
ATOM,5069.0,CB,PHE,350.0,80.227,-0.479,-15.203,-0.18,2.175,0.06
ATOM,5070.0,CG,PHE,350.0,81.034,-1.625,-14.679,0.0,1.9924,0.0
ATOM,5071.0,CD1,PHE,350.0,81.84,-1.465,-13.553,-0.115,1.9924,0.01
ATOM,5072.0,CD2,PHE,350.0,80.964,-2.876,-15.287,-0.115,1.9924,0.0
ATOM,5073.0,CE1,PHE,350.0,82.561,-2.534,-13.035,-0.115,1.9924,0.1
ATOM,5074.0,CE2,PHE,350.0,81.682,-3.951,-14.777,-0.115,1.9924,0.0
ATOM,5075.0,CZ,PHE,350.0,82.482,-3.777,-13.647,-0.115,1.9924,0.0
ATOM,5076.0,H,PHE,350.0,77.914,-1.903,-15.552,0.31,0.2245,1.09
ATOM,5077.0,HA,PHE,350.0,79.104,-0.194,-13.45,0.09,1.32,0.0
ATOM,5078.0,HB2,PHE,350.0,80.007,-0.661,-16.148,0.09,1.32,1.54
ATOM,5079.0,HB3,PHE,350.0,80.762,0.346,-15.108,0.09,1.32,0.0
ATOM,5080.0,HD1,PHE,350.0,81.901,-0.575,-13.112,0.115,1.3582,0.0
ATOM,5081.0,HD2,PHE,350.0,80.392,-3.001,-16.096,0.115,1.3582,0.1
ATOM,5082.0,HE1,PHE,350.0,83.136,-2.4,-12.222,0.115,1.3582,0.0
ATOM,5083.0,HE2,PHE,350.0,81.624,-4.854,-15.226,0.115,1.3582,0.0
ATOM,5084.0,HZ,PHE,350.0,82.999,-4.549,-13.277,0.115,1.3582,0.0
ATOM,5085.0,N,GLY,351.0,76.966,1.082,-14.993,-0.47,1.85,1.69
ATOM,5086.0,CA,GLY,351.0,76.292,2.299,-15.39,-0.02,2.175,9.18
ATOM,5087.0,C,GLY,351.0,76.504,3.453,-14.43,0.51,2.0,0.0
ATOM,5088.0,O,GLY,351.0,76.427,4.615,-14.826,-0.51,1.7,0.03
ATOM,5089.0,H,GLY,351.0,76.487,0.192,-14.789,0.31,0.2245,0.0
ATOM,5090.0,HA2,GLY,351.0,76.613,2.576,-16.318,0.09,1.32,2.43
ATOM,5091.0,HA3,GLY,351.0,75.291,2.118,-15.477,0.09,1.32,5.31
ATOM,5092.0,N,PHE,352.0,76.797,3.145,-13.172,-0.47,1.85,1.97
ATOM,5093.0,CA,PHE,352.0,77.008,4.181,-12.17,0.07,2.275,0.0
ATOM,5094.0,C,PHE,352.0,78.039,5.215,-12.59,0.51,2.0,0.0
ATOM,5095.0,O,PHE,352.0,77.923,6.383,-12.222,-0.51,1.7,0.0
ATOM,5096.0,CB,PHE,352.0,77.378,3.576,-10.812,-0.18,2.175,3.04
ATOM,5097.0,CG,PHE,352.0,78.629,2.751,-10.83,0.0,1.9924,0.0
ATOM,5098.0,CD1,PHE,352.0,79.879,3.35,-10.69,-0.115,1.9924,0.0
ATOM,5099.0,CD2,PHE,352.0,78.561,1.371,-10.979,-0.115,1.9924,0.48
ATOM,5100.0,CE1,PHE,352.0,81.042,2.581,-10.698,-0.115,1.9924,0.0
ATOM,5101.0,CE2,PHE,352.0,79.717,0.6,-10.987,-0.115,1.9924,0.3
ATOM,5102.0,CZ,PHE,352.0,80.959,1.206,-10.847,-0.115,1.9924,0.0
ATOM,5103.0,H,PHE,352.0,76.86,2.131,-12.972,0.31,0.2245,1.41
ATOM,5104.0,HA,PHE,352.0,76.126,4.672,-12.065,0.09,1.32,0.0
ATOM,5105.0,HB2,PHE,352.0,77.51,4.323,-10.176,0.09,1.32,0.08
ATOM,5106.0,HB3,PHE,352.0,76.629,2.994,-10.528,0.09,1.32,3.52
ATOM,5107.0,HD1,PHE,352.0,79.948,4.336,-10.582,0.115,1.3582,0.0
ATOM,5108.0,HD2,PHE,352.0,77.671,0.928,-11.081,0.115,1.3582,3.08
ATOM,5109.0,HE1,PHE,352.0,81.934,3.034,-10.596,0.115,1.3582,0.0
ATOM,5110.0,HE2,PHE,352.0,79.648,-0.405,-11.097,0.115,1.3582,1.12
ATOM,5111.0,HZ,PHE,352.0,81.792,0.654,-10.853,0.115,1.3582,0.0
ATOM,5112.0,N,VAL,353.0,79.018,4.8,-13.392,-0.47,1.85,0.0
ATOM,5113.0,CA,VAL,353.0,80.069,5.699,-13.859,0.07,2.275,0.0
ATOM,5114.0,C,VAL,353.0,79.467,6.905,-14.597,0.51,2.0,0.0
ATOM,5115.0,O,VAL,353.0,80.065,7.984,-14.648,-0.51,1.7,0.0
ATOM,5116.0,CB,VAL,353.0,81.095,4.948,-14.765,-0.09,2.275,0.0
ATOM,5117.0,CG1,VAL,353.0,82.239,5.87,-15.155,-0.27,2.06,0.0
ATOM,5118.0,CG2,VAL,353.0,81.667,3.735,-14.027,-0.27,2.06,0.0
ATOM,5119.0,H,VAL,353.0,78.968,3.794,-13.652,0.31,0.2245,0.0
ATOM,5120.0,HA,VAL,353.0,80.565,6.048,-13.058,0.09,1.32,0.0
ATOM,5121.0,HB,VAL,353.0,80.619,4.696,-15.6,0.09,1.32,0.0
ATOM,5122.0,HG11,VAL,353.0,82.629,6.286,-14.333,0.09,1.32,0.0
ATOM,5123.0,HG12,VAL,353.0,82.946,5.344,-15.628,0.09,1.32,0.0
ATOM,5124.0,HG13,VAL,353.0,81.898,6.589,-15.761,0.09,1.32,0.0
ATOM,5125.0,HG21,VAL,353.0,82.035,4.032,-13.148,0.09,1.32,0.0
ATOM,5126.0,HG22,VAL,353.0,80.938,3.068,-13.883,0.09,1.32,0.0
ATOM,5127.0,HG23,VAL,353.0,82.393,3.33,-14.58,0.09,1.32,0.0
ATOM,5128.0,N,ALA,354.0,78.268,6.712,-15.141,-0.47,1.85,0.0
ATOM,5129.0,CA,ALA,354.0,77.554,7.756,-15.866,0.07,2.275,0.0
ATOM,5130.0,C,ALA,354.0,76.658,8.582,-14.939,0.51,2.0,0.0
ATOM,5131.0,O,ALA,354.0,76.317,9.714,-15.249,-0.51,1.7,4.7
ATOM,5132.0,CB,ALA,354.0,76.733,7.14,-16.985,-0.27,2.06,16.91
ATOM,5133.0,H,ALA,354.0,77.884,5.749,-15.003,0.31,0.2245,0.0
ATOM,5134.0,HA,ALA,354.0,78.228,8.377,-16.292,0.09,1.32,0.0
ATOM,5135.0,HB1,ALA,354.0,76.587,6.168,-16.799,0.09,1.32,0.13
ATOM,5136.0,HB2,ALA,354.0,75.848,7.602,-17.046,0.09,1.32,7.95
ATOM,5137.0,HB3,ALA,354.0,77.219,7.241,-17.853,0.09,1.32,0.0
ATOM,5138.0,N,GLU,355.0,76.271,8.01,-13.806,-0.47,1.85,0.0
ATOM,5139.0,CA,GLU,355.0,75.419,8.714,-12.854,0.07,2.275,0.65
ATOM,5140.0,C,GLU,355.0,76.244,9.572,-11.904,0.51,2.0,0.0
ATOM,5141.0,O,GLU,355.0,75.751,10.555,-11.343,-0.51,1.7,15.7
ATOM,5142.0,CB,GLU,355.0,74.588,7.725,-12.041,-0.18,2.175,8.07
ATOM,5143.0,CG,GLU,355.0,73.586,6.964,-12.854,-0.28,2.175,19.13
ATOM,5144.0,CD,GLU,355.0,73.809,5.477,-12.795,0.62,2.0,3.1
ATOM,5145.0,OE1,GLU,355.0,73.845,4.914,-11.673,-0.76,1.7,26.44
ATOM,5146.0,OE2,GLU,355.0,73.944,4.869,-13.878,-0.76,1.7,18.27
ATOM,5147.0,H,GLU,355.0,76.618,7.045,-13.66,0.31,0.2245,0.0
ATOM,5148.0,HA,GLU,355.0,74.766,9.299,-13.353,0.09,1.32,4.47
ATOM,5149.0,HB2,GLU,355.0,75.212,7.077,-11.637,0.09,1.32,0.0
ATOM,5150.0,HB3,GLU,355.0,74.101,8.24,-11.356,0.09,1.32,8.65
ATOM,5151.0,HG2,GLU,355.0,72.687,7.144,-12.495,0.09,1.32,11.1
ATOM,5152.0,HG3,GLU,355.0,73.668,7.239,-13.796,0.09,1.32,4.2
ATOM,5153.0,N,HIS,356.0,77.483,9.16,-11.678,-0.47,1.85,0.0
ATOM,5154.0,CA,HIS,356.0,78.378,9.899,-10.798,0.07,2.275,0.0
ATOM,5155.0,C,HIS,356.0,78.63,11.314,-11.322,0.51,2.0,0.0
ATOM,5156.0,O,HIS,356.0,78.552,11.554,-12.528,-0.51,1.7,0.0
ATOM,5157.0,CB,HIS,356.0,79.699,9.144,-10.679,-0.08,2.175,0.0
ATOM,5158.0,CG,HIS,356.0,79.686,8.068,-9.643,0.22,1.8,0.0
ATOM,5159.0,H,HIS,356.0,77.753,8.288,-12.17,0.31,0.2245,0.0
ATOM,5160.0,HA,HIS,356.0,77.946,9.974,-9.89,0.09,1.32,0.04
ATOM,5161.0,HB2,HIS,356.0,79.919,8.725,-11.568,0.09,1.32,0.0
ATOM,5162.0,HB3,HIS,356.0,80.429,9.797,-10.447,0.09,1.32,0.0
ATOM,5163.0,ND1,HIS,356.0,80.818,7.375,-9.277,-0.7,1.85,0.0
ATOM,5164.0,CD2,HIS,356.0,78.687,7.598,-8.858,-0.05,1.8,0.8
ATOM,5165.0,CE1,HIS,356.0,80.521,6.529,-8.309,0.25,1.8,0.0
ATOM,5166.0,NE2,HIS,356.0,79.235,6.645,-8.036,-0.36,1.85,0.0
ATOM,5167.0,HD2,HIS,356.0,77.735,7.888,-8.874,0.09,1.468,4.42
ATOM,5168.0,HE1,HIS,356.0,81.157,5.907,-7.861,0.13,0.9,0.0
ATOM,5169.0,HE2,HIS,356.0,78.738,6.122,-7.339,0.32,0.2245,0.0
ATOM,5170.0,N,ARG,357.0,78.911,12.246,-10.415,-0.47,1.85,0.0
ATOM,5171.0,CA,ARG,357.0,79.197,13.633,-10.795,0.07,2.275,0.0
ATOM,5172.0,C,ARG,357.0,80.472,14.146,-10.125,0.51,2.0,0.0
ATOM,5173.0,O,ARG,357.0,80.701,13.914,-8.931,-0.51,1.7,0.0
ATOM,5174.0,CB,ARG,357.0,78.025,14.563,-10.464,-0.18,2.175,2.93
ATOM,5175.0,CG,ARG,357.0,76.842,14.423,-11.405,-0.18,2.175,9.09
ATOM,5176.0,CD,ARG,357.0,77.269,14.612,-12.851,0.2,2.175,2.04
ATOM,5177.0,NE,ARG,357.0,76.143,14.517,-13.776,-0.7,1.85,0.43
ATOM,5178.0,CZ,ARG,357.0,75.678,13.385,-14.292,0.64,2.0,1.27
ATOM,5179.0,NH1,ARG,357.0,76.231,12.22,-13.984,-0.8,1.85,0.25
ATOM,5180.0,NH2,ARG,357.0,74.649,13.42,-15.123,-0.8,1.85,17.2
ATOM,5181.0,H,ARG,357.0,78.911,11.914,-9.432,0.31,0.2245,0.0
ATOM,5182.0,HA,ARG,357.0,79.32,13.675,-11.795,0.09,1.32,0.0
ATOM,5183.0,HB2,ARG,357.0,77.715,14.354,-9.542,0.09,1.32,0.0
ATOM,5184.0,HB3,ARG,357.0,78.351,15.502,-10.513,0.09,1.32,0.0
ATOM,5185.0,HG2,ARG,357.0,76.449,13.514,-11.313,0.09,1.32,0.0
ATOM,5186.0,HG3,ARG,357.0,76.161,15.116,-11.19,0.09,1.32,0.02
ATOM,5187.0,HD2,ARG,357.0,77.689,15.513,-12.935,0.09,1.32,0.0
ATOM,5188.0,HD3,ARG,357.0,77.937,13.904,-13.071,0.09,1.32,0.0
ATOM,5189.0,HE,ARG,357.0,75.683,15.377,-14.044,0.44,0.2245,0.0
ATOM,5190.0,HH11,ARG,357.0,76.995,12.172,-13.343,0.46,0.2245,0.0
ATOM,5191.0,HH12,ARG,357.0,75.879,11.375,-14.398,0.46,0.2245,0.0
ATOM,5192.0,HH21,ARG,357.0,74.212,14.294,-15.345,0.46,0.2245,9.87
ATOM,5193.0,HH22,ARG,357.0,74.302,12.575,-15.532,0.46,0.2245,13.85
ATOM,5194.0,N,GLY,358.0,81.278,14.868,-10.897,-0.47,1.85,0.0
ATOM,5195.0,CA,GLY,358.0,82.531,15.4,-10.4,-0.02,2.175,0.0
ATOM,5196.0,C,GLY,358.0,83.658,14.768,-11.195,0.51,2.0,0.0
ATOM,5197.0,O,GLY,358.0,83.399,13.998,-12.124,-0.51,1.7,0.0
ATOM,5198.0,H,GLY,358.0,80.934,15.012,-11.868,0.31,0.2245,1.45
ATOM,5199.0,HA2,GLY,358.0,82.552,16.389,-10.521,0.09,1.32,0.0
ATOM,5200.0,HA3,GLY,358.0,82.637,15.174,-9.435,0.09,1.32,0.9
ATOM,5201.0,N,MET,359.0,84.908,15.064,-10.849,-0.47,1.85,0.0
ATOM,5202.0,CA,MET,359.0,86.009,14.467,-11.593,0.07,2.275,0.0
ATOM,5203.0,C,MET,359.0,86.531,13.17,-10.989,0.51,2.0,0.0
ATOM,5204.0,O,MET,359.0,87.457,12.559,-11.524,-0.51,1.7,0.0
ATOM,5205.0,CB,MET,359.0,87.151,15.465,-11.818,-0.18,2.175,0.0
ATOM,5206.0,CG,MET,359.0,87.898,15.919,-10.584,-0.14,2.175,0.0
ATOM,5207.0,SD,MET,359.0,89.344,16.889,-11.081,-0.09,2.0,0.0
ATOM,5208.0,CE,MET,359.0,88.571,18.448,-11.469,-0.22,2.06,0.0
ATOM,5209.0,H,MET,359.0,85.017,15.707,-10.064,0.31,0.2245,0.38
ATOM,5210.0,HA,MET,359.0,85.677,14.261,-12.534,0.09,1.32,0.0
ATOM,5211.0,HB2,MET,359.0,87.82,15.049,-12.464,0.09,1.32,0.0
ATOM,5212.0,HB3,MET,359.0,86.772,16.288,-12.286,0.09,1.32,0.0
ATOM,5213.0,HG2,MET,359.0,87.282,16.473,-10.006,0.09,1.32,0.0
ATOM,5214.0,HG3,MET,359.0,88.181,15.111,-10.048,0.09,1.32,0.0
ATOM,5215.0,HE1,MET,359.0,87.78,18.593,-10.871,0.09,1.32,0.0
ATOM,5216.0,HE2,MET,359.0,89.226,19.195,-11.334,0.09,1.32,0.0
ATOM,5217.0,HE3,MET,359.0,88.266,18.448,-12.424,0.09,1.32,0.0
ATOM,5218.0,N,PHE,360.0,85.914,12.724,-9.906,-0.47,1.85,0.0
ATOM,5219.0,CA,PHE,360.0,86.342,11.497,-9.251,0.07,2.275,0.0
ATOM,5220.0,C,PHE,360.0,85.236,10.47,-9.2,0.51,2.0,0.0
ATOM,5221.0,O,PHE,360.0,84.046,10.802,-9.243,-0.51,1.7,0.0
ATOM,5222.0,CB,PHE,360.0,86.811,11.769,-7.815,-0.18,2.175,0.0
ATOM,5223.0,CG,PHE,360.0,87.984,12.696,-7.717,0.0,1.9924,0.0
ATOM,5224.0,CD1,PHE,360.0,89.215,12.347,-8.262,-0.115,1.9924,0.0
ATOM,5225.0,CD2,PHE,360.0,87.864,13.918,-7.073,-0.115,1.9924,0.0
ATOM,5226.0,CE1,PHE,360.0,90.306,13.203,-8.163,-0.115,1.9924,0.0
ATOM,5227.0,CE2,PHE,360.0,88.951,14.78,-6.97,-0.115,1.9924,0.23
ATOM,5228.0,CZ,PHE,360.0,90.175,14.42,-7.517,-0.115,1.9924,1.05
ATOM,5229.0,H,PHE,360.0,85.125,13.307,-9.576,0.31,0.2245,0.97
ATOM,5230.0,HA,PHE,360.0,87.083,11.106,-9.818,0.09,1.32,0.0
ATOM,5231.0,HB2,PHE,360.0,86.053,12.176,-7.325,0.09,1.32,0.2
ATOM,5232.0,HB3,PHE,360.0,87.069,10.9,-7.415,0.09,1.32,0.0
ATOM,5233.0,HD1,PHE,360.0,89.32,11.475,-8.731,0.115,1.3582,0.0
ATOM,5234.0,HD2,PHE,360.0,86.985,14.186,-6.677,0.115,1.3582,1.77
ATOM,5235.0,HE1,PHE,360.0,91.189,12.928,-8.564,0.115,1.3582,0.0
ATOM,5236.0,HE2,PHE,360.0,88.843,15.667,-6.494,0.115,1.3582,0.0
ATOM,5237.0,HZ,PHE,360.0,90.958,15.035,-7.446,0.115,1.3582,0.24
ATOM,5238.0,N,SER,361.0,85.647,9.215,-9.094,-0.47,1.85,0.0
ATOM,5239.0,CA,SER,361.0,84.73,8.094,-8.988,0.07,2.275,0.0
ATOM,5240.0,C,SER,361.0,85.467,6.954,-8.33,0.51,2.0,0.0
ATOM,5241.0,O,SER,361.0,86.642,6.736,-8.606,-0.51,1.7,0.0
ATOM,5242.0,CB,SER,361.0,84.224,7.639,-10.365,0.05,2.175,0.0
ATOM,5243.0,OG,SER,361.0,83.01,8.276,-10.721,-0.66,1.77,0.0
ATOM,5244.0,H,SER,361.0,86.689,9.102,-9.093,0.31,0.2245,0.0
ATOM,5245.0,HA,SER,361.0,83.975,8.363,-8.394,0.09,1.32,0.0
ATOM,5246.0,HB2,SER,361.0,84.919,7.858,-11.048,0.09,1.32,0.0
ATOM,5247.0,HB3,SER,361.0,84.078,6.651,-10.339,0.09,1.32,0.0
ATOM,5248.0,HG,SER,361.0,82.92,9.13,-10.211,0.43,0.2245,0.0
ATOM,5249.0,N,ARG,362.0,84.812,6.306,-7.377,-0.47,1.85,0.0
ATOM,5250.0,CA,ARG,362.0,85.39,5.148,-6.729,0.07,2.275,0.0
ATOM,5251.0,C,ARG,362.0,84.735,3.97,-7.452,0.51,2.0,0.0
ATOM,5252.0,O,ARG,362.0,83.509,3.831,-7.45,-0.51,1.7,0.0
ATOM,5253.0,CB,ARG,362.0,85.066,5.112,-5.237,-0.18,2.175,0.0
ATOM,5254.0,CG,ARG,362.0,85.66,3.896,-4.553,-0.18,2.175,0.0
ATOM,5255.0,CD,ARG,362.0,85.327,3.822,-3.096,0.2,2.175,0.13
ATOM,5256.0,NE,ARG,362.0,86.044,4.816,-2.312,-0.7,1.85,0.0
ATOM,5257.0,CZ,ARG,362.0,86.306,4.678,-1.015,0.64,2.0,0.0
ATOM,5258.0,NH1,ARG,362.0,85.915,3.586,-0.373,-0.8,1.85,12.92
ATOM,5259.0,NH2,ARG,362.0,86.964,5.626,-0.355,-0.8,1.85,1.76
ATOM,5260.0,H,ARG,362.0,83.878,6.693,-7.146,0.31,0.2245,0.0
ATOM,5261.0,HA,ARG,362.0,86.354,5.121,-6.898,0.09,1.32,0.0
ATOM,5262.0,HB2,ARG,362.0,85.446,5.921,-4.816,0.09,1.32,0.0
ATOM,5263.0,HB3,ARG,362.0,84.084,5.078,-5.132,0.09,1.32,0.0
ATOM,5264.0,HG2,ARG,362.0,85.316,3.065,-5.003,0.09,1.32,0.0
ATOM,5265.0,HG3,ARG,362.0,86.661,3.921,-4.651,0.09,1.32,0.0
ATOM,5266.0,HD2,ARG,362.0,84.343,3.968,-2.986,0.09,1.32,0.0
ATOM,5267.0,HD3,ARG,362.0,85.565,2.909,-2.761,0.09,1.32,3.16
ATOM,5268.0,HE,ARG,362.0,86.358,5.649,-2.771,0.44,0.2245,0.0
ATOM,5269.0,HH11,ARG,362.0,85.442,2.848,-0.845,0.46,0.2245,8.16
ATOM,5270.0,HH12,ARG,362.0,86.101,3.498,0.615,0.46,0.2245,14.67
ATOM,5271.0,HH21,ARG,362.0,87.278,6.44,-0.854,0.46,0.2245,0.0
ATOM,5272.0,HH22,ARG,362.0,87.144,5.531,0.618,0.46,0.2245,7.49
ATOM,5273.0,N,LEU,363.0,85.554,3.177,-8.136,-0.47,1.85,0.0
ATOM,5274.0,CA,LEU,363.0,85.081,2.023,-8.895,0.07,2.275,0.0
ATOM,5275.0,C,LEU,363.0,84.55,0.907,-8.013,0.51,2.0,0.0
ATOM,5276.0,O,LEU,363.0,83.787,0.065,-8.468,-0.51,1.7,0.0
ATOM,5277.0,CB,LEU,363.0,86.214,1.459,-9.751,-0.18,2.175,0.0
ATOM,5278.0,CG,LEU,363.0,86.878,2.382,-10.763,-0.09,2.275,0.0
ATOM,5279.0,CD1,LEU,363.0,88.07,1.663,-11.361,-0.27,2.06,0.41
ATOM,5280.0,CD2,LEU,363.0,85.879,2.791,-11.839,-0.27,2.06,0.0
ATOM,5281.0,H,LEU,363.0,86.561,3.449,-8.084,0.31,0.2245,0.0
ATOM,5282.0,HA,LEU,363.0,84.332,2.33,-9.509,0.09,1.32,0.0
ATOM,5283.0,HB2,LEU,363.0,86.933,1.133,-9.127,0.09,1.32,0.0
ATOM,5284.0,HB3,LEU,363.0,85.849,0.672,-10.258,0.09,1.32,0.0
ATOM,5285.0,HG,LEU,363.0,87.183,3.206,-10.302,0.09,1.32,0.0
ATOM,5286.0,HD11,LEU,363.0,87.765,0.824,-11.815,0.09,1.32,0.0
ATOM,5287.0,HD12,LEU,363.0,88.521,2.256,-12.031,0.09,1.32,0.0
ATOM,5288.0,HD13,LEU,363.0,88.721,1.428,-10.637,0.09,1.32,0.0
ATOM,5289.0,HD21,LEU,363.0,85.11,3.27,-11.415,0.09,1.32,0.0
ATOM,5290.0,HD22,LEU,363.0,86.327,3.397,-12.497,0.09,1.32,0.0
ATOM,5291.0,HD23,LEU,363.0,85.545,1.975,-12.311,0.09,1.32,0.0
ATOM,5292.0,N,GLY,364.0,85.012,0.868,-6.769,-0.47,1.85,0.0
ATOM,5293.0,CA,GLY,364.0,84.578,-0.178,-5.862,-0.02,2.175,2.93
ATOM,5294.0,C,GLY,364.0,85.409,-1.437,-6.042,0.51,2.0,0.64
ATOM,5295.0,O,GLY,364.0,84.897,-2.548,-5.929,-0.51,1.7,13.89
ATOM,5296.0,H,GLY,364.0,85.676,1.614,-6.519,0.31,0.2245,0.0
ATOM,5297.0,HA2,GLY,364.0,84.663,0.143,-4.91,0.09,1.32,3.02
ATOM,5298.0,HA3,GLY,364.0,83.607,-0.393,-6.033,0.09,1.32,0.0
ATOM,5299.0,N,ALA,365.0,86.689,-1.26,-6.358,-0.47,1.85,0.0
ATOM,5300.0,CA,ALA,365.0,87.604,-2.382,-6.537,0.07,2.275,0.0
ATOM,5301.0,C,ALA,365.0,88.33,-2.565,-5.217,0.51,2.0,0.51
ATOM,5302.0,O,ALA,365.0,88.546,-1.593,-4.489,-0.51,1.7,9.14
ATOM,5303.0,CB,ALA,365.0,88.601,-2.08,-7.641,-0.27,2.06,0.0
ATOM,5304.0,H,ALA,365.0,86.976,-0.265,-6.465,0.31,0.2245,0.0
ATOM,5305.0,HA,ALA,365.0,87.079,-3.2,-6.732,0.09,1.32,0.0
ATOM,5306.0,HB1,ALA,365.0,88.336,-2.565,-8.475,0.09,1.32,0.0
ATOM,5307.0,HB2,ALA,365.0,88.616,-1.096,-7.821,0.09,1.32,0.0
ATOM,5308.0,HB3,ALA,365.0,89.514,-2.379,-7.361,0.09,1.32,0.0
ATOM,5309.0,N,THR,366.0,88.657,-3.806,-4.879,-0.47,1.85,0.0
ATOM,5310.0,CA,THR,366.0,89.379,-4.087,-3.643,0.07,2.275,0.34
ATOM,5311.0,C,THR,366.0,90.858,-3.807,-3.887,0.51,2.0,0.0
ATOM,5312.0,O,THR,366.0,91.309,-3.822,-5.033,-0.51,1.7,0.0
ATOM,5313.0,CB,THR,366.0,89.244,-5.554,-3.264,0.14,2.275,2.97
ATOM,5314.0,OG1,THR,366.0,89.799,-6.359,-4.311,-0.66,1.77,4.03
ATOM,5315.0,CG2,THR,366.0,87.784,-5.92,-3.068,-0.27,2.06,36.22
ATOM,5316.0,H,THR,366.0,88.363,-4.537,-5.55,0.31,0.2245,0.0
ATOM,5317.0,HA,THR,366.0,89.054,-3.468,-2.934,0.09,1.32,2.59
ATOM,5318.0,HB,THR,366.0,89.778,-5.733,-2.413,0.09,1.32,3.72
ATOM,5319.0,HG21,THR,366.0,87.711,-6.852,-2.705,0.09,1.32,11.8
ATOM,5320.0,HG22,THR,366.0,87.356,-5.283,-2.422,0.09,1.32,10.46
ATOM,5321.0,HG23,THR,366.0,87.299,-5.872,-3.945,0.09,1.32,2.18
ATOM,5322.0,HG1,THR,366.0,89.17,-6.396,-5.094,0.43,0.2245,0.23
ATOM,5323.0,N,PRO,367.0,91.645,-3.589,-2.813,-0.29,1.85,0.0
ATOM,5324.0,CA,PRO,367.0,93.083,-3.316,-2.953,0.02,2.275,0.97
ATOM,5325.0,C,PRO,367.0,93.816,-4.336,-3.821,0.51,2.0,0.51
ATOM,5326.0,O,PRO,367.0,94.677,-3.971,-4.623,-0.51,1.7,3.01
ATOM,5327.0,CB,PRO,367.0,93.568,-3.333,-1.51,-0.18,2.175,18.4
ATOM,5328.0,CG,PRO,367.0,92.406,-2.695,-0.791,-0.18,2.175,22.67
ATOM,5329.0,CD,PRO,367.0,91.218,-3.415,-1.409,0.0,2.175,12.55
ATOM,5330.0,HA,PRO,367.0,93.23,-2.374,-3.308,0.09,1.32,0.16
ATOM,5331.0,HB2,PRO,367.0,93.711,-4.26,-1.19,0.09,1.32,5.88
ATOM,5332.0,HB3,PRO,367.0,94.389,-2.79,-1.4,0.09,1.32,11.36
ATOM,5333.0,HG2,PRO,367.0,92.458,-2.871,0.18,0.09,1.32,11.3
ATOM,5334.0,HG3,PRO,367.0,92.369,-1.726,-0.981,0.09,1.32,1.62
ATOM,5335.0,HD2,PRO,367.0,91.067,-4.297,-0.975,0.09,1.32,6.87
ATOM,5336.0,HD3,PRO,367.0,90.394,-2.859,-1.358,0.09,1.32,6.36
ATOM,5337.0,N,GLU,368.0,93.455,-5.611,-3.678,-0.47,1.85,0.22
ATOM,5338.0,CA,GLU,368.0,94.061,-6.679,-4.474,0.07,2.275,1.03
ATOM,5339.0,C,GLU,368.0,93.85,-6.381,-5.944,0.51,2.0,0.0
ATOM,5340.0,O,GLU,368.0,94.803,-6.377,-6.72,-0.51,1.7,0.61
ATOM,5341.0,CB,GLU,368.0,93.431,-8.035,-4.155,-0.18,2.175,3.93
ATOM,5342.0,CG,GLU,368.0,93.876,-8.623,-2.833,-0.28,2.175,15.03
ATOM,5343.0,CD,GLU,368.0,93.562,-10.107,-2.693,0.62,2.0,6.28
ATOM,5344.0,OE1,GLU,368.0,93.04,-10.723,-3.653,-0.76,1.7,38.55
ATOM,5345.0,OE2,GLU,368.0,93.854,-10.663,-1.611,-0.76,1.7,48.17
ATOM,5346.0,H,GLU,368.0,92.719,-5.778,-2.965,0.31,0.2245,0.07
ATOM,5347.0,HA,GLU,368.0,95.039,-6.732,-4.274,0.09,1.32,0.01
ATOM,5348.0,HB2,GLU,368.0,92.455,-7.908,-4.115,0.09,1.32,0.6
ATOM,5349.0,HB3,GLU,368.0,93.694,-8.661,-4.867,0.09,1.32,3.74
ATOM,5350.0,HG2,GLU,368.0,94.854,-8.522,-2.759,0.09,1.32,2.56
ATOM,5351.0,HG3,GLU,368.0,93.404,-8.155,-2.106,0.09,1.32,6.96
ATOM,5352.0,N,GLN,369.0,92.596,-6.107,-6.308,-0.47,1.85,0.0
ATOM,5353.0,CA,GLN,369.0,92.222,-5.789,-7.683,0.07,2.275,0.0
ATOM,5354.0,C,GLN,369.0,92.894,-4.512,-8.183,0.51,2.0,0.0
ATOM,5355.0,O,GLN,369.0,93.284,-4.428,-9.349,-0.51,1.7,0.0
ATOM,5356.0,CB,GLN,369.0,90.699,-5.673,-7.81,-0.18,2.175,0.0
ATOM,5357.0,CG,GLN,369.0,89.98,-6.994,-7.574,-0.18,2.175,9.08
ATOM,5358.0,CD,GLN,369.0,88.469,-6.857,-7.578,0.55,2.0,1.0
ATOM,5359.0,H,GLN,369.0,91.906,-6.14,-5.523,0.31,0.2245,0.0
ATOM,5360.0,HA,GLN,369.0,92.531,-6.549,-8.273,0.09,1.32,0.0
ATOM,5361.0,HB2,GLN,369.0,90.37,-5.015,-7.137,0.09,1.32,0.0
ATOM,5362.0,HB3,GLN,369.0,90.477,-5.358,-8.73,0.09,1.32,0.0
ATOM,5363.0,HG2,GLN,369.0,90.244,-7.635,-8.296,0.09,1.32,0.68
ATOM,5364.0,HG3,GLN,369.0,90.265,-7.36,-6.687,0.09,1.32,0.98
ATOM,5365.0,OE1,GLN,369.0,87.913,-5.991,-6.904,-0.55,1.7,3.45
ATOM,5366.0,NE2,GLN,369.0,87.8,-7.713,-8.338,-0.62,1.85,10.24
ATOM,5367.0,HE21,GLN,369.0,86.784,-7.691,-8.381,0.32,0.2245,5.27
ATOM,5368.0,HE22,GLN,369.0,88.321,-8.398,-8.884,0.3,0.2245,2.78
ATOM,5369.0,N,VAL,370.0,93.025,-3.522,-7.303,-0.47,1.85,0.0
ATOM,5370.0,CA,VAL,370.0,93.678,-2.272,-7.664,0.07,2.275,0.0
ATOM,5371.0,C,VAL,370.0,95.14,-2.572,-7.965,0.51,2.0,0.0
ATOM,5372.0,O,VAL,370.0,95.719,-2.004,-8.894,-0.51,1.7,0.22
ATOM,5373.0,CB,VAL,370.0,93.559,-1.211,-6.541,-0.09,2.275,0.0
ATOM,5374.0,CG1,VAL,370.0,94.466,0.001,-6.823,-0.27,2.06,5.12
ATOM,5375.0,CG2,VAL,370.0,92.112,-0.751,-6.422,-0.27,2.06,0.0
ATOM,5376.0,H,VAL,370.0,92.631,-3.716,-6.365,0.31,0.2245,0.0
ATOM,5377.0,HA,VAL,370.0,93.256,-1.926,-8.497,0.09,1.32,0.0
ATOM,5378.0,HB,VAL,370.0,93.888,-1.624,-5.698,0.09,1.32,0.2
ATOM,5379.0,HG11,VAL,370.0,94.602,0.083,-7.807,0.09,1.32,0.06
ATOM,5380.0,HG12,VAL,370.0,94.027,0.824,-6.471,0.09,1.32,0.0
ATOM,5381.0,HG13,VAL,370.0,95.343,-0.137,-6.369,0.09,1.32,8.35
ATOM,5382.0,HG21,VAL,370.0,91.741,-1.055,-5.545,0.09,1.32,0.0
ATOM,5383.0,HG22,VAL,370.0,92.078,0.247,-6.475,0.09,1.32,0.0
ATOM,5384.0,HG23,VAL,370.0,91.578,-1.146,-7.169,0.09,1.32,0.0
ATOM,5385.0,N,LYS,371.0,95.718,-3.505,-7.216,-0.47,1.85,0.03
ATOM,5386.0,CA,LYS,371.0,97.112,-3.888,-7.43,0.07,2.275,0.93
ATOM,5387.0,C,LYS,371.0,97.283,-4.72,-8.716,0.51,2.0,0.0
ATOM,5388.0,O,LYS,371.0,98.292,-4.578,-9.415,-0.51,1.7,0.0
ATOM,5389.0,CB,LYS,371.0,97.644,-4.642,-6.209,-0.18,2.175,1.73
ATOM,5390.0,CG,LYS,371.0,99.114,-5.02,-6.304,-0.18,2.175,0.42
ATOM,5391.0,CD,LYS,371.0,99.667,-5.481,-4.955,-0.18,2.175,9.29
ATOM,5392.0,CE,LYS,371.0,98.98,-6.75,-4.443,0.21,2.175,11.92
ATOM,5393.0,NZ,LYS,371.0,99.42,-7.074,-3.047,-0.3,1.85,15.05
ATOM,5394.0,H,LYS,371.0,95.113,-3.924,-6.49,0.31,0.2245,0.0
ATOM,5395.0,HA,LYS,371.0,97.673,-3.054,-7.517,0.09,1.32,1.22
ATOM,5396.0,HB2,LYS,371.0,97.52,-4.062,-5.406,0.09,1.32,5.05
ATOM,5397.0,HB3,LYS,371.0,97.11,-5.48,-6.104,0.09,1.32,0.0
ATOM,5398.0,HG2,LYS,371.0,99.22,-5.764,-6.964,0.09,1.32,0.0
ATOM,5399.0,HG3,LYS,371.0,99.639,-4.226,-6.61,0.09,1.32,0.0
ATOM,5400.0,HD2,LYS,371.0,100.641,-5.669,-5.055,0.09,1.32,5.97
ATOM,5401.0,HD3,LYS,371.0,99.527,-4.756,-4.285,0.09,1.32,8.47
ATOM,5402.0,HE2,LYS,371.0,97.992,-6.608,-4.45,0.05,1.32,0.0
ATOM,5403.0,HE3,LYS,371.0,99.216,-7.51,-5.045,0.05,1.32,7.74
ATOM,5404.0,HZ1,LYS,371.0,99.886,-6.281,-2.66,0.33,0.2245,14.81
ATOM,5405.0,HZ2,LYS,371.0,98.619,-7.299,-2.496,0.33,0.2245,14.76
ATOM,5406.0,HZ3,LYS,371.0,100.042,-7.853,-3.074,0.33,0.2245,20.41
ATOM,5407.0,N,ARG,372.0,96.293,-5.563,-9.031,-0.47,1.85,0.0
ATOM,5408.0,CA,ARG,372.0,96.305,-6.407,-10.234,0.07,2.275,0.0
ATOM,5409.0,C,ARG,372.0,96.312,-5.54,-11.473,0.51,2.0,0.0
ATOM,5410.0,O,ARG,372.0,97.026,-5.825,-12.432,-0.51,1.7,0.0
ATOM,5411.0,CB,ARG,372.0,95.057,-7.29,-10.304,-0.18,2.175,0.0
ATOM,5412.0,CG,ARG,372.0,95.115,-8.599,-9.552,-0.18,2.175,0.73
ATOM,5413.0,CD,ARG,372.0,95.565,-9.761,-10.434,0.2,2.175,4.04
ATOM,5414.0,NE,ARG,372.0,95.472,-11.03,-9.708,-0.7,1.85,7.85
ATOM,5415.0,CZ,ARG,372.0,95.984,-12.192,-10.118,0.64,2.0,3.84
ATOM,5416.0,NH1,ARG,372.0,96.645,-12.28,-11.267,-0.8,1.85,21.66
ATOM,5417.0,NH2,ARG,372.0,95.824,-13.276,-9.37,-0.8,1.85,28.59
ATOM,5418.0,H,ARG,372.0,95.504,-5.571,-8.344,0.31,0.2245,0.0
ATOM,5419.0,HA,ARG,372.0,97.137,-6.968,-10.22,0.09,1.32,0.0
ATOM,5420.0,HB2,ARG,372.0,94.282,-6.757,-9.945,0.09,1.32,0.0
ATOM,5421.0,HB3,ARG,372.0,94.878,-7.494,-11.274,0.09,1.32,0.0
ATOM,5422.0,HG2,ARG,372.0,95.762,-8.524,-8.791,0.09,1.32,5.3
ATOM,5423.0,HG3,ARG,372.0,94.208,-8.823,-9.193,0.09,1.32,3.02
ATOM,5424.0,HD2,ARG,372.0,94.974,-9.792,-11.228,0.09,1.32,2.02
ATOM,5425.0,HD3,ARG,372.0,96.506,-9.6,-10.697,0.09,1.32,1.8
ATOM,5426.0,HE,ARG,372.0,94.979,-11.026,-8.823,0.44,0.2245,10.63
ATOM,5427.0,HH11,ARG,372.0,96.786,-11.47,-11.833,0.46,0.2245,0.0
ATOM,5428.0,HH12,ARG,372.0,97.006,-13.166,-11.568,0.46,0.2245,18.53
ATOM,5429.0,HH21,ARG,372.0,95.339,-13.214,-8.496,0.46,0.2245,18.08
ATOM,5430.0,HH22,ARG,372.0,96.188,-14.156,-9.676,0.46,0.2245,18.36
ATOM,5431.0,N,ILE,373.0,95.477,-4.503,-11.458,-0.47,1.85,0.0
ATOM,5432.0,CA,ILE,373.0,95.366,-3.565,-12.579,0.07,2.275,0.0
ATOM,5433.0,C,ILE,373.0,96.709,-2.901,-12.874,0.51,2.0,0.0
ATOM,5434.0,O,ILE,373.0,97.125,-2.816,-14.028,-0.51,1.7,0.0
ATOM,5435.0,CB,ILE,373.0,94.292,-2.481,-12.314,-0.09,2.275,0.0
ATOM,5436.0,CG1,ILE,373.0,92.923,-3.135,-12.118,-0.18,2.175,0.0
ATOM,5437.0,CG2,ILE,373.0,94.218,-1.519,-13.484,-0.27,2.06,0.0
ATOM,5438.0,CD1,ILE,373.0,91.807,-2.166,-11.797,-0.27,2.06,0.22
ATOM,5439.0,H,ILE,373.0,94.912,-4.415,-10.586,0.31,0.2245,0.0
ATOM,5440.0,HA,ILE,373.0,95.135,-4.118,-13.385,0.09,1.32,0.0
ATOM,5441.0,HB,ILE,373.0,94.535,-2.013,-11.474,0.09,1.32,0.0
ATOM,5442.0,HG12,ILE,373.0,92.689,-3.634,-12.954,0.09,1.32,0.0
ATOM,5443.0,HG13,ILE,373.0,92.998,-3.797,-11.369,0.09,1.32,0.0
ATOM,5444.0,HG21,ILE,373.0,93.534,-0.815,-13.298,0.09,1.32,0.0
ATOM,5445.0,HG22,ILE,373.0,95.109,-1.086,-13.62,0.09,1.32,0.0
ATOM,5446.0,HG23,ILE,373.0,93.962,-2.016,-14.313,0.09,1.32,0.0
ATOM,5447.0,HD11,ILE,373.0,91.713,-1.51,-12.544,0.09,1.32,0.0
ATOM,5448.0,HD12,ILE,373.0,90.952,-2.67,-11.685,0.09,1.32,0.0
ATOM,5449.0,HD13,ILE,373.0,92.022,-1.681,-10.951,0.09,1.32,0.0
ATOM,5450.0,N,LYS,374.0,97.394,-2.454,-11.83,-0.47,1.85,0.0
ATOM,5451.0,CA,LYS,374.0,98.697,-1.816,-11.988,0.07,2.275,0.0
ATOM,5452.0,C,LYS,374.0,99.729,-2.798,-12.575,0.51,2.0,0.0
ATOM,5453.0,O,LYS,374.0,100.265,-2.57,-13.659,-0.51,1.7,0.0
ATOM,5454.0,CB,LYS,374.0,99.173,-1.282,-10.642,-0.18,2.175,0.19
ATOM,5455.0,CG,LYS,374.0,100.428,-0.435,-10.719,-0.18,2.175,0.02
ATOM,5456.0,CD,LYS,374.0,100.852,0.03,-9.34,-0.18,2.175,0.26
ATOM,5457.0,CE,LYS,374.0,101.203,-1.15,-8.451,0.21,2.175,2.5
ATOM,5458.0,NZ,LYS,374.0,101.479,-0.705,-7.064,-0.3,1.85,6.69
ATOM,5459.0,H,LYS,374.0,96.934,-2.594,-10.91,0.31,0.2245,0.0
ATOM,5460.0,HA,LYS,374.0,98.609,-1.037,-12.619,0.09,1.32,0.0
ATOM,5461.0,HB2,LYS,374.0,98.441,-0.725,-10.25,0.09,1.32,1.29
ATOM,5462.0,HB3,LYS,374.0,99.355,-2.062,-10.043,0.09,1.32,0.0
ATOM,5463.0,HG2,LYS,374.0,101.165,-0.978,-11.119,0.09,1.32,1.0
ATOM,5464.0,HG3,LYS,374.0,100.25,0.364,-11.291,0.09,1.32,0.0
ATOM,5465.0,HD2,LYS,374.0,101.653,0.611,-9.427,0.09,1.32,0.0
ATOM,5466.0,HD3,LYS,374.0,100.102,0.53,-8.921,0.09,1.32,4.71
ATOM,5467.0,HE2,LYS,374.0,100.436,-1.793,-8.447,0.05,1.32,0.0
ATOM,5468.0,HE3,LYS,374.0,102.014,-1.605,-8.821,0.05,1.32,6.76
ATOM,5469.0,HZ1,LYS,374.0,101.484,-1.498,-6.453,0.33,0.2245,11.36
ATOM,5470.0,HZ2,LYS,374.0,102.371,-0.253,-7.029,0.33,0.2245,0.0
ATOM,5471.0,HZ3,LYS,374.0,100.769,-0.064,-6.771,0.33,0.2245,13.71
ATOM,5472.0,N,GLU,375.0,99.947,-3.914,-11.884,-0.47,1.85,0.0
ATOM,5473.0,CA,GLU,375.0,100.901,-4.936,-12.319,0.07,2.275,0.39
ATOM,5474.0,C,GLU,375.0,100.662,-5.512,-13.705,0.51,2.0,0.0
ATOM,5475.0,O,GLU,375.0,101.607,-5.746,-14.455,-0.51,1.7,17.09
ATOM,5476.0,CB,GLU,375.0,100.948,-6.079,-11.31,-0.18,2.175,4.56
ATOM,5477.0,CG,GLU,375.0,101.686,-5.731,-10.032,-0.28,2.175,10.89
ATOM,5478.0,CD,GLU,375.0,101.264,-6.587,-8.858,0.62,2.0,3.08
ATOM,5479.0,OE1,GLU,375.0,100.194,-7.23,-8.945,-0.76,1.7,14.68
ATOM,5480.0,OE2,GLU,375.0,101.99,-6.607,-7.836,-0.76,1.7,30.72
ATOM,5481.0,H,GLU,375.0,99.383,-3.999,-11.01,0.31,0.2245,0.0
ATOM,5482.0,HA,GLU,375.0,101.85,-4.544,-12.276,0.09,1.32,4.54
ATOM,5483.0,HB2,GLU,375.0,100.022,-6.305,-11.069,0.09,1.32,0.0
ATOM,5484.0,HB3,GLU,375.0,101.417,-6.833,-11.731,0.09,1.32,8.3
ATOM,5485.0,HG2,GLU,375.0,102.647,-5.88,-10.18,0.09,1.32,10.97
ATOM,5486.0,HG3,GLU,375.0,101.488,-4.795,-9.804,0.09,1.32,0.0
ATOM,5487.0,N,GLU,376.0,99.403,-5.744,-14.043,-0.47,1.85,0.0
ATOM,5488.0,CA,GLU,376.0,99.055,-6.319,-15.335,0.07,2.275,0.56
ATOM,5489.0,C,GLU,376.0,98.742,-5.325,-16.445,0.51,2.0,0.0
ATOM,5490.0,O,GLU,376.0,99.033,-5.587,-17.616,-0.51,1.7,27.02
ATOM,5491.0,CB,GLU,376.0,97.856,-7.254,-15.173,-0.18,2.175,1.45
ATOM,5492.0,CG,GLU,376.0,98.119,-8.481,-14.323,-0.28,2.175,11.72
ATOM,5493.0,CD,GLU,376.0,96.884,-9.339,-14.116,0.62,2.0,3.09
ATOM,5494.0,OE1,GLU,376.0,95.84,-9.105,-14.77,-0.76,1.7,11.45
ATOM,5495.0,OE2,GLU,376.0,96.961,-10.253,-13.278,-0.76,1.7,11.8
ATOM,5496.0,H,GLU,376.0,98.7,-5.486,-13.323,0.31,0.2245,0.0
ATOM,5497.0,HA,GLU,376.0,99.819,-6.936,-15.645,0.09,1.32,6.49
ATOM,5498.0,HB2,GLU,376.0,97.132,-6.739,-14.741,0.09,1.32,0.0
ATOM,5499.0,HB3,GLU,376.0,97.594,-7.563,-16.073,0.09,1.32,4.03
ATOM,5500.0,HG2,GLU,376.0,98.792,-9.037,-14.779,0.09,1.32,9.95
ATOM,5501.0,HG3,GLU,376.0,98.425,-8.186,-13.435,0.09,1.32,0.4
ATOM,5502.0,N,PHE,377.0,98.133,-4.199,-16.087,-0.47,1.85,0.0
ATOM,5503.0,CA,PHE,377.0,97.734,-3.213,-17.084,0.07,2.275,0.94
ATOM,5504.0,C,PHE,377.0,98.456,-1.879,-17.053,0.51,2.0,1.72
ATOM,5505.0,O,PHE,377.0,98.277,-1.052,-17.952,-0.51,1.7,9.69
ATOM,5506.0,CB,PHE,377.0,96.209,-3.029,-17.05,-0.18,2.175,0.0
ATOM,5507.0,CG,PHE,377.0,95.458,-4.278,-17.422,0.0,1.9924,0.0
ATOM,5508.0,CD1,PHE,377.0,95.206,-4.581,-18.759,-0.115,1.9924,3.01
ATOM,5509.0,CD2,PHE,377.0,95.085,-5.199,-16.447,-0.115,1.9924,0.0
ATOM,5510.0,CE1,PHE,377.0,94.603,-5.785,-19.117,-0.115,1.9924,3.54
ATOM,5511.0,CE2,PHE,377.0,94.479,-6.408,-16.798,-0.115,1.9924,0.0
ATOM,5512.0,CZ,PHE,377.0,94.242,-6.701,-18.132,-0.115,1.9924,4.82
ATOM,5513.0,H,PHE,377.0,97.973,-4.089,-15.072,0.31,0.2245,0.0
ATOM,5514.0,HA,PHE,377.0,97.929,-3.632,-18.003,0.09,1.32,3.64
ATOM,5515.0,HB2,PHE,377.0,95.957,-2.781,-16.131,0.09,1.32,0.0
ATOM,5516.0,HB3,PHE,377.0,95.977,-2.326,-17.699,0.09,1.32,0.0
ATOM,5517.0,HD1,PHE,377.0,95.459,-3.933,-19.47,0.115,1.3582,4.19
ATOM,5518.0,HD2,PHE,377.0,95.252,-4.995,-15.483,0.115,1.3582,0.0
ATOM,5519.0,HE1,PHE,377.0,94.431,-5.985,-20.087,0.115,1.3582,0.0
ATOM,5520.0,HE2,PHE,377.0,94.216,-7.061,-16.072,0.115,1.3582,0.0
ATOM,5521.0,HZ,PHE,377.0,93.814,-7.565,-18.393,0.115,1.3582,0.16
ATOM,5522.0,N,GLY,378.0,99.294,-1.687,-16.043,-0.47,1.85,0.24
ATOM,5523.0,CA,GLY,378.0,100.054,-0.455,-15.942,-0.02,2.175,0.17
ATOM,5524.0,C,GLY,378.0,99.237,0.777,-15.631,0.51,2.0,0.0
ATOM,5525.0,O,GLY,378.0,99.683,1.904,-15.859,-0.51,1.7,0.0
ATOM,5526.0,H,GLY,378.0,99.353,-2.462,-15.364,0.31,0.2245,0.0
ATOM,5527.0,HA2,GLY,378.0,100.778,-0.568,-15.223,0.09,1.32,0.0
ATOM,5528.0,HA3,GLY,378.0,100.565,-0.306,-16.82,0.09,1.32,1.75
ATOM,5529.0,N,ILE,379.0,98.041,0.568,-15.094,-0.47,1.85,0.0
ATOM,5530.0,CA,ILE,379.0,97.17,1.68,-14.749,0.07,2.275,0.0
ATOM,5531.0,C,ILE,379.0,97.257,1.958,-13.251,0.51,2.0,0.0
ATOM,5532.0,O,ILE,379.0,97.185,1.038,-12.427,-0.51,1.7,0.22
ATOM,5533.0,CB,ILE,379.0,95.711,1.416,-15.191,-0.09,2.275,0.0
ATOM,5534.0,CG1,ILE,379.0,95.665,1.222,-16.707,-0.18,2.175,0.0
ATOM,5535.0,CG2,ILE,379.0,94.826,2.59,-14.801,-0.27,2.06,0.0
ATOM,5536.0,CD1,ILE,379.0,94.307,0.862,-17.243,-0.27,2.06,0.0
ATOM,5537.0,H,ILE,379.0,97.792,-0.426,-14.948,0.31,0.2245,0.0
ATOM,5538.0,HA,ILE,379.0,97.542,2.487,-15.21,0.09,1.32,0.0
ATOM,5539.0,HB,ILE,379.0,95.412,0.576,-14.762,0.09,1.32,0.0
ATOM,5540.0,HG12,ILE,379.0,95.976,2.07,-17.141,0.09,1.32,0.0
ATOM,5541.0,HG13,ILE,379.0,96.312,0.494,-16.946,0.09,1.32,0.0
ATOM,5542.0,HG21,ILE,379.0,93.886,2.408,-15.084,0.09,1.32,0.0
ATOM,5543.0,HG22,ILE,379.0,94.856,2.717,-13.811,0.09,1.32,0.0
ATOM,5544.0,HG23,ILE,379.0,95.153,3.419,-15.252,0.09,1.32,0.0
ATOM,5545.0,HD11,ILE,379.0,93.655,1.588,-17.022,0.09,1.32,0.0
ATOM,5546.0,HD12,ILE,379.0,94.356,0.752,-18.236,0.09,1.32,0.0
ATOM,5547.0,HD13,ILE,379.0,93.999,0.004,-16.83,0.09,1.32,0.0
ATOM,5548.0,N,TYR,380.0,97.491,3.222,-12.922,-0.47,1.85,0.0
ATOM,5549.0,CA,TYR,380.0,97.61,3.656,-11.541,0.07,2.275,0.0
ATOM,5550.0,C,TYR,380.0,96.386,4.439,-11.082,0.51,2.0,0.0
ATOM,5551.0,O,TYR,380.0,95.819,5.22,-11.844,-0.51,1.7,0.0
ATOM,5552.0,CB,TYR,380.0,98.844,4.539,-11.374,-0.18,2.175,0.31
ATOM,5553.0,CG,TYR,380.0,100.152,3.794,-11.383,0.0,1.9924,0.0
ATOM,5554.0,CD1,TYR,380.0,100.717,3.343,-12.577,-0.115,1.9924,0.0
ATOM,5555.0,CD2,TYR,380.0,100.853,3.581,-10.197,-0.115,1.9924,0.53
ATOM,5556.0,CE1,TYR,380.0,101.95,2.703,-12.584,-0.115,1.9924,0.0
ATOM,5557.0,CE2,TYR,380.0,102.084,2.946,-10.195,-0.115,1.9924,0.0
ATOM,5558.0,CZ,TYR,380.0,102.625,2.51,-11.387,0.11,1.9924,0.0
ATOM,5559.0,OH,TYR,380.0,103.836,1.87,-11.365,-0.54,1.77,4.67
ATOM,5560.0,H,TYR,380.0,97.581,3.871,-13.736,0.31,0.2245,0.0
ATOM,5561.0,HA,TYR,380.0,97.693,2.836,-10.955,0.09,1.32,0.08
ATOM,5562.0,HB2,TYR,380.0,98.856,5.204,-12.122,0.09,1.32,0.0
ATOM,5563.0,HB3,TYR,380.0,98.765,5.023,-10.502,0.09,1.32,3.9
ATOM,5564.0,HD1,TYR,380.0,100.229,3.481,-13.437,0.115,1.3582,0.0
ATOM,5565.0,HD2,TYR,380.0,100.459,3.894,-9.334,0.115,1.3582,9.22
ATOM,5566.0,HE1,TYR,380.0,102.348,2.385,-13.444,0.115,1.3582,0.0
ATOM,5567.0,HE2,TYR,380.0,102.576,2.805,-9.336,0.115,1.3582,0.0
ATOM,5568.0,HH,TYR,380.0,104.01,1.461,-12.26,0.43,0.2245,0.0
ATOM,5569.0,N,MET,381.0,96.026,4.255,-9.817,-0.47,1.85,0.33
ATOM,5570.0,CA,MET,381.0,94.89,4.93,-9.195,0.07,2.275,0.17
ATOM,5571.0,C,MET,381.0,95.089,4.854,-7.68,0.51,2.0,0.84
ATOM,5572.0,O,MET,381.0,95.966,4.131,-7.197,-0.51,1.7,12.14
ATOM,5573.0,CB,MET,381.0,93.57,4.247,-9.593,-0.18,2.175,0.0
ATOM,5574.0,CG,MET,381.0,93.45,2.793,-9.138,-0.14,2.175,0.0
ATOM,5575.0,SD,MET,381.0,91.976,1.962,-9.765,-0.09,2.0,0.0
ATOM,5576.0,CE,MET,381.0,92.484,1.615,-11.479,-0.22,2.06,0.0
ATOM,5577.0,H,MET,381.0,96.634,3.575,-9.294,0.31,0.2245,2.17
ATOM,5578.0,HA,MET,381.0,94.909,5.886,-9.459,0.09,1.32,0.0
ATOM,5579.0,HB2,MET,381.0,92.803,4.768,-9.197,0.09,1.32,0.0
ATOM,5580.0,HB3,MET,381.0,93.481,4.273,-10.597,0.09,1.32,0.0
ATOM,5581.0,HG2,MET,381.0,94.302,2.295,-9.429,0.09,1.32,0.17
ATOM,5582.0,HG3,MET,381.0,93.469,2.775,-8.11,0.09,1.32,0.0
ATOM,5583.0,HE1,MET,381.0,93.358,2.06,-11.651,0.09,1.32,0.0
ATOM,5584.0,HE2,MET,381.0,92.572,0.629,-11.594,0.09,1.32,0.0
ATOM,5585.0,HE3,MET,381.0,91.79,1.972,-12.098,0.09,1.32,0.0
ATOM,5586.0,N,VAL,382.0,94.288,5.592,-6.926,-0.47,1.85,0.0
ATOM,5587.0,CA,VAL,382.0,94.421,5.567,-5.476,0.07,2.275,0.0
ATOM,5588.0,C,VAL,382.0,94.005,4.174,-4.981,0.51,2.0,0.0
ATOM,5589.0,O,VAL,382.0,93.218,3.481,-5.638,-0.51,1.7,0.0
ATOM,5590.0,CB,VAL,382.0,93.581,6.69,-4.806,-0.09,2.275,0.0
ATOM,5591.0,CG1,VAL,382.0,93.838,6.727,-3.31,-0.27,2.06,23.19
ATOM,5592.0,CG2,VAL,382.0,93.905,8.03,-5.425,-0.27,2.06,1.69
ATOM,5593.0,H,VAL,382.0,93.595,6.159,-7.433,0.31,0.2245,0.0
ATOM,5594.0,HA,VAL,382.0,95.38,5.698,-5.243,0.09,1.32,0.01
ATOM,5595.0,HB,VAL,382.0,92.623,6.46,-4.936,0.09,1.32,0.0
ATOM,5596.0,HG11,VAL,382.0,94.482,7.463,-3.098,0.09,1.32,4.4
ATOM,5597.0,HG12,VAL,382.0,92.978,6.89,-2.825,0.09,1.32,2.49
ATOM,5598.0,HG13,VAL,382.0,94.224,5.853,-3.014,0.09,1.32,0.29
ATOM,5599.0,HG21,VAL,382.0,94.829,8.007,-5.811,0.09,1.32,0.0
ATOM,5600.0,HG22,VAL,382.0,93.246,8.232,-6.152,0.09,1.32,0.0
ATOM,5601.0,HG23,VAL,382.0,93.856,8.744,-4.724,0.09,1.32,4.02
ATOM,5602.0,N,GLY,383.0,94.54,3.77,-3.834,-0.47,1.85,2.23
ATOM,5603.0,CA,GLY,383.0,94.245,2.46,-3.278,-0.02,2.175,18.95
ATOM,5604.0,C,GLY,383.0,92.784,2.179,-3.015,0.51,2.0,1.67
ATOM,5605.0,O,GLY,383.0,92.372,1.016,-2.961,-0.51,1.7,1.15
ATOM,5606.0,H,GLY,383.0,95.173,4.458,-3.382,0.31,0.2245,5.27
ATOM,5607.0,HA2,GLY,383.0,94.617,1.739,-3.91,0.09,1.32,1.2
ATOM,5608.0,HA3,GLY,383.0,94.772,2.344,-2.403,0.09,1.32,12.77
ATOM,5609.0,N,ASP,384.0,91.999,3.238,-2.832,-0.47,1.85,2.68
ATOM,5610.0,CA,ASP,384.0,90.571,3.096,-2.578,0.07,2.275,3.63
ATOM,5611.0,C,ASP,384.0,89.81,2.991,-3.901,0.51,2.0,0.0
ATOM,5612.0,O,ASP,384.0,88.578,3.064,-3.925,-0.51,1.7,1.5
ATOM,5613.0,CB,ASP,384.0,90.053,4.282,-1.754,-0.28,2.175,10.39
ATOM,5614.0,CG,ASP,384.0,90.079,5.602,-2.525,0.62,2.0,0.53
ATOM,5615.0,OD1,ASP,384.0,90.87,5.731,-3.479,-0.76,1.7,0.0
ATOM,5616.0,OD2,ASP,384.0,89.303,6.516,-2.175,-0.76,1.7,6.91
ATOM,5617.0,H,ASP,384.0,92.484,4.154,-2.885,0.31,0.2245,0.0
ATOM,5618.0,HA,ASP,384.0,90.437,2.227,-2.095,0.09,1.32,7.83
ATOM,5619.0,HB2,ASP,384.0,89.115,4.089,-1.492,0.09,1.32,0.0
ATOM,5620.0,HB3,ASP,384.0,90.628,4.374,-0.951,0.09,1.32,10.53
ATOM,5621.0,N,SER,385.0,90.561,2.808,-4.987,-0.47,1.85,0.0
ATOM,5622.0,CA,SER,385.0,90.037,2.698,-6.353,0.07,2.275,0.0
ATOM,5623.0,C,SER,385.0,89.359,3.971,-6.858,0.51,2.0,0.0
ATOM,5624.0,O,SER,385.0,88.409,3.924,-7.642,-0.51,1.7,0.0
ATOM,5625.0,CB,SER,385.0,89.138,1.458,-6.542,0.05,2.175,0.0
ATOM,5626.0,OG,SER,385.0,87.904,1.555,-5.856,-0.66,1.77,0.22
ATOM,5627.0,H,SER,385.0,91.595,2.747,-4.778,0.31,0.2245,0.0
ATOM,5628.0,HA,SER,385.0,90.82,2.499,-6.97,0.09,1.32,0.0
ATOM,5629.0,HB2,SER,385.0,88.96,1.345,-7.522,0.09,1.32,0.0
ATOM,5630.0,HB3,SER,385.0,89.636,0.655,-6.207,0.09,1.32,0.0
ATOM,5631.0,HG,SER,385.0,88.007,2.159,-5.067,0.43,0.2245,0.05
ATOM,5632.0,N,ARG,386.0,89.883,5.107,-6.416,-0.47,1.85,0.0
ATOM,5633.0,CA,ARG,386.0,89.382,6.414,-6.826,0.07,2.275,0.0
ATOM,5634.0,C,ARG,386.0,90.118,6.782,-8.101,0.51,2.0,0.0
ATOM,5635.0,O,ARG,386.0,91.353,6.827,-8.113,-0.51,1.7,0.0
ATOM,5636.0,CB,ARG,386.0,89.702,7.467,-5.764,-0.18,2.175,0.0
ATOM,5637.0,CG,ARG,386.0,89.124,8.846,-6.046,-0.18,2.175,0.0
ATOM,5638.0,CD,ARG,386.0,89.844,9.914,-5.246,0.2,2.175,0.23
ATOM,5639.0,NE,ARG,386.0,91.107,10.305,-5.861,-0.7,1.85,0.0
ATOM,5640.0,CZ,ARG,386.0,91.767,11.425,-5.569,0.64,2.0,0.26
ATOM,5641.0,NH1,ARG,386.0,91.294,12.272,-4.66,-0.8,1.85,10.44
ATOM,5642.0,NH2,ARG,386.0,92.894,11.714,-6.207,-0.8,1.85,3.82
ATOM,5643.0,H,ARG,386.0,90.681,4.986,-5.753,0.31,0.2245,0.0
ATOM,5644.0,HA,ARG,386.0,88.413,6.343,-7.022,0.09,1.32,0.0
ATOM,5645.0,HB2,ARG,386.0,89.335,7.151,-4.891,0.09,1.32,0.0
ATOM,5646.0,HB3,ARG,386.0,90.694,7.556,-5.701,0.09,1.32,0.0
ATOM,5647.0,HG2,ARG,386.0,89.227,9.057,-7.013,0.09,1.32,0.0
ATOM,5648.0,HG3,ARG,386.0,88.162,8.86,-5.791,0.09,1.32,0.0
ATOM,5649.0,HD2,ARG,386.0,89.247,10.711,-5.184,0.09,1.32,0.0
ATOM,5650.0,HD3,ARG,386.0,90.02,9.551,-4.333,0.09,1.32,2.34
ATOM,5651.0,HE,ARG,386.0,91.507,9.691,-6.551,0.44,0.2245,0.0
ATOM,5652.0,HH11,ARG,386.0,90.45,12.072,-4.169,0.46,0.2245,0.59
ATOM,5653.0,HH12,ARG,386.0,91.793,13.122,-4.465,0.46,0.2245,8.6
ATOM,5654.0,HH21,ARG,386.0,93.254,11.077,-6.893,0.46,0.2245,0.0
ATOM,5655.0,HH22,ARG,386.0,93.384,12.56,-6.006,0.46,0.2245,4.67
ATOM,5656.0,N,ILE,387.0,89.377,6.994,-9.183,-0.47,1.85,0.0
ATOM,5657.0,CA,ILE,387.0,89.99,7.376,-10.447,0.07,2.275,0.0
ATOM,5658.0,C,ILE,387.0,89.66,8.831,-10.745,0.51,2.0,0.0
ATOM,5659.0,O,ILE,387.0,88.743,9.393,-10.16,-0.51,1.7,0.0
ATOM,5660.0,CB,ILE,387.0,89.491,6.513,-11.633,-0.09,2.275,0.0
ATOM,5661.0,CG1,ILE,387.0,87.967,6.592,-11.741,-0.18,2.175,0.0
ATOM,5662.0,CG2,ILE,387.0,89.974,5.076,-11.485,-0.27,2.06,0.0
ATOM,5663.0,CD1,ILE,387.0,87.414,6.125,-13.075,-0.27,2.06,0.0
ATOM,5664.0,H,ILE,387.0,88.359,6.867,-9.051,0.31,0.2245,0.0
ATOM,5665.0,HA,ILE,387.0,90.978,7.329,-10.307,0.09,1.32,0.0
ATOM,5666.0,HB,ILE,387.0,89.881,6.888,-12.465,0.09,1.32,0.0
ATOM,5667.0,HG12,ILE,387.0,87.568,6.034,-11.013,0.09,1.32,0.0
ATOM,5668.0,HG13,ILE,387.0,87.692,7.543,-11.597,0.09,1.32,0.0
ATOM,5669.0,HG21,ILE,387.0,89.688,4.545,-12.281,0.09,1.32,0.0
ATOM,5670.0,HG22,ILE,387.0,90.97,5.065,-11.418,0.09,1.32,0.0
ATOM,5671.0,HG23,ILE,387.0,89.58,4.676,-10.659,0.09,1.32,0.0
ATOM,5672.0,HD11,ILE,387.0,87.672,5.172,-13.222,0.09,1.32,0.0
ATOM,5673.0,HD12,ILE,387.0,86.419,6.207,-13.066,0.09,1.32,0.0
ATOM,5674.0,HD13,ILE,387.0,87.792,6.692,-13.804,0.09,1.32,0.0
ATOM,5675.0,N,ASN,388.0,90.446,9.445,-11.615,-0.47,1.85,0.0
ATOM,5676.0,CA,ASN,388.0,90.209,10.816,-12.018,0.07,2.275,0.0
ATOM,5677.0,C,ASN,388.0,89.753,10.71,-13.459,0.51,2.0,0.0
ATOM,5678.0,O,ASN,388.0,90.505,10.239,-14.322,-0.51,1.7,0.0
ATOM,5679.0,CB,ASN,388.0,91.486,11.651,-11.942,-0.18,2.175,0.0
ATOM,5680.0,CG,ASN,388.0,91.249,13.105,-12.284,0.55,2.0,0.08
ATOM,5681.0,H,ASN,388.0,91.233,8.867,-11.976,0.31,0.2245,0.0
ATOM,5682.0,HA,ASN,388.0,89.445,11.152,-11.495,0.09,1.32,0.0
ATOM,5683.0,HB2,ASN,388.0,91.843,11.595,-11.014,0.09,1.32,0.0
ATOM,5684.0,HB3,ASN,388.0,92.146,11.274,-12.586,0.09,1.32,0.0
ATOM,5685.0,OD1,ASN,388.0,90.58,13.432,-13.265,-0.55,1.7,0.0
ATOM,5686.0,ND2,ASN,388.0,91.784,13.987,-11.47,-0.62,1.85,0.0
ATOM,5687.0,HD22,ASN,388.0,92.321,13.692,-10.676,0.3,0.2245,0.0
ATOM,5688.0,HD21,ASN,388.0,91.66,14.971,-11.636,0.32,0.2245,0.0
ATOM,5689.0,N,ILE,389.0,88.511,11.125,-13.702,-0.47,1.85,0.0
ATOM,5690.0,CA,ILE,389.0,87.893,11.091,-15.024,0.07,2.275,0.0
ATOM,5691.0,C,ILE,389.0,88.662,11.888,-16.075,0.51,2.0,0.0
ATOM,5692.0,O,ILE,389.0,88.814,11.436,-17.219,-0.51,1.7,0.0
ATOM,5693.0,CB,ILE,389.0,86.421,11.591,-14.944,-0.09,2.275,0.0
ATOM,5694.0,CG1,ILE,389.0,85.628,10.68,-14.008,-0.18,2.175,0.0
ATOM,5695.0,CG2,ILE,389.0,85.774,11.636,-16.322,-0.27,2.06,0.0
ATOM,5696.0,CD1,ILE,389.0,85.709,9.204,-14.38,-0.27,2.06,0.09
ATOM,5697.0,H,ILE,389.0,88.009,11.483,-12.851,0.31,0.2245,0.0
ATOM,5698.0,HA,ILE,389.0,87.917,10.123,-15.323,0.09,1.32,0.0
ATOM,5699.0,HB,ILE,389.0,86.436,12.5,-14.557,0.09,1.32,0.0
ATOM,5700.0,HG12,ILE,389.0,85.975,10.795,-13.081,0.09,1.32,0.0
ATOM,5701.0,HG13,ILE,389.0,84.67,10.959,-14.032,0.09,1.32,0.0
ATOM,5702.0,HG21,ILE,389.0,84.843,11.987,-16.241,0.09,1.32,0.0
ATOM,5703.0,HG22,ILE,389.0,86.304,12.235,-16.92,0.09,1.32,0.0
ATOM,5704.0,HG23,ILE,389.0,85.751,10.716,-16.709,0.09,1.32,0.45
ATOM,5705.0,HD11,ILE,389.0,86.662,8.912,-14.349,0.09,1.32,0.0
ATOM,5706.0,HD12,ILE,389.0,85.171,8.674,-13.729,0.09,1.32,0.0
ATOM,5707.0,HD13,ILE,389.0,85.346,9.08,-15.3,0.09,1.32,0.58
ATOM,5708.0,N,ALA,390.0,89.152,13.064,-15.683,-0.47,1.85,0.0
ATOM,5709.0,CA,ALA,390.0,89.908,13.934,-16.583,0.07,2.275,0.46
ATOM,5710.0,C,ALA,390.0,91.156,13.249,-17.156,0.51,2.0,0.0
ATOM,5711.0,O,ALA,390.0,91.697,13.678,-18.172,-0.51,1.7,8.91
ATOM,5712.0,CB,ALA,390.0,90.297,15.222,-15.861,-0.27,2.06,0.4
ATOM,5713.0,H,ALA,390.0,88.952,13.307,-14.69,0.31,0.2245,0.0
ATOM,5714.0,HA,ALA,390.0,89.31,14.201,-17.355,0.09,1.32,2.08
ATOM,5715.0,HB1,ALA,390.0,89.482,15.781,-15.717,0.09,1.32,0.0
ATOM,5716.0,HB2,ALA,390.0,90.708,14.997,-14.979,0.09,1.32,0.0
ATOM,5717.0,HB3,ALA,390.0,90.955,15.728,-16.417,0.09,1.32,0.0
ATOM,5718.0,N,GLY,391.0,91.605,12.183,-16.5,-0.47,1.85,0.2
ATOM,5719.0,CA,GLY,391.0,92.773,11.462,-16.964,-0.02,2.175,3.6
ATOM,5720.0,C,GLY,391.0,92.482,10.524,-18.122,0.51,2.0,0.08
ATOM,5721.0,O,GLY,391.0,93.405,10.006,-18.764,-0.51,1.7,8.59
ATOM,5722.0,H,GLY,391.0,91.062,11.926,-15.658,0.31,0.2245,0.0
ATOM,5723.0,HA2,GLY,391.0,93.49,12.128,-17.248,0.09,1.32,6.24
ATOM,5724.0,HA3,GLY,391.0,93.167,10.925,-16.193,0.09,1.32,0.0
ATOM,5725.0,N,LEU,392.0,91.2,10.301,-18.398,-0.47,1.85,0.0
ATOM,5726.0,CA,LEU,392.0,90.79,9.412,-19.475,0.07,2.275,0.0
ATOM,5727.0,C,LEU,392.0,90.679,10.108,-20.827,0.51,2.0,0.0
ATOM,5728.0,O,LEU,392.0,90.643,11.332,-20.902,-0.51,1.7,5.58
ATOM,5729.0,CB,LEU,392.0,89.462,8.73,-19.127,-0.18,2.175,0.21
ATOM,5730.0,CG,LEU,392.0,89.496,7.498,-18.212,-0.09,2.275,0.39
ATOM,5731.0,CD1,LEU,392.0,90.446,6.46,-18.79,-0.27,2.06,0.0
ATOM,5732.0,CD2,LEU,392.0,89.93,7.878,-16.819,-0.27,2.06,0.0
ATOM,5733.0,H,LEU,392.0,90.53,10.809,-17.787,0.31,0.2245,0.0
ATOM,5734.0,HA,LEU,392.0,91.478,8.668,-19.558,0.09,1.32,0.0
ATOM,5735.0,HB2,LEU,392.0,88.877,9.413,-18.679,0.09,1.32,0.0
ATOM,5736.0,HB3,LEU,392.0,89.03,8.447,-19.987,0.09,1.32,0.0
ATOM,5737.0,HG,LEU,392.0,88.58,7.115,-18.153,0.09,1.32,0.09
ATOM,5738.0,HD11,LEU,392.0,91.365,6.849,-18.858,0.09,1.32,0.0
ATOM,5739.0,HD12,LEU,392.0,90.468,5.657,-18.193,0.09,1.32,0.0
ATOM,5740.0,HD13,LEU,392.0,90.132,6.189,-19.7,0.09,1.32,0.0
ATOM,5741.0,HD21,LEU,392.0,89.29,8.546,-16.432,0.09,1.32,0.0
ATOM,5742.0,HD22,LEU,392.0,89.948,7.064,-16.233,0.09,1.32,0.0
ATOM,5743.0,HD23,LEU,392.0,90.848,8.282,-16.845,0.09,1.32,0.0
ATOM,5744.0,N,ASN,393.0,90.64,9.311,-21.892,-0.47,1.85,0.0
ATOM,5745.0,CA,ASN,393.0,90.52,9.805,-23.258,0.07,2.275,0.2
ATOM,5746.0,C,ASN,393.0,90.302,8.629,-24.196,0.51,2.0,0.0
ATOM,5747.0,O,ASN,393.0,90.379,7.472,-23.769,-0.51,1.7,0.0
ATOM,5748.0,CB,ASN,393.0,91.762,10.61,-23.684,-0.18,2.175,14.03
ATOM,5749.0,CG,ASN,393.0,93.042,9.78,-23.704,0.55,2.0,2.03
ATOM,5750.0,H,ASN,393.0,90.704,8.288,-21.661,0.31,0.2245,0.0
ATOM,5751.0,HA,ASN,393.0,89.696,10.371,-23.298,0.09,1.32,0.2
ATOM,5752.0,HB2,ASN,393.0,91.603,10.968,-24.601,0.09,1.32,6.18
ATOM,5753.0,HB3,ASN,393.0,91.882,11.362,-23.04,0.09,1.32,1.12
ATOM,5754.0,OD1,ASN,393.0,93.189,8.844,-24.492,-0.55,1.7,0.85
ATOM,5755.0,ND2,ASN,393.0,93.987,10.144,-22.848,-0.62,1.85,12.84
ATOM,5756.0,HD22,ASN,393.0,93.837,10.919,-22.232,0.3,0.2245,7.56
ATOM,5757.0,HD21,ASN,393.0,94.854,9.644,-22.814,0.32,0.2245,10.06
ATOM,5758.0,N,ASP,394.0,90.063,8.934,-25.473,-0.47,1.85,0.0
ATOM,5759.0,CA,ASP,394.0,89.813,7.931,-26.516,0.07,2.275,0.68
ATOM,5760.0,C,ASP,394.0,90.798,6.778,-26.52,0.51,2.0,0.0
ATOM,5761.0,O,ASP,394.0,90.46,5.653,-26.901,-0.51,1.7,10.13
ATOM,5762.0,CB,ASP,394.0,89.847,8.582,-27.902,-0.28,2.175,10.93
ATOM,5763.0,CG,ASP,394.0,88.529,9.227,-28.29,0.62,2.0,4.14
ATOM,5764.0,OD1,ASP,394.0,87.768,9.66,-27.394,-0.76,1.7,13.08
ATOM,5765.0,OD2,ASP,394.0,88.259,9.307,-29.508,-0.76,1.7,47.48
ATOM,5766.0,H,ASP,394.0,90.069,9.965,-25.673,0.31,0.2245,4.46
ATOM,5767.0,HA,ASP,394.0,88.891,7.539,-26.329,0.09,1.32,1.24
ATOM,5768.0,HB2,ASP,394.0,90.555,9.281,-27.895,0.09,1.32,6.48
ATOM,5769.0,HB3,ASP,394.0,90.066,7.876,-28.567,0.09,1.32,6.12
ATOM,5770.0,N,ASN,395.0,92.033,7.078,-26.144,-0.47,1.85,0.0
ATOM,5771.0,CA,ASN,395.0,93.084,6.079,-26.123,0.07,2.275,0.03
ATOM,5772.0,C,ASN,395.0,93.2,5.299,-24.821,0.51,2.0,0.0
ATOM,5773.0,O,ASN,395.0,93.481,4.103,-24.842,-0.51,1.7,4.71
ATOM,5774.0,CB,ASN,395.0,94.411,6.734,-26.495,-0.18,2.175,12.8
ATOM,5775.0,CG,ASN,395.0,94.392,7.308,-27.896,0.55,2.0,2.33
ATOM,5776.0,H,ASN,395.0,92.177,8.071,-25.872,0.31,0.2245,0.03
ATOM,5777.0,HA,ASN,395.0,92.867,5.399,-26.855,0.09,1.32,1.12
ATOM,5778.0,HB2,ASN,395.0,94.591,7.471,-25.852,0.09,1.32,1.37
ATOM,5779.0,HB3,ASN,395.0,95.128,6.046,-26.442,0.09,1.32,9.19
ATOM,5780.0,OD1,ASN,395.0,94.686,8.474,-28.106,-0.55,1.7,36.49
ATOM,5781.0,ND2,ASN,395.0,94.008,6.492,-28.86,-0.62,1.85,19.3
ATOM,5782.0,HD22,ASN,395.0,93.742,5.549,-28.648,0.3,0.2245,12.05
ATOM,5783.0,HD21,ASN,395.0,93.979,6.81,-29.81,0.32,0.2245,21.56
ATOM,5784.0,N,THR,396.0,92.949,5.96,-23.696,-0.47,1.85,0.0
ATOM,5785.0,CA,THR,396.0,93.047,5.308,-22.392,0.07,2.275,0.0
ATOM,5786.0,C,THR,396.0,91.806,4.516,-21.951,0.51,2.0,0.0
ATOM,5787.0,O,THR,396.0,91.931,3.473,-21.3,-0.51,1.7,0.0
ATOM,5788.0,CB,THR,396.0,93.426,6.325,-21.302,0.14,2.275,0.0
ATOM,5789.0,OG1,THR,396.0,92.593,7.485,-21.411,-0.66,1.77,0.0
ATOM,5790.0,CG2,THR,396.0,94.867,6.746,-21.458,-0.27,2.06,11.81
ATOM,5791.0,H,THR,396.0,92.684,6.954,-23.82,0.31,0.2245,0.0
ATOM,5792.0,HA,THR,396.0,93.838,4.658,-22.418,0.09,1.32,0.0
ATOM,5793.0,HB,THR,396.0,93.265,5.902,-20.386,0.09,1.32,0.02
ATOM,5794.0,HG21,THR,396.0,94.949,7.743,-21.363,0.09,1.32,1.13
ATOM,5795.0,HG22,THR,396.0,95.434,6.307,-20.755,0.09,1.32,0.0
ATOM,5796.0,HG23,THR,396.0,95.21,6.478,-22.364,0.09,1.32,3.01
ATOM,5797.0,HG1,THR,396.0,91.961,7.39,-22.187,0.43,0.2245,0.0
ATOM,5798.0,N,ILE,397.0,90.622,5.0,-22.329,-0.47,1.85,0.0
ATOM,5799.0,CA,ILE,397.0,89.343,4.37,-21.97,0.07,2.275,0.0
ATOM,5800.0,C,ILE,397.0,89.237,2.873,-22.269,0.51,2.0,0.0
ATOM,5801.0,O,ILE,397.0,88.836,2.096,-21.395,-0.51,1.7,0.0
ATOM,5802.0,CB,ILE,397.0,88.135,5.119,-22.624,-0.09,2.275,0.0
ATOM,5803.0,CG1,ILE,397.0,87.978,6.509,-22.002,-0.18,2.175,0.0
ATOM,5804.0,CG2,ILE,397.0,86.841,4.304,-22.488,-0.27,2.06,1.62
ATOM,5805.0,CD1,ILE,397.0,86.885,7.347,-22.641,-0.27,2.06,0.0
ATOM,5806.0,H,ILE,397.0,90.679,5.871,-22.906,0.31,0.2245,0.0
ATOM,5807.0,HA,ILE,397.0,89.257,4.47,-20.958,0.09,1.32,0.0
ATOM,5808.0,HB,ILE,397.0,88.341,5.228,-23.587,0.09,1.32,0.71
ATOM,5809.0,HG12,ILE,397.0,87.775,6.4,-21.031,0.09,1.32,0.0
ATOM,5810.0,HG13,ILE,397.0,88.847,6.994,-22.095,0.09,1.32,0.0
ATOM,5811.0,HG21,ILE,397.0,86.102,4.783,-22.954,0.09,1.32,0.15
ATOM,5812.0,HG22,ILE,397.0,86.975,3.407,-22.901,0.09,1.32,0.0
ATOM,5813.0,HG23,ILE,397.0,86.62,4.201,-21.522,0.09,1.32,0.0
ATOM,5814.0,HD11,ILE,397.0,86.01,6.876,-22.543,0.09,1.32,0.0
ATOM,5815.0,HD12,ILE,397.0,86.842,8.234,-22.186,0.09,1.32,0.0
ATOM,5816.0,HD13,ILE,397.0,87.092,7.475,-23.609,0.09,1.32,0.0
ATOM,5817.0,N,PRO,398.0,89.582,2.451,-23.505,-0.29,1.85,0.0
ATOM,5818.0,CA,PRO,398.0,89.519,1.037,-23.894,0.02,2.275,0.0
ATOM,5819.0,C,PRO,398.0,90.332,0.168,-22.941,0.51,2.0,0.62
ATOM,5820.0,O,PRO,398.0,89.842,-0.837,-22.422,-0.51,1.7,2.43
ATOM,5821.0,CB,PRO,398.0,90.147,1.046,-25.286,-0.18,2.175,17.2
ATOM,5822.0,CG,PRO,398.0,89.811,2.404,-25.803,-0.18,2.175,14.15
ATOM,5823.0,CD,PRO,398.0,90.092,3.267,-24.623,0.0,2.175,0.14
ATOM,5824.0,HA,PRO,398.0,88.563,0.723,-23.938,0.09,1.32,0.0
ATOM,5825.0,HB2,PRO,398.0,91.136,0.918,-25.229,0.09,1.32,2.47
ATOM,5826.0,HB3,PRO,398.0,89.748,0.334,-25.86,0.09,1.32,7.9
ATOM,5827.0,HG2,PRO,398.0,90.395,2.639,-26.573,0.09,1.32,6.46
ATOM,5828.0,HG3,PRO,398.0,88.854,2.45,-26.068,0.09,1.32,3.68
ATOM,5829.0,HD2,PRO,398.0,91.069,3.438,-24.51,0.09,1.32,0.0
ATOM,5830.0,HD3,PRO,398.0,89.601,4.136,-24.67,0.09,1.32,0.07
ATOM,5831.0,N,ILE,399.0,91.558,0.607,-22.678,-0.47,1.85,0.12
ATOM,5832.0,CA,ILE,399.0,92.494,-0.078,-21.798,0.07,2.275,0.95
ATOM,5833.0,C,ILE,399.0,91.914,-0.234,-20.403,0.51,2.0,0.0
ATOM,5834.0,O,ILE,399.0,91.871,-1.336,-19.86,-0.51,1.7,0.0
ATOM,5835.0,CB,ILE,399.0,93.802,0.72,-21.687,-0.09,2.275,0.0
ATOM,5836.0,CG1,ILE,399.0,94.253,1.189,-23.073,-0.18,2.175,4.53
ATOM,5837.0,CG2,ILE,399.0,94.873,-0.129,-21.047,-0.27,2.06,7.44
ATOM,5838.0,CD1,ILE,399.0,95.399,2.181,-23.052,-0.27,2.06,19.72
ATOM,5839.0,H,ILE,399.0,91.799,1.509,-23.169,0.31,0.2245,0.0
ATOM,5840.0,HA,ILE,399.0,92.605,-1.006,-22.17,0.09,1.32,1.64
ATOM,5841.0,HB,ILE,399.0,93.626,1.525,-21.133,0.09,1.32,0.0
ATOM,5842.0,HG12,ILE,399.0,94.528,0.387,-23.604,0.09,1.32,9.85
ATOM,5843.0,HG13,ILE,399.0,93.47,1.615,-23.529,0.09,1.32,0.0
ATOM,5844.0,HG21,ILE,399.0,95.715,0.402,-20.95,0.09,1.32,1.28
ATOM,5845.0,HG22,ILE,399.0,94.571,-0.432,-20.142,0.09,1.32,0.0
ATOM,5846.0,HG23,ILE,399.0,95.056,-0.932,-21.616,0.09,1.32,6.81
ATOM,5847.0,HD11,ILE,399.0,96.191,1.761,-22.611,0.09,1.32,3.01
ATOM,5848.0,HD12,ILE,399.0,95.632,2.436,-23.989,0.09,1.32,7.61
ATOM,5849.0,HD13,ILE,399.0,95.122,2.994,-22.542,0.09,1.32,0.0
ATOM,5850.0,N,LEU,400.0,91.472,0.881,-19.829,-0.47,1.85,0.0
ATOM,5851.0,CA,LEU,400.0,90.884,0.904,-18.484,0.07,2.275,0.0
ATOM,5852.0,C,LEU,400.0,89.664,-0.025,-18.365,0.51,2.0,0.0
ATOM,5853.0,O,LEU,400.0,89.534,-0.775,-17.386,-0.51,1.7,0.0
ATOM,5854.0,CB,LEU,400.0,90.508,2.346,-18.102,-0.18,2.175,0.0
ATOM,5855.0,CG,LEU,400.0,90.459,2.771,-16.625,-0.09,2.275,0.0
ATOM,5856.0,CD1,LEU,400.0,89.076,3.313,-16.285,-0.27,2.06,0.0
ATOM,5857.0,CD2,LEU,400.0,90.836,1.621,-15.695,-0.27,2.06,0.0
ATOM,5858.0,H,LEU,400.0,91.577,1.74,-20.414,0.31,0.2245,0.0
ATOM,5859.0,HA,LEU,400.0,91.582,0.592,-17.824,0.09,1.32,0.0
ATOM,5860.0,HB2,LEU,400.0,91.167,2.962,-18.563,0.09,1.32,0.06
ATOM,5861.0,HB3,LEU,400.0,89.593,2.534,-18.493,0.09,1.32,0.0
ATOM,5862.0,HG,LEU,400.0,91.141,3.48,-16.472,0.09,1.32,0.0
ATOM,5863.0,HD11,LEU,400.0,88.391,2.603,-16.446,0.09,1.32,0.0
ATOM,5864.0,HD12,LEU,400.0,89.052,3.587,-15.324,0.09,1.32,0.0
ATOM,5865.0,HD13,LEU,400.0,88.877,4.105,-16.862,0.09,1.32,0.0
ATOM,5866.0,HD21,LEU,400.0,91.765,1.315,-15.905,0.09,1.32,0.0
ATOM,5867.0,HD22,LEU,400.0,90.793,1.933,-14.746,0.09,1.32,0.0
ATOM,5868.0,HD23,LEU,400.0,90.197,0.864,-15.827,0.09,1.32,0.0
ATOM,5869.0,N,ALA,401.0,88.79,0.01,-19.37,-0.47,1.85,0.0
ATOM,5870.0,CA,ALA,401.0,87.602,-0.835,-19.387,0.07,2.275,0.0
ATOM,5871.0,C,ALA,401.0,88.009,-2.306,-19.412,0.51,2.0,0.0
ATOM,5872.0,O,ALA,401.0,87.485,-3.127,-18.65,-0.51,1.7,0.0
ATOM,5873.0,CB,ALA,401.0,86.74,-0.505,-20.6,-0.27,2.06,0.0
ATOM,5874.0,H,ALA,401.0,89.027,0.682,-20.127,0.31,0.2245,0.0
ATOM,5875.0,HA,ALA,401.0,87.069,-0.665,-18.554,0.09,1.32,0.0
ATOM,5876.0,HB1,ALA,401.0,86.525,-1.346,-21.094,0.09,1.32,0.0
ATOM,5877.0,HB2,ALA,401.0,85.893,-0.07,-20.298,0.09,1.32,0.0
ATOM,5878.0,HB3,ALA,401.0,87.238,0.118,-21.203,0.09,1.32,0.0
ATOM,5879.0,N,ARG,402.0,88.955,-2.632,-20.287,-0.47,1.85,0.0
ATOM,5880.0,CA,ARG,402.0,89.442,-4.001,-20.412,0.07,2.275,0.03
ATOM,5881.0,C,ARG,402.0,90.024,-4.489,-19.088,0.51,2.0,0.0
ATOM,5882.0,O,ARG,402.0,89.767,-5.615,-18.672,-0.51,1.7,0.11
ATOM,5883.0,CB,ARG,402.0,90.499,-4.094,-21.523,-0.18,2.175,0.84
ATOM,5884.0,CG,ARG,402.0,91.238,-5.425,-21.578,-0.18,2.175,1.53
ATOM,5885.0,CD,ARG,402.0,92.482,-5.365,-22.479,0.2,2.175,15.29
ATOM,5886.0,NE,ARG,402.0,93.437,-6.442,-22.194,-0.7,1.85,4.69
ATOM,5887.0,CZ,ARG,402.0,93.252,-7.728,-22.492,0.64,2.0,1.87
ATOM,5888.0,NH1,ARG,402.0,92.146,-8.128,-23.113,-0.8,1.85,19.08
ATOM,5889.0,NH2,ARG,402.0,94.185,-8.618,-22.177,-0.8,1.85,18.95
ATOM,5890.0,H,ARG,402.0,89.309,-1.843,-20.861,0.31,0.2245,0.0
ATOM,5891.0,HA,ARG,402.0,88.673,-4.599,-20.664,0.09,1.32,0.18
ATOM,5892.0,HB2,ARG,402.0,90.042,-3.958,-22.397,0.09,1.32,4.57
ATOM,5893.0,HB3,ARG,402.0,91.17,-3.374,-21.373,0.09,1.32,0.0
ATOM,5894.0,HG2,ARG,402.0,91.539,-5.68,-20.661,0.09,1.32,0.0
ATOM,5895.0,HG3,ARG,402.0,90.633,-6.129,-21.943,0.09,1.32,3.67
ATOM,5896.0,HD2,ARG,402.0,92.176,-5.437,-23.425,0.09,1.32,8.03
ATOM,5897.0,HD3,ARG,402.0,92.923,-4.484,-22.328,0.09,1.32,1.19
ATOM,5898.0,HE,ARG,402.0,94.302,-6.188,-21.736,0.44,0.2245,4.7
ATOM,5899.0,HH11,ARG,402.0,91.448,-7.469,-23.383,0.46,0.2245,8.35
ATOM,5900.0,HH12,ARG,402.0,92.013,-9.103,-23.313,0.46,0.2245,17.08
ATOM,5901.0,HH21,ARG,402.0,95.032,-8.315,-21.735,0.46,0.2245,13.16
ATOM,5902.0,HH22,ARG,402.0,94.046,-9.585,-22.38,0.46,0.2245,17.74
ATOM,5903.0,N,ALA,403.0,90.772,-3.625,-18.408,-0.47,1.85,0.0
ATOM,5904.0,CA,ALA,403.0,91.4,-3.983,-17.141,0.07,2.275,0.0
ATOM,5905.0,C,ALA,403.0,90.399,-4.256,-16.024,0.51,2.0,0.0
ATOM,5906.0,O,ALA,403.0,90.51,-5.252,-15.315,-0.51,1.7,0.0
ATOM,5907.0,CB,ALA,403.0,92.376,-2.906,-16.719,-0.27,2.06,0.0
ATOM,5908.0,H,ALA,403.0,90.868,-2.69,-18.85,0.31,0.2245,0.0
ATOM,5909.0,HA,ALA,403.0,91.959,-4.821,-17.282,0.09,1.32,0.0
ATOM,5910.0,HB1,ALA,403.0,92.399,-2.843,-15.72,0.09,1.32,0.0
ATOM,5911.0,HB2,ALA,403.0,93.292,-3.128,-17.056,0.09,1.32,0.0
ATOM,5912.0,HB3,ALA,403.0,92.091,-2.024,-17.098,0.09,1.32,0.0
ATOM,5913.0,N,ILE,404.0,89.43,-3.364,-15.868,-0.47,1.85,0.0
ATOM,5914.0,CA,ILE,404.0,88.398,-3.503,-14.842,0.07,2.275,0.0
ATOM,5915.0,C,ILE,404.0,87.753,-4.871,-14.989,0.51,2.0,0.0
ATOM,5916.0,O,ILE,404.0,87.687,-5.653,-14.038,-0.51,1.7,0.0
ATOM,5917.0,CB,ILE,404.0,87.312,-2.397,-14.992,-0.09,2.275,0.0
ATOM,5918.0,CG1,ILE,404.0,87.919,-1.018,-14.693,-0.18,2.175,0.0
ATOM,5919.0,CG2,ILE,404.0,86.118,-2.69,-14.088,-0.27,2.06,0.0
ATOM,5920.0,CD1,ILE,404.0,87.03,0.157,-15.069,-0.27,2.06,0.0
ATOM,5921.0,H,ILE,404.0,89.465,-2.562,-16.533,0.31,0.2245,0.0
ATOM,5922.0,HA,ILE,404.0,88.873,-3.501,-13.966,0.09,1.32,0.0
ATOM,5923.0,HB,ILE,404.0,87.006,-2.403,-15.934,0.09,1.32,0.0
ATOM,5924.0,HG12,ILE,404.0,88.122,-0.969,-13.715,0.09,1.32,0.64
ATOM,5925.0,HG13,ILE,404.0,88.78,-0.941,-15.198,0.09,1.32,0.0
ATOM,5926.0,HG21,ILE,404.0,85.415,-1.997,-14.232,0.09,1.32,0.0
ATOM,5927.0,HG22,ILE,404.0,85.749,-3.591,-14.308,0.09,1.32,0.0
ATOM,5928.0,HG23,ILE,404.0,86.412,-2.674,-13.135,0.09,1.32,0.02
ATOM,5929.0,HD11,ILE,404.0,86.174,0.097,-14.559,0.09,1.32,0.0
ATOM,5930.0,HD12,ILE,404.0,87.499,1.008,-14.842,0.09,1.32,0.0
ATOM,5931.0,HD13,ILE,404.0,86.842,0.125,-16.048,0.09,1.32,0.0
ATOM,5932.0,N,ILE,405.0,87.345,-5.175,-16.212,-0.47,1.85,0.0
ATOM,5933.0,CA,ILE,405.0,86.708,-6.445,-16.529,0.07,2.275,0.18
ATOM,5934.0,C,ILE,405.0,87.622,-7.654,-16.337,0.51,2.0,0.0
ATOM,5935.0,O,ILE,405.0,87.241,-8.646,-15.707,-0.51,1.7,10.54
ATOM,5936.0,CB,ILE,405.0,86.118,-6.397,-17.964,-0.09,2.275,0.0
ATOM,5937.0,CG1,ILE,405.0,84.71,-5.814,-17.891,-0.18,2.175,0.25
ATOM,5938.0,CG2,ILE,405.0,86.144,-7.773,-18.644,-0.27,2.06,24.24
ATOM,5939.0,CD1,ILE,405.0,84.021,-5.742,-19.199,-0.27,2.06,0.21
ATOM,5940.0,H,ILE,405.0,87.518,-4.431,-16.924,0.31,0.2245,0.0
ATOM,5941.0,HA,ILE,405.0,85.946,-6.554,-15.868,0.09,1.32,0.15
ATOM,5942.0,HB,ILE,405.0,86.681,-5.789,-18.499,0.09,1.32,0.0
ATOM,5943.0,HG12,ILE,405.0,84.175,-6.378,-17.257,0.09,1.32,0.87
ATOM,5944.0,HG13,ILE,405.0,84.781,-4.892,-17.499,0.09,1.32,0.0
ATOM,5945.0,HG21,ILE,405.0,85.795,-7.685,-19.573,0.09,1.32,1.95
ATOM,5946.0,HG22,ILE,405.0,87.082,-8.109,-18.667,0.09,1.32,0.27
ATOM,5947.0,HG23,ILE,405.0,85.572,-8.404,-18.127,0.09,1.32,8.12
ATOM,5948.0,HD11,ILE,405.0,83.934,-6.66,-19.597,0.09,1.32,0.02
ATOM,5949.0,HD12,ILE,405.0,83.102,-5.351,-19.087,0.09,1.32,0.0
ATOM,5950.0,HD13,ILE,405.0,84.541,-5.164,-19.835,0.09,1.32,0.0
ATOM,5951.0,N,GLU,406.0,88.845,-7.55,-16.838,-0.47,1.85,0.0
ATOM,5952.0,CA,GLU,406.0,89.788,-8.645,-16.726,0.07,2.275,0.07
ATOM,5953.0,C,GLU,406.0,90.168,-9.009,-15.303,0.51,2.0,0.0
ATOM,5954.0,O,GLU,406.0,90.451,-10.173,-15.016,-0.51,1.7,15.24
ATOM,5955.0,CB,GLU,406.0,91.049,-8.369,-17.535,-0.18,2.175,0.0
ATOM,5956.0,CG,GLU,406.0,91.873,-9.622,-17.734,-0.28,2.175,10.4
ATOM,5957.0,CD,GLU,406.0,91.001,-10.802,-18.129,0.62,2.0,3.45
ATOM,5958.0,OE1,GLU,406.0,90.518,-10.812,-19.279,-0.76,1.7,30.73
ATOM,5959.0,OE2,GLU,406.0,90.773,-11.693,-17.279,-0.76,1.7,34.2
ATOM,5960.0,H,GLU,406.0,89.057,-6.649,-17.299,0.31,0.2245,0.0
ATOM,5961.0,HA,GLU,406.0,89.403,-9.473,-17.192,0.09,1.32,1.43
ATOM,5962.0,HB2,GLU,406.0,90.776,-8.047,-18.415,0.09,1.32,0.58
ATOM,5963.0,HB3,GLU,406.0,91.592,-7.729,-17.037,0.09,1.32,0.0
ATOM,5964.0,HG2,GLU,406.0,92.506,-9.467,-18.463,0.09,1.32,0.76
ATOM,5965.0,HG3,GLU,406.0,92.308,-9.849,-16.888,0.09,1.32,1.82
ATOM,5966.0,N,VAL,407.0,90.181,-8.022,-14.415,-0.47,1.85,0.0
ATOM,5967.0,CA,VAL,407.0,90.539,-8.257,-13.021,0.07,2.275,0.69
ATOM,5968.0,C,VAL,407.0,89.348,-8.782,-12.197,0.51,2.0,1.22
ATOM,5969.0,O,VAL,407.0,89.486,-9.109,-11.016,-0.51,1.7,11.91
ATOM,5970.0,CB,VAL,407.0,91.178,-6.985,-12.41,-0.09,2.275,0.0
ATOM,5971.0,CG1,VAL,407.0,91.524,-7.189,-10.958,-0.27,2.06,0.0
ATOM,5972.0,CG2,VAL,407.0,92.447,-6.638,-13.17,-0.27,2.06,0.0
ATOM,5973.0,H,VAL,407.0,89.92,-7.091,-14.791,0.31,0.2245,0.0
ATOM,5974.0,HA,VAL,407.0,91.261,-8.962,-12.993,0.09,1.32,4.06
ATOM,5975.0,HB,VAL,407.0,90.494,-6.259,-12.457,0.09,1.32,0.0
ATOM,5976.0,HG11,VAL,407.0,91.608,-8.168,-10.761,0.09,1.32,1.79
ATOM,5977.0,HG12,VAL,407.0,92.394,-6.738,-10.747,0.09,1.32,0.0
ATOM,5978.0,HG13,VAL,407.0,90.806,-6.799,-10.377,0.09,1.32,0.0
ATOM,5979.0,HG21,VAL,407.0,92.958,-7.476,-13.361,0.09,1.32,0.0
ATOM,5980.0,HG22,VAL,407.0,92.206,-6.189,-14.03,0.09,1.32,0.0
ATOM,5981.0,HG23,VAL,407.0,93.007,-6.022,-12.616,0.09,1.32,0.0
ATOM,5982.0,N,GLY,408.0,88.185,-8.886,-12.832,-0.47,1.85,0.04
ATOM,5983.0,CA,GLY,408.0,87.016,-9.408,-12.149,-0.02,2.175,16.43
ATOM,5984.0,C,GLY,408.0,86.36,-8.485,-11.141,0.51,2.0,0.72
ATOM,5985.0,O,GLY,408.0,86.003,-8.912,-10.038,-0.51,1.7,21.5
ATOM,5986.0,H,GLY,408.0,88.191,-8.574,-13.816,0.31,0.2245,0.0
ATOM,5987.0,HA2,GLY,408.0,86.314,-9.684,-12.852,0.09,1.32,8.64
ATOM,5988.0,HA3,GLY,408.0,87.271,-10.289,-11.677,0.09,1.32,10.11
ATOM,5989.0,N,VAL,409.0,86.221,-7.215,-11.507,-0.47,1.85,0.0
ATOM,5990.0,CA,VAL,409.0,85.583,-6.229,-10.646,0.07,2.275,0.06
ATOM,5991.0,C,VAL,409.0,84.118,-6.126,-11.082,0.34,2.0,1.66
ATOM,5992.0,O,VAL,409.0,83.822,-6.489,-12.246,-0.67,1.7,2.65
ATOM,5993.0,CB,VAL,409.0,86.269,-4.849,-10.769,-0.09,2.275,0.0
ATOM,5994.0,CG1,VAL,409.0,85.712,-3.879,-9.743,-0.27,2.06,0.14
ATOM,5995.0,CG2,VAL,409.0,87.769,-4.993,-10.596,-0.27,2.06,0.26
ATOM,5996.0,OXT,VAL,409.0,83.279,-5.721,-10.248,-0.67,1.7,14.39
ATOM,5997.0,H,VAL,409.0,86.603,-6.991,-12.449,0.31,0.2245,0.0
ATOM,5998.0,HA,VAL,409.0,85.6,-6.566,-9.713,0.09,1.32,1.43
ATOM,5999.0,HB,VAL,409.0,86.049,-4.485,-11.669,0.09,1.32,0.0
ATOM,6000.0,HG11,VAL,409.0,84.74,-3.724,-9.921,0.09,1.32,0.0
ATOM,6001.0,HG12,VAL,409.0,85.824,-4.26,-8.825,0.09,1.32,0.86
ATOM,6002.0,HG13,VAL,409.0,86.202,-3.009,-9.802,0.09,1.32,0.12
ATOM,6003.0,HG21,VAL,409.0,88.034,-5.943,-10.766,0.09,1.32,0.0
ATOM,6004.0,HG22,VAL,409.0,88.238,-4.393,-11.246,0.09,1.32,0.0
ATOM,6005.0,HG23,VAL,409.0,88.022,-4.737,-9.662,0.09,1.32,0.0
